0 0.5254606259464916 0.6498147330192383 0.0388061585058052 0.07821702002355715
0 0.7723372034326098 0.6501214664310954 0.03975265017667847 0.07821702002355706
0 0.37730717857142854 0.9419771320180604 0.040328642857142834 0.07668100137416584
0 0.37654593639575973 0.4574928837848448 0.03975265017667842 0.07883048684727129
0 0.37661643412417967 0.5535051992540243 0.04084013730439173 0.07699960149195127
0 0.6233605957849571 0.1670844163722026 0.04025980843008584 0.07835316725559482
0 0.030839853609288235 0.9381441401648997 0.037701918223119635 0.0769900863761289
0 0.07926867743563856 0.0636471829603455 0.03896390711761737 0.07699008637612878
0 0.525472651817264 0.26318686179819395 0.039461204694598705 0.08038334275618379
0 0.7230615369762747 0.5556421329014526 0.039951948258455466 0.07575226737338041
0 0.4757936211509339 0.263187595210051 0.04074675769813228 0.08038480957989794
0 0.5744415699141847 0.4587198174322733 0.038648409893992916 0.07760355319984298
0 0.7716273346794548 0.5539605418138986 0.03927940434124173 0.07422948566941508
0 0.9202265270065624 0.9395244405182568 0.038963907117617276 0.07668335296427169
0 0.918719673523473 0.26384792873969376 0.0397361668349315 0.07863814252061245
0 0.6233259714790509 0.2639833120337652 0.03955956537102472 0.07952237593246957
0 0.5744619366481574 0.2635849619159796 0.04058212670368501 0.0805660761680408
0 0.3765179369005553 0.8448815698861405 0.04064314285714293 0.07695886022771899
0 0.5753348081776879 0.8445192695327837 0.03948839475012613 0.0774611931684336
0 0.3759613181474003 0.26239366156262267 0.041107391468955104 0.08186427640361213
0 0.723526534199899 0.8454649863564978 0.04025094825845526 0.07935262681586192
0 0.8203623510853104 0.07032915400471142 0.038945297829379145 0.07808469199057713
0 0.5740418109540635 0.06990005388692579 0.03942637809187275 0.07906689222614842
0 0.8218330955325593 0.45865050382803296 0.039047311711257034 0.07623799234393402
0 0.5264280219586067 0.5548991494895955 0.03853246996466433 0.07610670102080884
0 0.9688100757193338 0.7455490071652924 0.038957859666834946 0.0770569856694149
0 0.9203054013124685 0.7458222909305063 0.039437152953054014 0.07637661955241458
0 0.5248296314992428 0.06901501766784451 0.03785966683493182 0.07791028661170005
0 0.8711181303634528 0.6501001115037298 0.04012873927309448 0.07878777699254029
0 0.5745206866481575 0.36184812475461325 0.03975313503281167 0.07587528366705933
0 0.5253028773346794 0.16670960934432663 0.0388061585058052 0.07760355319984295
0 0.22780933518425037 0.6490276280918728 0.039793329631499244 0.07786974381625435
0 0.6729555779909135 0.5550341087553985 0.039437152953054014 0.07576315272870045
0 0.22768458657243815 0.26135762838633686 0.03891283796062595 0.07917874322732626
0 0.6242853416203937 0.6514824284452295 0.04021631675921254 0.07725814310954061
0 0.968188581272085 0.6491516280918727 0.03866136244321073 0.07689081016882603
0 0.5259745233467945 0.4583210535924618 0.03888746163553754 0.07925989281507664
0 0.5743626956082786 0.16701634275618374 0.03975265017667847 0.07760355319984295
0 0.17907942743563854 0.7459280237534354 0.039506659010600714 0.07904195249312915
0 0.37648393690055526 0.0677227535335689 0.03962865118626949 0.07900655928543382
0 0.8202414795557798 0.16624933284255985 0.04028104088844009 0.07975033431488025
0 0.12855314815749622 0.26004227826855125 0.039097714790509816 0.07838844346289756
0 0.4768916197627462 0.8454876030624263 0.03915678823826362 0.07817092658029058
0 0.42626371895507326 0.5542154326658814 0.04012208707723381 0.07719313466823714
0 0.8709145046693589 0.5542001826658814 0.039405990661282225 0.07716263466823717
0 0.9676992041898032 0.2632887119159796 0.0386290999495206 0.07997357616804078
0 0.9196809221352851 0.4579205535924617 0.039134686269560605 0.0784588928150765
0 0.5260801490408884 0.7488920237534354 0.039098713023725244 0.08006221790341596
0 0.673902069661787 0.8450505496662739 0.03975265017667847 0.07852375343541418
0 0.86997501022211 0.2641342954456223 0.04005097955577992 0.07859740910875541
0 0.5265648662291771 0.8447438162544169 0.03754416961130746 0.07791028661170005
0 0.1784256802120141 0.4557712698272477 0.03946115345784959 0.07906805987436197
0 0.9681032306915698 0.4573395170789164 0.037859666834931915 0.07791028661170005
0 0.17809818273599193 0.35903145857872004 0.040699141847551724 0.07821702002355711
0 0.4755952454568399 0.45866857018060453 0.040034509086320065 0.07934145916764823
0 0.8223140941443714 0.8444758530624263 0.039693811711257 0.07860129387514715
0 0.8209323496971227 0.26326472850412247 0.03976979782937917 0.07869867569689824
0 0.4754950065623423 0.5544282993718099 0.039518534073700144 0.07577846760895172
0 0.771808947501262 0.2641981953278366 0.040904618879354 0.08056560934432665
0 0.96704152356263 0.16591625914122898 0.03762923591879874 0.07785725326479016
0 0.22785809351337705 0.16369626590106007 0.039890846289752625 0.07832500137416569
0 0.7225326612821806 0.26419967873969374 0.040156185764765186 0.07934164252061245
0 0.12875076968702676 0.06559428670985472 0.03917746062594649 0.07843042658029054
0 0.12904377107521453 0.8415490692972124 0.03850147450782434 0.07642852728700442
0 0.5753114324835941 0.6502030113859442 0.0391261461383139 0.07899357675696904
0 0.17888692579505297 0.8427500490773459 0.03975265017667845 0.07760355319984293
0 0.6725757535335688 0.16823276648998822 0.03993949293286211 0.07880946702002355
0 0.5744413095658758 0.5547871494895955 0.03959438086824828 0.07588270102080881
0 0.9193121651943463 0.1670184329603455 0.038712669611307454 0.07944813407930902
0 0.37672030981827365 0.6493290113859442 0.04073239146895514 0.07908597722811143
0 0.47642711837455837 0.7482625071652925 0.04043626602725909 0.07941665155084414
0 0.9691689472488642 0.8430980195327836 0.03809811660777374 0.07768602728700437
0 0.4755099940686522 0.06933618718099724 0.03923301186269568 0.0785526256380055
0 0.7222520191822311 0.45825971731448756 0.038648409893992916 0.07729681978798587
0 0.17762493690055525 0.16256870828425599 0.04006814740030288 0.07913722025912841
0 0.7723504447248865 0.7466269905771495 0.040094629984856106 0.07675908519827246
0 0.8218970941443714 0.6503259616215155 0.038859811711257006 0.07739907675696904
0 0.8695980129984856 0.06990830388692579 0.04055897400302888 0.07908339222614841
0 0.42559109048460375 0.0688405704750687 0.04003881903079259 0.07817485904986257
0 0.1779370600706714 0.2603514115626227 0.04006139929328624 0.07962017687475462
0 0.968799198637052 0.9389661148409895 0.03862060827864724 0.078634035728308
0 0.4260269661786976 0.263042595210051 0.041226067642604745 0.08009480957989791
0 0.7229334112821807 0.7469727571652925 0.03969569687026748 0.07622368472713001
0 0.47581862253912166 0.3619251247546132 0.03985026880363454 0.07541581684334507
0 0.8215740983089349 0.5539184492540242 0.038529317264008156 0.0759857010208087
0 0.724452778647148 0.9426044489595604 0.04021045381120649 0.07670870160973702
0 0.4260998377082282 0.16547096613663134 0.03979432458354368 0.07880706772673732
0 0.92039804088844 0.6500511115037299 0.03993792932862194 0.07684937652139782
0 0.1779404341241797 0.5513533078131134 0.039437152953054014 0.07514968590498622
0 0.6238153430085814 0.45977235394581856 0.039907313982836916 0.07664129210836279
0 0.67449599659263 0.9433985324892029 0.0403095095911156 0.0770699350215938
0 0.32567200908632005 0.26317726737338043 0.03927940434124178 0.07791028661170005
0 0.8710878344270571 0.8435168826069885 0.03849066128218073 0.07606988614055755
0 0.6246788416203937 0.8438885361209265 0.04005682508833916 0.078653593639576
0 0.919550666582534 0.3624316241656851 0.03918967238768311 0.07520188201806045
0 0.031077697248864215 0.06484903670985472 0.03786210827864716 0.07693992658029052
0 0.5263282433114589 0.9422850412249705 0.03927940434124184 0.07545641931684344
0 0.9682609793033821 0.5533470749901845 0.038490661282180635 0.07422948566941498
0 0.7719765662544169 0.45822388712210443 0.03997786749116605 0.07538475893207695
0 0.47663743059061076 0.9427451413427561 0.03927940434124178 0.07699008637612871
0 0.7708925718071681 0.07052065400471143 0.04001835916203943 0.07846769199057714
0 0.722804139323574 0.6504281998429524 0.040068147400302935 0.07699008637612881
0 0.12832849570923774 0.5513533078131135 0.03864840989399294 0.07637661955241458
0 0.3764564341241797 0.747605623871221 0.040520137304391766 0.07871635178641531
0 0.3260647791519435 0.3597658741656851 0.03880295557799092 0.07661851707891637
0 0.8206019809439676 0.3621803415783274 0.03974005477031812 0.07469931684334509
0 0.5755689297072185 0.748121623871221 0.03964114058556285 0.0779079513152729
0 0.8699835941443714 0.3622521594032195 0.03912165572942956 0.07484295249312915
0 0.17846642743563856 0.06612365341578326 0.039858145128722884 0.07887569316843344
0 0.2278707136547198 0.4563627200628189 0.03960058934881369 0.07779709305064776
0 0.32634627776375563 0.55379329937181 0.03905045557799092 0.0757354012563801
0 0.27758311862695606 0.26152264497447975 0.040905762746087856 0.08073571005104042
0 0.6736123778394749 0.7473915906949352 0.03980426097930346 0.07522095131527301
0 0.8713105032811711 0.7459872239890065 0.03956699343765787 0.07547955202198656
0 0.771154088844018 0.36317235963879074 0.039910398788490654 0.07422948566941502
0 0.27676993942453304 0.06702125049077345 0.03896390711761737 0.07883048684727129
0 0.17778268551236748 0.6467473989006675 0.03912165572942958 0.07637661955241458
0 0.47576949406865215 0.16584519954848842 0.039752011862695676 0.0783286009030232
0 0.6724160090863202 0.07043840400471141 0.0396200040383646 0.07830319199057713
0 0.9668303320799936 0.06903365100594798 0.038468841848023565 0.07610715281676445
0 0.2778964929328622 0.8438232363564978 0.03963952801615344 0.07790952728700438
0 0.6234225138818777 0.5544206419316843 0.03975265017667847 0.07453621908127209
0 0.622594352725896 0.0699553038869258 0.04030480843008582 0.07856392540243422
0 0.87007801022211 0.4580769368865331 0.038994990661282106 0.0781581925795053
0 0.42617821201413425 0.45789680359246165 0.039635575971731486 0.07841139281507652
0 0.12867989676930844 0.3575332574597565 0.03998220646138316 0.07767448508048685
0 0.32753815068147396 0.9410488820180605 0.03922572084805651 0.07666490184530812
0 0.7218272869762745 0.07040768718099724 0.03969192882382637 0.07885522516686297
0 0.1285067738515901 0.6477981612681586 0.039320463402322085 0.07725121063996868
0 0.030796077107521455 0.3575344908716136 0.03824535966683493 0.07645001825677268
0 0.3262509034578496 0.6488159947978013 0.03917520418980312 0.07683301040439734
0 0.6735163778394749 0.6513914284452296 0.03992775820292777 0.07707614310954063
0 0.7732876877839475 0.9425967653121319 0.04070712720848064 0.07730680113859457
0 0.32619128470469455 0.16565696613663133 0.03937146390711759 0.07979253455045152
0 0.4270102120141342 0.8449058198861404 0.03940659262998482 0.07700736022771901
0 0.3264806562342251 0.7468362903415783 0.03900371529530544 0.07779115155084405
0 0.6726780049217567 0.264145845210051 0.039828498485613296 0.07862050863761287
0 0.2771643109540636 0.35933819199057715 0.03975265017667847 0.07514968590498627
0 0.9205695395002523 0.843042419414998 0.039649932104997475 0.07696136022771889
0 0.2780319283190308 0.940751374165685 0.04054139323573952 0.07606988614055746
0 0.07926867743563856 0.3571910581075775 0.03864840989399294 0.07760355319984293
0 0.07958099179707219 0.25914707803298 0.04021953028773346 0.08027884393404006
0 0.2771016200151438 0.6481865279740872 0.04057375996971224 0.07802794405182577
0 0.3764670620898536 0.1651759422850412 0.03927940434124184 0.07699008637612878
0 0.6246056284704695 0.9416715744012563 0.039910398788490654 0.07791028661169995
0 0.5255910233467945 0.36259820828425593 0.039066953306410974 0.074921583431488
0 0.624290131246845 0.7475093246957204 0.039910398788490654 0.07606988614055755
0 0.2773604998738011 0.16387641578327442 0.04046052523977797 0.07868530113859441
0 0.326561400681474 0.8441298364742833 0.03853420974255428 0.07606886022771883
0 0.03048657988389702 0.45519625323910473 0.03857285689045937 0.07853149352179035
0 0.030535075719333678 0.6464423277385158 0.0380388541140838 0.07822034452296824
0 0.22811296226653202 0.35926882440125635 0.03945409212518925 0.07623788437377306
0 0.17928129732458353 0.9398311739301137 0.03833291267036848 0.07484295249312901
0 0.030682104997476017 0.7438285237534353 0.03770191822311963 0.07791028661169995
0 0.9678824555779909 0.36119464134275614 0.0389956027258959 0.07579525049077349
0 0.029341241797072183 0.25796279937180994 0.03912165572942958 0.07975068708284253
0 0.03063657710752145 0.8410163524734982 0.03824185689045936 0.07720349411071857
0 0.8716017560575466 0.941205715547703 0.039834001766784456 0.07697856890459359
0 0.3260446576224129 0.06739763682764036 0.03876271251892978 0.07896979269729093
0 0.7736271863957597 0.8449282861209264 0.04075512998485615 0.08073309363957588
0 0.9197532811711258 0.5544206419316843 0.039594901564866294 0.07453621908127209
0 0.6235423443967691 0.362688708284256 0.03999231120646139 0.07510258343148803
0 0.7705230943967694 0.16670960934432663 0.039910398788490654 0.07944395367098546
0 0.12817074709742554 0.7445953572830781 0.03896390711761737 0.07699008637612881
0 0.07873399596163554 0.7444486902237927 0.04041852195860677 0.07915061955241458
0 0.4755827482332155 0.6504377116215155 0.039063022968197865 0.07700910993325492
0 0.0302922069661787 0.5512483657243816 0.038184111055022715 0.07555326855123685
0 0.12878451968702676 0.16263491578327444 0.0392449606259465 0.07865616843345115
0 0.869589222614841 0.1657894091087554 0.04022589601211511 0.08005742049469965
0 0.2271580010095911 0.5525802414605417 0.03849066128218071 0.07514968590498622
0 0.42661196340232205 0.6501551280918727 0.03987208430085819 0.0770574096976835
0 0.4260790005047955 0.3610252257557911 0.039437152953054014 0.07545641931684334
0 0.5750725643614337 0.943818708284256 0.03896390711761737 0.07606988614055746
0 0.4265522463402322 0.9421316745190419 0.039437152953054014 0.07637661955241468
0 0.37621831259464916 0.3608526579308991 0.04067488869257956 0.0769516841382018
0 0.22768633518425035 0.06708665341578327 0.039231832407874784 0.07957475952100511
0 0.9186186693589097 0.07012578729878287 0.03921866128218079 0.07829142540243422
0 0.12886139676930844 0.455614669709462 0.0400297092377587 0.07814139281507648
0 0.07940099318525998 0.16290778248920293 0.040175030287733456 0.07920190184530819
0 0.22826695671378094 0.843276152826855 0.03850009212518933 0.07804229387514727
0 0.2770854366481575 0.7461290243423636 0.03927940434124178 0.07699008637612881
0 0.07911092882382635 0.6473608657243817 0.03833291267036851 0.07883048684727129
0 0.8222646390711761 0.9424384079308991 0.039594901564866294 0.07514968590498622
0 0.7213799168349317 0.16723769954848838 0.04069017188288738 0.080500134079309
0 0.07918980312973246 0.9389109736945424 0.03754416961130742 0.07668335296427169
0 0.7219365219586067 0.36179205928543384 0.03959490156486619 0.07453621908127209
0 0.07884799179707218 0.5510352152532391 0.039700021958606765 0.07696736808009429
0 0.1288017415446744 0.9395244405182568 0.038963907117617345 0.07606988614055746
0 0.32655103470469465 0.45699572006281897 0.03977546668349322 0.07844962622693355
0 0.03063107571933367 0.16150543237141735 0.03886184856133266 0.07762413525716526
0 0.22766833657243818 0.746030640459364 0.04014232685512371 0.0786337190812721
0 0.42639449772842 0.7475093246957204 0.04006814740030288 0.07975068708284253
0 0.27700656234225135 0.4565726835492736 0.04038364462392729 0.08005742049469959
0 0.2776999915446744 0.5526143325480958 0.03924652523977785 0.07583133490380846
0 0.8218702675416456 0.7459756576364349 0.0388061585058052 0.07729681978798592
0 0.6731322521453811 0.45891138712210433 0.04010599848561327 0.07737322575579113
0 0.07918036471479051 0.8409389691794268 0.039102778899545686 0.07643526069886133
0 0.2291298586572438 0.9409047408716135 0.037701918223119635 0.07576315272870045
0 0.0786859987380111 0.45622822006281893 0.039376035840484595 0.07814155987436194
0 0.6727978293791014 0.36255889281507653 0.03975265017667847 0.07422948566941502
1 0.07839939045936395 0.5479253046721633 0.005682289247854617 0.012070474283470745
1 0.6673414174659262 0.7450311629367883 0.007442354366481498 0.008023657636434953
1 0.5160627094901564 0.5586402057322339 0.0033364689550731035 0.006590809579897833
1 0.8175229969712267 0.7530568145857871 0.004593077233720269 0.009149425402434314
1 0.4244187224886421 0.27258256910090295 0.00521353937405346 0.008795403612092694
1 0.3235868090610802 0.4686323278366706 0.005274640333165083 0.01483585473105621
1 0.7685337246340233 0.6458800504515115 0.0031899964664310076 0.013083833137024017
1 0.37119071403331655 0.5530505884373773 0.009763953054013084 0.0091815086376128
1 0.6684935306663301 0.9421846716725559 0.0089240946491669 0.01247007557911238
1 0.42379611761736496 0.8559478109540635 0.004565765774861116 0.01010575225755793
1 0.47462300315497225 0.6568319183352963 0.00797257016658252 0.0077437016097369315
1 0.4234253634528016 0.6574400018649391 0.008146749116607717 0.011435269140164905
1 0.5179414525492175 0.3633760477031802 0.004311441191317503 0.010635026698076169
1 0.7111754745078243 0.26448925157047504 0.006220479555779994 0.006578033961523368
1 0.3199515660020191 0.17300900638005495 0.0065506792024230265 0.0054984772281115
1 0.03372157508833923 0.8500283263643502 0.009853669611307422 0.010288851786415303
1 0.07660502448258455 0.07603569424813507 0.0032765739525492266 0.015405054377699247
1 0.12422066696113072 0.938691387907342 0.004271942200908642 0.012095041224970515
1 0.0771058862948006 0.8506183263643502 0.010162280918727921 0.009108851786415368
1 0.7167014439676931 0.9473586224970552 0.008419424028268552 0.013164576756969026
1 0.9631095607155337 0.9499079302939893 0.0031862945814909592 0.007998547226429132
1 0.5209384400555275 0.9440235887318416 0.0036809189803130543 0.016153843345111853
1 0.916104188162544 0.5476280546721634 0.0036699679454821016 0.013278441107184827
1 0.0814689939424533 0.15818635473105613 0.005853026754164579 0.014285908519827225
1 0.7698198350580515 0.27883573674911655 0.004719239525492063 0.006718004318806425
1 0.03278583480565371 0.553224438555163 0.007623686269560829 0.012514609344326563
1 0.024712239651691066 0.4547037259521005 0.010835490408884398 0.013860117785630146
1 0.03153683758202928 0.6543398513937966 0.010121680716809687 0.009047034550451588
1 0.1772108205451792 0.751690513643502 0.008084668854114086 0.00820122634471924
1 0.7663163544926805 0.9363301876717705 0.006362747854618788 0.01068277345897132
1 0.5190734483846542 0.2665674518060463 0.004886924533064071 0.010396702198665113
1 0.8662116727662796 0.46319986042402816 0.004388870519939303 0.017725720848056545
1 0.22454186231701162 0.7483572132901452 0.009018244068652186 0.0075062251668630686
1 0.3259481694851086 0.8514605100117786 0.007808355628470461 0.011718752257557795
1 0.3720932154215043 0.840938558598351 0.007958950277637555 0.010677849430702737
1 0.1761477045683998 0.2609439678052611 0.005162945229681957 0.012441667844522965
1 0.27763350479555776 0.9514343227326263 0.007895534578495754 0.011147844522968242
1 0.5712550853104492 0.35796658029053785 0.009370192831903117 0.013478892815076587
1 0.12377505931347806 0.4556377093639576 0.007687135285209479 0.007697883195916688
1 0.37638969321049975 0.6600013353945818 0.009777403079252877 0.009379936199450236
1 0.7137817106259464 0.16516530555555553 0.007948946239273117 0.015051210639968601
1 0.07645189323573953 0.45189602571652915 0.007684300353356896 0.016408184138201873
1 0.12628330237253912 0.07544324401256379 0.005194626956082768 0.008614886140557523
1 0.6237643590358404 0.26886663545347467 0.006888243059061035 0.009479135846093426
1 0.47069978230691567 0.06456117589320769 0.007616084048460437 0.009521150372987829
1 0.4667979204946996 0.16874533932076952 0.009425360424028334 0.010345010404397318
1 0.7174051967440687 0.46306289360031405 0.008273907370015161 0.008184185316058072
1 0.2767575145128723 0.7546273975265018 0.005230554013124688 0.009075593639575885
1 0.22841159982332154 0.5587580060855909 0.0066422218576476354 0.015557211228896663
1 0.5697614707218576 0.746064996466431 0.007624963654719912 0.009023324695720387
1 0.32739440976779405 0.9477274056733412 0.009648333417465947 0.010586609933254701
1 0.9648088597930338 0.8491295597762072 0.005957747349823299 0.015153719081272103
1 0.8606171908127208 0.8372893583627796 0.0064284149419485456 0.01306851531213186
1 0.17871044068652198 0.8396156918924225 0.007293909136799595 0.010256248723988904
1 0.22669348384654217 0.07301184354142126 0.005661492680464392 0.008569952493129172
1 0.5236668018677434 0.6519559349234392 0.006111625946491728 0.013814867491166201
1 0.8676399130489652 0.9341177374361993 0.006264848308934846 0.012653806635257206
1 0.2764811374305906 0.8509412102473498 0.00704529707218572 0.01766508637612881
1 0.6193701243059061 0.3696356318217511 0.00463430969207457 0.015292929524931232
1 0.6181882569409389 0.46044376030624257 0.00794453609288226 0.02017058696505705
1 0.3238874222614841 0.7483423299960739 0.010667861181221585 0.00937639222614835
1 0.8678707859666834 0.2645273682764036 0.006434096920747224 0.013249935610522208
1 0.42681772665320544 0.4581651264232431 0.007040972741039856 0.01491238555162935
1 0.8206884900302878 0.6523028513937966 0.00961999116607767 0.016188368669022266
1 0.5155224634023221 0.15766097369454257 0.006309944472488687 0.013496270121711814
1 0.5743551998990408 0.4577713598351001 0.007902422009086304 0.012632584609344218
1 0.6658220501009591 0.6541446849234394 0.005433133518424934 0.014958568904593485
1 0.38002341961130737 0.46381686042402825 0.008188900302877349 0.012197453082057268
1 0.8179496296062595 0.4629659937180997 0.007210281423523363 0.013285719670200239
1 0.07986512518929834 0.9344272042599134 0.008429769813225641 0.013875273458971351
1 0.963891982710752 0.7384538454063604 0.010630976527006704 0.011362823517864168
1 0.2751782617364967 0.2666372521594032 0.0058650817768803876 0.018232170200235584
1 0.47244102814235234 0.5575462726737338 0.004449089601211499 0.017367211228896826
1 0.5691735950277637 0.2736558694542599 0.008800715042907623 0.013396937966234743
1 0.3783523133518425 0.9558141900274832 0.007429648914689529 0.011590112288967447
1 0.5202923129732459 0.07299939448370632 0.003711184250378555 0.017183386140557512
1 0.8682325304139323 0.558081205732234 0.009496574709742588 0.010776143698468625
1 0.770827087834427 0.7595731155280722 0.004913214538112039 0.01636122870043197
1 0.1259418023725391 0.35437373017275225 0.005877626956082769 0.015756858460934393
1 0.027763608404846037 0.736887462112289 0.007256730691569915 0.013882123282292842
1 0.03226871188793539 0.9453037557911267 0.00708044598687531 0.020955111111111157
1 0.623026400681474 0.9511588707302707 0.0077261986370520015 0.01590725853945803
1 0.028865347299343765 0.06691911012956418 0.008839219586067643 0.02259581978798587
1 0.7114527245078244 0.07664352777777776 0.006296974003028818 0.016643254613270517
1 0.27419689992428065 0.6561347021005103 0.004041838717819195 0.01772666961130752
1 0.422293867617365 0.07262484354142128 0.008832254669358924 0.012411286611700026
1 0.5700544637809187 0.6514619011582253 0.008931960878344216 0.01418946819787988
1 0.9157805763503281 0.8526575106007065 0.00463268879353862 0.02036715390655688
1 0.4236256134528016 0.9512763399096976 0.008377243563856648 0.02005234570082454
1 0.36704523346794543 0.17186777296819786 0.010167483594144398 0.01146174499411074
1 0.12758916279656737 0.7420676967020022 0.009523845027763754 0.021925658814291437
1 0.2295117199646643 0.4594122603062427 0.006019467693084276 0.01977971967020014
1 0.6688017834427057 0.46365934383588536 0.00893858354366474 0.014966353553199812
1 0.42387546693589095 0.5483397217314486 0.016711458859161966 0.02044364252061243
1 0.7694777204694598 0.3695713320573223 0.004772474255426674 0.017875396348645444
1 0.18052893791014638 0.4597627768943855 0.004287909136799633 0.018465219670200303
1 0.22775935121150934 0.853271160482921 0.007000227410398781 0.016685986847271295
1 0.4697914093891973 0.36633878111503726 0.009432829883897093 0.009003827640361202
1 0.42341111622917715 0.3608020477031802 0.008175243563856632 0.02253116175893203
1 0.6694707765017668 0.558394922555948 0.01107106688541139 0.012602577345897141
1 0.8168676337708228 0.355020263349038 0.007796786976274563 0.015690725755791123
1 0.32793578685007574 0.6563594189242244 0.004779612569409407 0.021571503729878334
1 0.37178608972741045 0.7585170148213584 0.009204196113074202 0.012338761876717699
1 0.27399802561837455 0.35739231370239494 0.006017073447753672 0.017694760109933264
1 0.13249490030287733 0.6525494515115822 0.004444828369510339 0.01876250255202204
1 0.9178864381625442 0.9463498393207695 0.004837926299848659 0.019476410875539762
1 0.6628258167592125 0.26349908510011777 0.004484661282180623 0.01653343561052218
1 0.5203729345027766 0.746734530231645 0.009859885663805962 0.017499726344719312
1 0.026864601463907116 0.16628157273262661 0.012525214033316507 0.018339877699253996
1 0.9172381881625442 0.7482845634079309 0.010551387430590406 0.008264991755005724
1 0.3723370897274104 0.07148721024734983 0.008102196113074202 0.013459619552414604
1 0.5722357026754166 0.17709397379269728 0.01087942756183732 0.01266521299568119
1 0.9595803792276626 0.6540035682175108 0.007896283442705558 0.014013868669022322
1 0.1770865705451792 0.35499819640753827 0.009279660524987398 0.009600191401649028
1 0.7624270037859666 0.07350821083627797 0.004676532559313427 0.016165753435414227
1 0.6240999736244321 0.8468055929524931 0.008740991670873248 0.01489391813898698
1 0.47279502536597684 0.8418140260109933 0.006265072942958076 0.020582784255987363
1 0.3269402826855124 0.35841946358460935 0.012134073700151404 0.013800059874361972
1 0.3275377924028269 0.5570368727915193 0.005891098687531533 0.021453345111896362
1 0.3704589723624432 0.2670943688653318 0.007125972488642113 0.017317936788378476
1 0.2255024866229177 0.3690875317039654 0.007412492680464463 0.014548729289360018
1 0.4744208899545684 0.4665470944248135 0.0077458021201412715 0.01777938790734199
1 0.8155576434881372 0.5511838218492343 0.005053314740030247 0.01720930957989797
1 0.12575842390206968 0.17337539026305457 0.008137367238768256 0.0207158468786808
1 0.22661559982332152 0.6541633348056537 0.011496210752145356 0.013080868669022373
1 0.8679844116607773 0.06965816048292107 0.007468834427057048 0.014050384962701216
1 0.4265452211004543 0.17282525638005497 0.01042545885916206 0.010160244994110723
1 0.46912741771832406 0.2699735027483313 0.004766365976779444 0.021375138201806067
1 0.7180835710499748 0.8522114774244208 0.005655169863705112 0.021259220259128356
1 0.2765491388187784 0.5646078739693757 0.005016310954063588 0.019807612877895526
1 0.8178403796062594 0.27421303651354534 0.0071132841998990315 0.017803805261091474
1 0.7634231225391217 0.550769905378877 0.00552377006562332 0.021717943462897595
1 0.9142392089853609 0.4622058444248135 0.005506942958101847 0.025234954259913657
1 0.1748227045683998 0.15624192108362778 0.009705928571428579 0.013267041224970563
1 0.7200854342503784 0.7478738969375736 0.007014896264512974 0.017061393404004675
1 0.17818531915699137 0.5611975730270907 0.008028654972236256 0.014358878288182176
1 0.9537522826855124 0.07331972742442087 0.008194576476526955 0.018996587553985082
1 0.8657992942958103 0.35903048076168037 0.007422108026249268 0.017485760109933215
1 0.5199791928319031 0.45274920936395757 0.005283916203937419 0.020836485080486866
1 0.9620251139575969 0.45993417677659987 0.010894244573447662 0.014441618963486391
1 0.870475645002524 0.6549490848056536 0.009111809439676932 0.011509368669022437
1 0.6193018756940939 0.0777823778955634 0.009503265270065647 0.015592488025127606
1 0.8173987553003533 0.16123577179034157 0.008627527258960198 0.01493520946211229
1 0.7234989162039375 0.5563513390263054 0.009337351842503644 0.013008943462897566
1 0.8172136282180716 0.0650674928347075 0.009313278647147882 0.012802784255987427
1 0.12994564891468952 0.5550303887907342 0.011751811711256948 0.013810443462897441
1 0.12997027322059565 0.2639766016882607 0.010756071428571445 0.015578402434236298
1 0.22676784982332154 0.2659635519238319 0.00992972185764765 0.01099103513937965
1 0.22905946302372537 0.1729031900274833 0.010078953811206454 0.014298645465253241
1 0.9162858166330135 0.165168688849627 0.010247649924280669 0.009523242638398112
1 0.5724152082281676 0.06756526001177857 0.006103455325593136 0.021303520023557114
1 0.7183711939676931 0.6595321861012957 0.004764426804644119 0.020747170789163622
1 0.6191312486118121 0.17499154014526894 0.010160016658253467 0.011962345700824488
1 0.18073030666330137 0.6559095853945818 0.007040143866733953 0.019403836670592766
1 0.9634019924280667 0.27104568639575977 0.004354520949015393 0.02352503867294849
1 0.03031546744068652 0.26346065204161756 0.008778454316002016 0.02151803631723591
1 0.1788031865219586 0.07828547801334904 0.009947892478546194 0.017040155084413033
1 0.9162828117112569 0.26471093443266586 0.008676173649671881 0.016563604240282703
1 0.9122553346794546 0.3526518966431095 0.007581708228167676 0.017360125049077406
1 0.6216787416708732 0.6542524183352963 0.009481991670873262 0.015970035728307783
1 0.32354904795557793 0.07277194365920692 0.011344609793033809 0.01273055319984294
1 0.27376065270065625 0.0787704448370632 0.005545327612316951 0.020364489202983886
1 0.1335503864209995 0.8463625763643501 0.009274795053003514 0.017006884962701245
1 0.6720630167844522 0.841248859540636 0.007779569661786922 0.021099650372987788
1 0.2757445734477536 0.17100387711032586 0.006625441696113096 0.01932420494699648
1 0.6736566397021706 0.07067492707106399 0.005223318273599123 0.018151520023557133
1 0.8169198052751135 0.8462885236552806 0.011237389449772803 0.020879952689438614
1 0.27976716304896515 0.4501312819002748 0.0029972236244321135 0.007668335296427149
1 0.17801930843008582 0.932316205339615 0.0058366986370519975 0.007054868472712922
1 0.2310228419989904 0.9405980074597566 0.0026817264008076537 0.011962603062426346
1 0.3174690812720848 0.270385502552022 0.005205704189803128 0.007668335296427149
1 0.3776501766784452 0.3620987926972909 0.0034704694598687524 0.01073566941499804
1 0.5656865219586067 0.5561076756968983 0.005047955577990949 0.005521201413427552
1 0.47679517920242304 0.9524072438162543 0.003943715295305289 0.008588535531998391
1 0.5719964664310954 0.8530256183745583 0.003785966683493212 0.006748135060855907
1 0.6712203432609792 0.3627122595210051 0.005047955577990949 0.0052144680015704875
1 0.8135095911155982 0.9517937769925401 0.00410146390711757 0.007975068708284164
1 0.9101306158505804 0.06916838437377307 0.004259212518929952 0.009508735767569682
1 0.9630552751135789 0.1601148409893993 0.002839475012619833 0.011042402826855128
