0 0.7749516265979126 0.5416994489704676 0.035298853321271716 0.07354573470604314
0 0.4779440471926966 0.6356884016340238 0.038779012131703865 0.07628417121718574
0 0.05322240032030097 0.15403637048571164 0.03322601015004855 0.06873694270508743
0 0.0994659409717233 0.1541272722687647 0.03375228974462135 0.06793342994770438
0 0.5283752194145995 0.0586763514986661 0.03593556117080089 0.06769029700266778
0 0.3762416435341311 0.7331907369445587 0.03828771293173785 0.07718152611088253
0 0.32762144906327423 0.6324063416892264 0.03650663445893685 0.07366131662154739
0 0.4782561640463252 0.4375575983659759 0.03790388494154365 0.07562706856200467
0 0.17612018677788593 0.9255119139443196 0.036874798132296126 0.07656519762612661
0 0.6245748849855873 0.060325509660410705 0.03516723002882503 0.07049595516441237
0 0.3770074837584854 0.6325455126083539 0.03832003248302907 0.0754176329450366
0 0.48002157820229124 0.057305535175176905 0.03643684359541742 0.06888992964964619
0 0.380703908250983 0.2440956777449065 0.037716290015131056 0.07149861899542079
0 0.5789347541098107 0.7383362713745902 0.03834670481457271 0.07811208989779815
0 0.4772340789738374 0.7362295885565362 0.039358223557208756 0.07833264771739157
0 0.05637272425191262 0.06156204155386847 0.033779107906504846 0.0700130699808603
0 0.577448887256182 0.24588375682577884 0.03712422548763587 0.07261148634844242
0 0.5287121364518375 0.24504940129716887 0.0366093952452767 0.07242074977645636
0 0.4272135021609538 0.6345479080127154 0.03802499567809215 0.07646647478329209
0 0.5282203688537136 0.9385931345874357 0.03862458184386399 0.07513878185466104
0 0.5280790123366166 0.737088869591537 0.0380919753267669 0.07709526081692573
0 0.8650835495471371 0.25766525962645126 0.035739185948773865 0.0715751417373425
0 0.5281877993024223 0.43906733560859285 0.03631040139515529 0.07421261959153706
0 0.4772808297781821 0.8370108630638164 0.03920183168299517 0.07642737593143188
0 0.5282828422244393 0.6367059807148963 0.03774995465370391 0.07684135489369662
0 0.47692171212020873 0.9379731057909503 0.0384835963670485 0.07685467323215775
0 0.32531559850238834 0.8316936449572742 0.0368928029952233 0.0751534447914948
0 0.38000054139735434 0.33920936765107973 0.037808917205291254 0.07254526469784045
0 0.4259434416080146 0.9363719667652802 0.038233702884145654 0.07611568598954097
0 0.33538938827262377 0.056566547932559996 0.036299223454752366 0.07036790413487998
0 0.9068328606298142 0.07510925976612698 0.03421969925694164 0.07118440513224493
0 0.33079384692649755 0.33820804494889894 0.036104306147004814 0.07300591010220196
0 0.4266350820487767 0.7349468032680478 0.03761783590244657 0.07675239346390411
0 0.576816631910648 0.05968676794076273 0.0366093952452767 0.06921847172511646
0 0.627607482310665 0.44063469150977563 0.03523498108931066 0.07389872426169018
0 0.5280874027445801 0.536826197590409 0.036859288728179625 0.07562302782779624
0 0.22534087529253155 0.9285321384295534 0.03660824941493689 0.0781717231408929
0 0.6259517148734102 0.15391320594527552 0.036421528907053274 0.07144656259468278
0 0.2878018372846699 0.05705895609430461 0.03608364498195143 0.0693820878113908
0 0.7213696304443981 0.15807367405181774 0.03508927169668924 0.07139231005810903
0 0.33231769748738343 0.2433564405022896 0.03540360502523298 0.07149811899542081
0 0.7678165009836433 0.06847501219698442 0.03627210454981072 0.06955192457649874
0 0.528337296227483 0.3411177428373661 0.036859288728179625 0.07586935690866856
0 0.23063953349228639 0.5311610510295324 0.03546057211800969 0.0741458979409353
0 0.2753673034706456 0.829642980416838 0.0374533930587087 0.0745007228428349
0 0.6269827486034079 0.34395052726739755 0.03523498108931066 0.07414505334256247
0 0.5784974405147305 0.6373375597957686 0.03747207762441254 0.0761338804084628
0 0.8225717010720784 0.5432072812817762 0.03460002307108084 0.07278221142994429
0 0.6288200757708277 0.8388263184129757 0.03691048756092709 0.07562436317404879
0 0.6739627233891554 0.15575510948095994 0.03648444850382523 0.07168176253383945
0 0.32462031153658255 0.9334473501574042 0.03825105737554374 0.07716366703821313
0 0.47765592000253637 0.5355680982169468 0.038202757751383494 0.07606277805133987
0 0.38313470555332035 0.05668971247299614 0.037580014961747496 0.07061423321575228
0 0.2838471894214466 0.24372618412359803 0.03692062115710674 0.07075963175280392
0 0.4788345841585024 0.34045676943413283 0.03831104471718932 0.074547410102202
0 0.43150357160260444 0.05660765442985899 0.03560982131366506 0.06946480080598874
0 0.5772857068074733 0.15241897508135016 0.03704775807312127 0.07289202432253349
0 0.09633127681575725 0.24534332952795956 0.033980191988164994 0.06906734094408089
0 0.3825398756654976 0.14964532967698865 0.036640248669004824 0.0707933406460227
0 0.19476648968908253 0.0586763514986661 0.035184020621834955 0.07064624597313539
0 0.19159359182585922 0.1517711396217863 0.0350855619679611 0.07061103707991659
0 0.5786848606269077 0.838333660251231 0.03784691784876694 0.0736537305270706
0 0.5782472970318276 0.3424914275958774 0.03772147110731543 0.07467546113173433
0 0.08123271199213833 0.8207224778802642 0.0360193216354029 0.07587338607772658
0 0.27670398391935436 0.7295384333784526 0.03712803216129122 0.07677413324309466
0 0.7283145559205388 0.938588928493131 0.03573476805511652 0.07463771150430705
0 0.10240460512768931 0.06123568057953841 0.034381854915592196 0.07133098067917858
0 0.42986970328272567 0.2440956777449065 0.036590273883257196 0.07100596083367623
0 0.3754211598268738 0.9349415810213295 0.039145680346252376 0.07768883795734084
0 0.9685730971246875 0.9305394805627255 0.03618095532014967 0.0710730388745487
0 0.1847005298066699 0.4336594657189976 0.03504357948924271 0.07226472672374935
0 0.37814008431937135 0.5339346964338938 0.03683683136125726 0.07476660713221221
0 0.6265061453221189 0.24762406677057647 0.03578113542415049 0.07264349910582553
0 0.37841396746574274 0.43569387388074216 0.03838417158561166 0.07387025223851554
0 0.6756258767587816 0.34521730386416427 0.035812459516630965 0.07322999940388368
0 0.6284613103592719 0.9394552875270037 0.037525620718543845 0.0778315750540077
0 0.6727132559746408 0.06264271691123036 0.035484874572213596 0.06971112988686105
0 0.27435206976338833 0.9310434483743512 0.03767196699032037 0.07728244508955291
0 0.4263388749707937 0.8348207776042526 0.03827488916099508 0.07549581214451659
0 0.27792329751443445 0.6304034462848648 0.0370677245224223 0.07507476559201498
0 0.7280836022392331 0.6389547052001301 0.03702211507282521 0.07493424776148455
0 0.6287320029837282 0.7375843985013338 0.03648444850382523 0.07562302782779633
0 0.1456386783645971 0.15189430416222244 0.03238770844177667 0.0698720498372997
0 0.527954315595165 0.8380713247916671 0.03784258184386392 0.07460703409317654
0 0.5777771638854563 0.4394688419872845 0.03703109829747572 0.07452297418717561
0 0.14838967240838594 0.059832601498666114 0.032641933388393184 0.0695101388409232
0 0.8714117727267575 0.6403264725816543 0.03501944984781779 0.07259197950119003
0 0.5782225573683591 0.5383257372426169 0.03742209829747571 0.0751734999999999
0 0.280346264928949 0.4347997093403061 0.0376654701421019 0.07257458131938781
0 0.42930769294619414 0.3395948676510797 0.03696561410761164 0.07331626469784047
0 0.6293196127366335 0.6384622970383855 0.03740977452673299 0.07542740592322901
0 0.47879591324198056 0.2446799076758604 0.03773391591833979 0.07168176253383945
0 0.32609001861456555 0.7315573351615056 0.03769196277086892 0.07736332967698861
0 0.12774230590210922 0.923385853999522 0.03607813381546116 0.07773231751572196
0 0.8604767815544712 0.07225704803727673 0.03491410337068459 0.07039656732928833
0 0.18228589227997818 0.5298973928677878 0.036961428474237897 0.07457453058791372
0 0.8195080900696015 0.3507846580989575 0.03482081986079703 0.07232457079883334
0 0.7769451103051699 0.6393244488214385 0.037036779389660136 0.0741957605188676
0 0.674962297320767 0.2499759829146149 0.03673434198672816 0.07094277529122255
0 0.8617237138177097 0.16589565664353642 0.03378052858592217 0.0686087180002905
0 0.7724042124419466 0.34826954110678116 0.03595157511610678 0.07292991778643765
0 0.8209717003054984 0.4463645201300661 0.03480074589220844 0.07263137899053557
0 0.5789345041098106 0.9399639509109248 0.03884599178037861 0.07689509817815025
0 0.37598342016340536 0.8339266130638165 0.03802115967318932 0.07617077387236723
0 0.6790586637245875 0.9395947072896165 0.0374302703072816 0.07566395277378875
0 0.8156142605861714 0.16392644590638375 0.0342880395164171 0.0691399198484797
0 0.6787053974318445 0.6390941261192578 0.0379732051363106 0.07570574776148457
0 0.2791970045924175 0.5321783801104046 0.03761599081516503 0.07519523977919054
0 0.8138301791614947 0.07058093929134128 0.034574030935255864 0.06883219916641524
0 0.43064412339490293 0.14939900059611635 0.036639753210194075 0.07128599880776731
0 0.528587189710386 0.15107485694438622 0.0366093952452767 0.07217442069558407
0 0.04954138298550243 0.2452957303780412 0.032611099518830095 0.06897214264424417
0 0.8239756734851188 0.6398992099940777 0.035594248241542226 0.07352530365503442
0 0.952187356325064 0.07727142501368825 0.03401599290948969 0.07014518764037402
0 0.4798045042706795 0.15027715875786096 0.03700226966380566 0.0715643406460227
0 0.7236450771858495 0.2524486267153741 0.03539197597024257 0.07096148127529497
0 0.07946729783617233 0.9201355568121075 0.036736682532820385 0.07615830475833893
0 0.7246286270477209 0.3478917925613544 0.03585971479656799 0.07266707885732863
0 0.7773441901929927 0.9376992200469997 0.035835791302082524 0.07581424358251178
0 0.7198296201078664 0.06534812955000602 0.035507759784266825 0.06822474089998797
0 0.0406470099891796 0.5274020893016816 0.03406415170970871 0.07401784691140284
0 0.18667760373828152 0.33843811765107973 0.034749538143116425 0.0724807391830743
0 0.23196362550462862 0.4341069708666595 0.035359927830762174 0.07315973701907323
0 0.9614456204210664 0.4495184958125216 0.035528899330057206 0.07089400837495671
0 0.6279995920635704 0.5388664145404362 0.035769307112218436 0.07576219643389383
0 0.22623166225833738 0.8276083222550935 0.03639067548332524 0.07338735548981318
0 0.18891315104061893 0.24421884228534266 0.034722550055538766 0.07075963175280396
0 0.6771448402243544 0.5392899872426168 0.037152999999999915 0.07632999999999998
0 0.4281586826096626 0.4368183611233592 0.03691663478067473 0.07316327775328174
0 0.23612611180421844 0.24397226320447035 0.03468873504543689 0.0712517899145485
0 0.7696719273409709 0.16043536201753367 0.03648444850382532 0.07315973701907326
0 0.28257348234346363 0.33819203857020746 0.0371220353130728 0.07149592285958507
0 0.771646202105415 0.2545101611454056 0.03618480882336389 0.07015796851791187
0 0.42746364564385686 0.5349520255147661 0.03752570871228642 0.07581594897046745
0 0.33367028771173785 0.14989190875786096 0.03486017019620384 0.07079384064602269
0 0.7770154135637184 0.8375784166299224 0.035428131526436805 0.0741138759314318
0 0.03388647459926456 0.8190733197185197 0.03453711597244175 0.07503836056296051
0 0.3293949431070631 0.43544779479987 0.03655511378587372 0.0743634104002601
0 0.1308524803946068 0.7247623925697296 0.03480167831336893 0.07461192405181771
0 0.817586514110172 0.2560005849619523 0.03437839229622564 0.07048060406959193
0 0.03611394201377913 0.7211746145183897 0.03499375507502427 0.07384092405181786
0 0.7283415756099587 0.73872177137459 0.03678838136556806 0.07691245725081955
0 0.28583259324088106 0.15040032329829708 0.036143452620820346 0.07131801156515039
0 0.22734059607092474 0.7274849061855696 0.03610960827947088 0.07414505334256251
0 0.09037773108931063 0.4324275703146361 0.034317881197514485 0.07226422672374934
0 0.9205604518599128 0.8358836240152862 0.03514923175369704 0.07440209097918263
0 0.3280587626583544 0.532810209191277 0.036881474683291206 0.07547358161744602
0 0.14270809409645388 0.24483441498752342 0.03302377046096601 0.0705128026719316
0 0.031042853365315533 0.917362161407746 0.03609678450872816 0.07603075372880658
0 0.23816615910655584 0.15087697508135015 0.03377095999205335 0.07079334064602268
0 0.2405888765210704 0.057921107877357644 0.03461809909463588 0.07061373321575228
0 0.7766689448622525 0.7378307275822061 0.035984661538019366 0.07414505334256243
0 0.08492963648463586 0.6253650700165779 0.033917218270087264 0.07288054364335494
0 0.04376526436949999 0.43213347209768915 0.03280385598326212 0.07069071396636614
0 0.6785265572074903 0.8380870811703586 0.0361161637901844 0.0746385468505596
0 0.09340094254761404 0.33879160489369664 0.03386707355864555 0.0702317646978405
0 0.7288109587563301 0.8385799893321034 0.036977467209601836 0.07513170501230415
0 0.13717545218944177 0.4330276366381253 0.03445316079208737 0.07198638488549387
0 0.08740624738205341 0.5280181620038624 0.034872144338475755 0.074264675992275
0 0.9099289322632388 0.25847288699674836 0.03324200000000011 0.07324600000000005
0 0.87368 0.934464 0.036761999999999836 0.07555900000000004
0 0.9662393089728111 0.7381191825058943 0.03491410337068459 0.07419574715340864
0 0.9139151609435309 0.44833937764964854 0.03274096785465285 0.07166450837495672
0 0.22902737708051946 0.6288301092962132 0.034985087606407776 0.07242074977645636
0 0.17736990419240048 0.8256216832294235 0.036875298132296085 0.0743406590559192
0 0.08276439244084706 0.7227437407866765 0.03608396073798538 0.0745158857796685
0 0.7255192783076214 0.4433512182555714 0.03514208248733982 0.07391253797409103
0 0.13972286634540776 0.3385615321915159 0.034800012928864074 0.07174225194045734
0 0.038224292574665045 0.6247329909357057 0.03296711912422328 0.07260170180509955
0 0.9631349802488762 0.5449115501156514 0.03618703950224732 0.07440289976869695
0 0.9184024530558341 0.6406813940755143 0.035594248241542045 0.07330182248890979
0 0.13506460162855582 0.5291423992464793 0.03422975539676214 0.07355720150704137
0 0.1330713679212985 0.6268588008805033 0.034491477191597036 0.07340471456248274
0 0.9543367737328051 0.16857743063703312 0.03310038371506471 0.07173745432603666
0 0.047008215491271835 0.3383149531106436 0.03279252767133008 0.07075643561696815
0 0.824146953421412 0.7377699515492832 0.03457651837241309 0.07394424757243585
0 0.6771114936124103 0.44222648101295436 0.03653465187776216 0.07314103797409117
0 0.916442449510579 0.5446487247801504 0.03462153559141422 0.07298332443319588
0 0.1284452502120971 0.8234300831853306 0.03623455502092234 0.07439138242343465
0 0.9083576854145764 0.16690988940475796 0.03409533942913164 0.07108414585498299
0 0.18037154171909223 0.6283687881231201 0.03613144914730097 0.0734687400772487
0 0.8722092805767627 0.7380074419228319 0.03480074589220844 0.0735253036550345
0 0.23413287809696115 0.33857728857020747 0.03545024380607765 0.0722664228595851
0 0.6783983327106821 0.7386928793652592 0.0366093952452767 0.07537669874692401
0 0.7736776695199296 0.4452144427408051 0.03549976747723774 0.07221974716536796
0 0.9567172807808063 0.26132211457879395 0.034687388413732284 0.07173745432603666
0 0.8704282715520905 0.5440788377834019 0.03554631202496132 0.07407836210094634
0 0.8665769093749467 0.3522146675158951 0.03487175133620102 0.07339674030371085
0 0.17883128138256066 0.7256405507314742 0.03604965026907278 0.07538292405181773
0 0.8685818412655228 0.44692322304537785 0.036161035633923345 0.0710670108276625
0 0.72705120875633 0.54034463902567 0.03595690203863094 0.07477738011040465
0 0.8262470258568408 0.9355730987255987 0.036736228630698434 0.07354191555205433
0 0.919236878249817 0.7380437109662208 0.034769234103030455 0.0749387287385605
0 0.958474321697188 0.35518420435117837 0.034574030935255955 0.07173745432603666
0 0.9651624129272868 0.6403461723263272 0.035027460849160745 0.07218441665828605
0 0.9120502637233396 0.3538684080989575 0.03263861272551055 0.07178763581509165
0 0.9672028475398592 0.8343278245225882 0.03525417580611323 0.0735253036550345
0 0.921001 0.9329219999999999 0.036761999999999836 0.07555900000000004
0 0.8259379183783644 0.837285973344284 0.03657144358765088 0.0745250156436817
0 0.8733428553615252 0.8358921926854614 0.03593432067697086 0.0735253036550345
1 0.911090895694116 0.17327053512565235 0.007368236100956196 0.011844501804610422
1 0.05284364401673786 0.34595359844049056 0.008514033653155333 0.00855664077830132
1 0.7782970328744248 0.5398503851090375 0.02098349181723795 0.03705921411539545
1 0.23607613212992964 0.43978787380622775 0.008143009879538822 0.009576165995009364
1 0.7825852888306359 0.6519534512834976 0.005909749349339951 0.014350269920017002
1 0.9127897954393451 0.36194194086129644 0.005784156266117935 0.01978322073234781
1 0.320928050852699 0.8276490122357812 0.007117273393466049 0.013731759177605763
1 0.8236908134461807 0.5434699073111864 0.01734662689236136 0.016531965293374952
1 0.18117952945931795 0.9199092748441352 0.02072765037152914 0.04253221799630996
1 0.7824116127622476 0.4489180561771944 0.010255397212563197 0.027279847060431822
1 0.8254138473145612 0.3600197327863632 0.009819689930455257 0.009771804582481381
1 0.7290111225649442 0.6288703735081694 0.005853777715373776 0.01666984907540384
1 0.8249976335322757 0.44795982049992733 0.011105547408931504 0.0327898670063581
1 0.14097083341257038 0.43516187380622773 0.005435838513208775 0.019813482318498592
1 0.5854953734205169 0.4374702373171314 0.009506066392325364 0.031947132796007534
1 0.7728561854653204 0.15527669311337786 0.004876690481932079 0.021402146447565114
1 0.8648423721795242 0.25377675807605066 0.012353309746475924 0.01844293049735738
1 0.3414044070224441 0.15305948138552714 0.007396985732956421 0.01844669747709752
1 0.923397096927729 0.6471203306794945 0.0049738994150755255 0.024220000368743874
1 0.9636760528812636 0.8252572354681371 0.010567671149954863 0.016576809946029367
1 0.5349061849058713 0.15333782322378256 0.007478434982713608 0.014441406668374525
1 0.9589632572662145 0.16773686050584966 0.005710220092046148 0.030063248360207007
1 0.730399030764699 0.44606951536847134 0.012823807149077755 0.02213844911949672
1 0.9266928432894899 0.8106929015413629 0.011858760747368085 0.024500878418226874
1 0.7771070404065267 0.3576002272453511 0.007870080813053437 0.016300847358490106
1 0.24240743381258736 0.33713511757656517 0.004976358864533958 0.025208286182662847
1 0.8722789563616216 0.4511555610829897 0.014710478110670869 0.025504461175734513
1 0.14375122603990048 0.35134039969356656 0.005872496848218452 0.022415946359379314
1 0.23762988651025 0.2573727656665295 0.01228241212308255 0.013780607877357617
1 0.1907373724881019 0.23723426697207364 0.012107490595883527 0.015137610488445887
1 0.6794215079819101 0.5383295279768254 0.008824015963820458 0.029262448821438396
1 0.9263388901934445 0.9351988335009442 0.01065277568822149 0.017493006011643445
1 0.050662990197303394 0.433957604670153 0.009876619497189322 0.027641260369838435
1 0.133249457798301 0.7303134741126611 0.004635513353058276 0.022670708446131546
1 0.9660340552305974 0.5489733559691818 0.00993253567643237 0.017146088615869408
1 0.7308613340232476 0.5398446517085386 0.01064973321746601 0.014901063637886415
1 0.33183873410583736 0.529890063712401 0.007036639899742736 0.017567203969100453
1 0.8711890632704766 0.6467153855608818 0.00918195575657625 0.025476852938218584
1 0.15014622745543973 0.14438939819665866 0.007906645385367868 0.023529061077184228
1 0.8639951501745704 0.17181534167197438 0.005432585392188753 0.02726983401495097
1 0.6813363585427961 0.4429261263428014 0.007493249671077708 0.023991303715135238
1 0.38990723463967225 0.15954456938166472 0.005850640967412688 0.023212215307628018
1 0.09877039911737621 0.4395262106458502 0.008621325160150491 0.02783518613856997
1 0.7290491062722014 0.7419440965388301 0.0065274907495680165 0.031432244107192586
1 0.7263196861600243 0.2631883753353154 0.011986330973922356 0.03515748537667403
1 0.5828666603863228 0.3479838701131389 0.015013385943616567 0.0173052096383642
1 0.18645686372746115 0.7279570914656825 0.005674899142990338 0.021964233960897757
1 0.1858375441761699 0.6248648326994465 0.010412047006213598 0.01630574194319158
1 0.7730032061383835 0.2624222618244117 0.007081583964835038 0.023880600193121982
1 0.10097729556557768 0.24769701950864734 0.011704336750834954 0.013918431885082534
1 0.4824107257181626 0.6386961604747746 0.00626462312439314 0.03101168830257099
1 0.6263010650869442 0.43544021564448304 0.007360810622597198 0.021227431288966273
1 0.09853300421945145 0.34733603465357504 0.006347286644067963 0.024020120336682545
1 0.48759035133243206 0.3420188165470328 0.011398767835835051 0.02726468412359809
1 0.6300439437689684 0.25576471631511394 0.009121112125956352 0.016504048418444155
1 0.1907616121515704 0.44021161996410973 0.008310609025402923 0.029912974634262946
1 0.09677125125415291 0.5211843009550178 0.008371431677247581 0.02561822441071928
1 0.7316271742476019 0.8433120517389601 0.010617413666174826 0.031178838183963477
1 0.8672118768781917 0.5483417566401841 0.013962319143810836 0.011704852290123196
1 0.3778078916108883 0.7298316858405118 0.009807954909844733 0.033487448225322035
1 0.5813672994889052 0.6389745023130301 0.013014238080393299 0.025528423008614107
1 0.48205795942541985 0.8408533974193333 0.012467812333742815 0.01343387138296528
1 0.6788026884306189 0.6457854512834976 0.009561868100597195 0.025700953596527694
1 0.821928271355132 0.6393041320214988 0.00930924826988138 0.026443527717251687
1 0.9147111213987744 0.4542004669136134 0.007382663314119315 0.02567212216597947
1 0.2441459327961456 0.159080552072736 0.012744567628048537 0.017735693822805636
1 0.05981583918229855 0.16151495202864313 0.005814850052665056 0.026168664278095607
1 0.05631199895794417 0.24949621847911493 0.01207285005266505 0.02017319717903932
1 0.3360266156763179 0.3340082349295868 0.008406722591995142 0.024564837212195136
1 0.6288867129501675 0.3618949797819248 0.0061878106225970566 0.024954377946403705
1 0.03843253627110194 0.7233633542230657 0.007848818161883502 0.028195759475663915
1 0.5289397278278883 0.45055609444934375 0.01741220127545628 0.013657949119496538
1 0.7244072513309951 0.16225393927126 0.00756471569618438 0.032080562219030856
1 0.6326380309255679 0.731175375895714 0.008930807470815613 0.025873486497471607
1 0.5803351560060025 0.15965661403250556 0.013829057631684507 0.011164330124075878
1 0.9195627382745859 0.7426644697350631 0.011055612022694169 0.015045391483132694
1 0.5842569843179345 0.5468856733811869 0.016730820772645594 0.014613448821438531
1 0.28381652320698303 0.4370629198371272 0.012119833920791254 0.028820502462059156
1 0.42985254315972815 0.7353360940022563 0.006925512387844792 0.028883188004512794
1 0.33128188792527186 0.7286211833039381 0.011898734504417485 0.016202126828685565
1 0.19207380293681067 0.33810931401045907 0.011183884078786422 0.015870020888706014
1 0.43598542911052923 0.43936572455974837 0.008653775528805776 0.0266781838255399
1 0.43135165405714565 0.2516173919348163 0.008175479802359229 0.03415920225218673
1 0.4350074291105291 0.5394266389511554 0.012109136426223398 0.01721506363788642
1 0.8221095599221802 0.264682598890416 0.013027540360930163 0.02836557445833755
1 0.534583572432563 0.5449104042451122 0.013621316553194185 0.02546120135801225
1 0.8694817355313349 0.36231600677985987 0.012823326191812073 0.012777616243728572
1 0.5324810517595 0.3461679147639798 0.014077955655776728 0.011576615263535105
1 0.9613804804458351 0.3625003937766082 0.014025241236049871 0.019113277233973686
1 0.6325508178913737 0.6440885239856784 0.01085448791952429 0.03254341532437844
1 0.43234289810093446 0.1510842122494525 0.011190861372839861 0.02584584288145902
1 0.38470636778604367 0.43861073093843983 0.01625237467466991 0.025724880259433786
1 0.6302476330623447 0.8471030262241939 0.006214798710174784 0.03246473612489861
1 0.0974682911852573 0.6255289245377019 0.011725327990194163 0.013006925619702396
1 0.5819780391523738 0.8352532009854393 0.008294249992815616 0.033994769323900435
1 0.2885858353614272 0.3378903611978737 0.01382641634253408 0.024190457101790495
1 0.5384154392861917 0.6382037523130301 0.008956304640771878 0.02706992300861406
1 0.23091591471541498 0.8343207902871213 0.013215681567606847 0.013197315280285378
1 0.43181912147166013 0.6250042536185743 0.013237988562999944 0.014548925619702271
1 0.283740400532398 0.5339433736571986 0.014021333650281591 0.015372482020440503
1 0.6807797623622306 0.16281575943686705 0.012104950792849565 0.01174325357977733
1 0.8748434610602891 0.8371354392857542 0.01615620246495829 0.016956368252265572
1 0.6806865524798179 0.8426455160778991 0.008199895040363987 0.03251896784420186
1 0.38558366070806066 0.831295929312791 0.010999280069995175 0.02417361884639156
1 0.2810594597471578 0.7285251450317887 0.013885558596898079 0.026740024769620747
1 0.3335453263046626 0.43767874253930794 0.014368875266917498 0.01822835198455025
1 0.48248669313267717 0.1492845132789849 0.011110557953422386 0.01811410310226841
1 0.2888219848005413 0.15680293673468632 0.009105928254956305 0.019827633690182027
1 0.9613749792711681 0.4525746364184908 0.012675953843668635 0.019984536511235513
1 0.9588695293879262 0.26746472892293255 0.009518941224147318 0.0263645421541349
1 0.8278865064925495 0.8430435900014526 0.016890264292961085 0.022571597778597328
1 0.03950241346126214 0.8099849242396435 0.008457892093495152 0.031816899508819586
1 0.8242718122715137 0.7360157051585039 0.012103760016550254 0.01806278699451365
1 0.4794368262790485 0.446208686287599 0.016960398177776802 0.018411500149029137
1 0.7825826230987791 0.8368592265002056 0.012412311368529253 0.022900187706454394
1 0.4816963632448544 0.736214502164001 0.011941537280359276 0.026633713519279026
1 0.9162361961835369 0.26828620763635147 0.008640097926691603 0.028756716614707304
1 0.4327343981009345 0.8395739828788973 0.012656902718966075 0.018948649434305312
1 0.5315603609742597 0.7397700174579577 0.010921467568199126 0.03578040226893719
1 0.18717422462487865 0.8233925058570896 0.01023762093782526 0.023722746420222495
1 0.33054861725220874 0.6286777969638708 0.007867619226679626 0.037746644957274395
1 0.10651851736041262 0.15641743673468633 0.01161720640889323 0.019613317366692803
1 0.7865372709620024 0.7579267636158399 0.01224971361207288 0.01670994561423391
1 0.38466055419096357 0.5290121555506563 0.013845067035801009 0.01833770396910047
1 0.9733368193266 0.6364267869498172 0.01414434891148488 0.01119098824489063
1 0.8191310505248449 0.16225578001072713 0.009009101049690332 0.03566186136345864
1 0.3272647666913228 0.9327075171598994 0.01068691810490778 0.035164085349331756
1 0.9168819170138239 0.5459899124708077 0.017324114372027882 0.020878163951370536
1 0.1480413199242573 0.2483128422108281 0.013285491985291263 0.014657419127699401
1 0.28743682502489565 0.2430438932403605 0.014874969601082583 0.01337152118676426
1 0.23350156257863836 0.6302732025890418 0.016790657742762123 0.016820139884126773
1 0.38239693610879616 0.24671499276285155 0.011115127782407723 0.032398014474296855
1 0.08426008725905583 0.9241288819763473 0.01265260058650001 0.023254524173504213
1 0.6825494252896578 0.7455240442782681 0.015424149420684432 0.018588911443463817
1 0.4855885377373519 0.548641989704676 0.014152927611480657 0.017505372277139948
1 0.4871422921176723 0.25230187664085957 0.01754264940631546 0.015547197179039298
1 0.27835477929844904 0.6300217370190733 0.015296623767868918 0.029146866905934245
1 0.044994405929160194 0.5236520547971356 0.01496645096090292 0.01280018613856995
1 0.13856593626966504 0.6248888440022563 0.012494674145145629 0.016750377499316516
1 0.5280026272670023 0.8458440045515454 0.015538000153684657 0.016754427485645283
1 0.8275366744486574 0.9412440090677483 0.012602199327790362 0.032220394813002214
1 0.23446256033365775 0.5338702486199413 0.013869088301111637 0.0234012626828685
1 0.8762179622349562 0.741507969735063 0.01522091977124457 0.019146240812130642
1 0.08831544220026213 0.7268326042230657 0.014537630020203893 0.018301310505196313
1 0.3836489696266966 0.3340973640325055 0.0166179166130437 0.018474681065422525
1 0.37708303351790046 0.9377190171598994 0.024502025689674797 0.02415576902584242
1 0.13187829206644416 0.8277401640188343 0.015874223235470896 0.016012746420222594
1 0.587999972405512 0.7375421858405119 0.01924058391360677 0.017081131901832854
1 0.9671731311900268 0.9293772393315678 0.013322257681385967 0.03494670466963912
1 0.37624314161088834 0.6346697267982638 0.01243766794403879 0.04004987197908179
1 0.18391911249892232 0.5298298277753282 0.01698777500215533 0.01975434444934356
1 0.4286154541401234 0.06447350015946568 0.005581186485411923 0.02273907686322996
1 0.2808803695228034 0.929457219972485 0.011245017250771842 0.03279683281275787
1 0.684294430898517 0.9373652799172827 0.01607092696800492 0.021414636378863854
1 0.23321934954444418 0.7334137304913526 0.01885444470856798 0.014992221203514618
1 0.046651283119320396 0.6249879972398826 0.015151205341223297 0.016552071024063985
1 0.8752911397995271 0.9363106974065011 0.015034130029529674 0.03404169615500673
1 0.6793646987671504 0.06797013839075673 0.010187101807854482 0.03540869516406745
1 0.11304265331121358 0.059054272343279264 0.016061478310495175 0.023680937554346308
1 0.7793073524257159 0.9356523462407718 0.015464343954014694 0.028781769025842396
1 0.19740553068785677 0.15166802219425013 0.009766487444101963 0.03305341174152196
1 0.8171555879172264 0.07357849454147254 0.013640171135785355 0.025292252757198923
1 0.23081279190557524 0.9228812301932943 0.01667054246502433 0.02328653693088737
1 0.03701505694416505 0.9210448819763475 0.015681646473815525 0.028437207850014967
1 0.12988455835918689 0.9185922110572197 0.016862968855150505 0.03777647314397182
1 0.39035879227854126 0.05968121493505532 0.011194862762247647 0.03671413906138763
1 0.06484735881330583 0.0649828431795172 0.012494674145145629 0.02906683154293146
1 0.4886523986347694 0.0603661996410985 0.01452243637212142 0.01711581766475101
1 0.27585317873756315 0.8312799229340994 0.01730110309480582 0.025683606089008628
1 0.5851019576886601 0.940996190615601 0.015290767514097097 0.033859141452011354
1 0.247092686617017 0.06393797131374687 0.015597331887907765 0.02278138652481393
1 0.4849153247031578 0.9338637671598994 0.016748821094383515 0.03334424351107633
1 0.20233926159068447 0.06055667927399428 0.01534447681863104 0.03154564145201143
1 0.9054671517431545 0.07566801337534783 0.02065615861545198 0.02290106441844619
1 0.7281613177305049 0.9369477671598995 0.018798594114883636 0.02668358534933149
1 0.6289389407012137 0.06654018304159758 0.014829627022106853 0.027430126304004522
1 0.861016723784666 0.07766236786396703 0.01274972791371252 0.03500299940218792
1 0.9538790072662144 0.08811585418971318 0.016332150005951316 0.027057934385929707
1 0.5806232831961626 0.06361136033941682 0.016001631563296283 0.03230245538487683
1 0.5278935903011965 0.2565806227987417 0.013007245773364215 0.031129954788760447
1 0.2980023218731141 0.05587912056022621 0.015234815434296087 0.02658263398824021
1 0.7744996513039442 0.07120442919947972 0.01608358081305352 0.03977859310500266
1 0.7240738932380074 0.07809591006340509 0.020226319061499937 0.03042955483285335
1 0.15218072216780096 0.06003958866676847 0.019750402989475727 0.024173595716090908
1 0.5329565990618373 0.944080440615601 0.016625369811742723 0.02769064145201141
1 0.5330002469250608 0.06586547131374687 0.02553423946980105 0.019911702848303108
1 0.4333696274278714 0.33520163417606613 0.007138254855742777 0.006412977543409264
1 0.4296430491159392 0.9328244482998366 0.0028464177831699403 0.01276060579095033
1 0.6299051123892815 0.5398126389511554 0.0041510117443689706 0.022847619740566306
1 0.962423369443358 0.7353955399109428 0.007858594015858679 0.0166213434961394
1 0.7335361106525219 0.3572307336240427 0.006299753890529051 0.01753249276285161
1 0.14141274297573664 0.17389128728602202 0.0031674377745533754 0.009140691108529116
1 0.439397556287279 0.06789505092843982 0.010234278750786857 0.01951546069002729
1 0.9215050387327648 0.8357982623815297 0.01645397128283673 0.014075209482306901
