0 0.39329946079753014 0.07039843179350774 0.042293320443957144 0.07999999028335683
0 0.0384178383752308 0.06824871228844738 0.04014581262131327 0.07910228108903607
0 0.09519575361889322 0.1757747047665013 0.04228691583822949 0.08222559046699743
0 0.03613727764658347 0.17675518808191393 0.04051539662786916 0.08174282405122067
0 0.09512987140763823 0.2863746816304587 0.04121181006922555 0.08226770347743219
0 0.9685192816780401 0.5038812289653675 0.04051212919178319 0.07898165237216366
0 0.03428565985783848 0.2856750984763325 0.04215776201384515 0.08392320347743214
0 0.5080814116381568 0.5050956586961242 0.04135717672368639 0.08086768260775165
0 0.03113026443430178 0.7242125070257325 0.041192572130237706 0.08247599032281709
0 0.9667730692128771 0.8232005211160569 0.04065182618899594 0.0781674085332755
0 0.5068905543875333 0.8336499837151231 0.04149000817227427 0.08061014004994027
0 0.9669651160480418 0.29122771580175877 0.038800767903916525 0.0797955683964825
0 0.7393636313361318 0.8291107680219303 0.04152455534445791 0.0796741470524374
0 0.1545458413700775 0.1763414380819139 0.04306942302884893 0.08274812383617214
0 0.9119139361235479 0.7178641869775269 0.04157358180306929 0.08082662604494634
0 0.5679486750473223 0.28863602081750084 0.042628649905355386 0.08166895836499839
0 0.2749201914861665 0.06792818795461945 0.04162270711127564 0.0826591117685376
0 0.08944263705654758 0.9439207071654737 0.04237028757680482 0.08343978211474559
0 0.27349163097641216 0.286036947752687 0.04072134405274961 0.08189910449462605
0 0.032165765626842466 0.6147320123836172 0.041062444706833096 0.08284004197111525
0 0.20963539593707273 0.9447609716647714 0.04174320812585446 0.08233305667045741
0 0.030925161197976076 0.9435023689990414 0.04010323929394785 0.08148820400472725
0 0.9683830630452548 0.6097668863044187 0.04107787390949035 0.08013522739116281
0 0.09732270565260615 0.06705278311258277 0.04244165236945509 0.08112543377483442
0 0.45217798171366314 0.07052726101943327 0.04326367260611748 0.08080047796113342
0 0.09130285337802675 0.7243957058783999 0.0420478461284485 0.08162052150485093
0 0.5677356750473224 0.39728990687764626 0.04164386191650313 0.08130221088915425
0 0.62527671097739 0.6140214593692325 0.04301257804522005 0.0832160812615352
0 0.5670302810528962 0.5055096586961242 0.041909437894207355 0.08169568260775165
0 0.4497091027331717 0.5049599513896428 0.04279621855595217 0.0811390972207144
0 0.03081875961697197 0.8320299163265804 0.0399406682645821 0.08122950103858637
0 0.9660082140926329 0.9277492214200413 0.03940150994293387 0.07556141103029008
0 0.38922 0.614238 0.04388600000000001 0.08278100000000002
0 0.38977199082539965 0.5055094086961242 0.04278201834920059 0.08169518260775159
0 0.33038339840885117 0.5053740093366627 0.04246788715276566 0.08359570079253065
0 0.7421054953026884 0.07600269984257953 0.04114100939462322 0.08143760031484096
0 0.6263977414592747 0.2891788500434263 0.04162251708145033 0.08058329991314739
0 0.15677223879183827 0.06696100073583516 0.042418217109312116 0.08241353936718174
0 0.44864410273317173 0.6146999959016393 0.041783794533656556 0.08185900819672143
0 0.9112016331207611 0.8244490730376723 0.04070776378634754 0.07903602469872979
0 0.39153597581146493 0.28727181967213117 0.042398472399365845 0.08219753142981225
0 0.09102134736815623 0.834340549534469 0.04117038699320948 0.08279610114611105
0 0.5684376145375679 0.1801310982249484 0.04165077092486391 0.08179080355010314
0 0.6257027109773899 0.5064596098414939 0.042188214078663466 0.07979578031701229
0 0.45012819372481083 0.39659123610357183 0.04307561255037825 0.08099052779285643
0 0.21241553489026577 0.3955809251790035 0.04246337733496629 0.08074421638034268
0 0.5654832505710115 0.8323947556997068 0.042447498857977176 0.0818994886005862
0 0.8552250169382608 0.6112257083921397 0.04079152318620917 0.08033872543697751
0 0.33406774288418417 0.06902072448702638 0.04201354425950119 0.07995872180002171
0 0.6242988319968986 0.7226615892682662 0.041895002067515535 0.0806505045597655
0 0.329985439427382 0.6148357032081206 0.04278954516753168 0.0832160812615351
0 0.5106870331116807 0.07161979755184018 0.04125993377663856 0.08027140489631962
0 0.8557767791739717 0.3972697726359787 0.041056865674352655 0.07963345472804262
0 0.509845396624222 0.2887717281239822 0.042091206751555824 0.08139754375203569
0 0.33279665189254504 0.28604382583324284 0.04114772624277944 0.08137003142981225
0 0.7990317127620191 0.290440734285094 0.041280088581866096 0.08147858071870594
0 0.33314934888975806 0.17753252516013462 0.04241190822605768 0.08147912045380523
0 0.6844454378453134 0.2897350993377483 0.04149000817227437 0.08006731082401472
0 0.3882878037536583 0.8341928129410486 0.04149000817227432 0.08006731082401476
0 0.7976838642634126 0.7200492600423407 0.04221651351219211 0.08085413836716973
0 0.9685192816780401 0.3973509933774834 0.040232735197356914 0.07816740853327545
0 0.033063436300089455 0.5053290855734219 0.041285550475837096 0.08397016254490351
0 0.79872813723833 0.0768169436814678 0.04123172552333996 0.07980911263706439
0 0.21465971157338332 0.1759274380819139 0.04192057685323337 0.08192012383617214
0 0.9681001906864011 0.08088155466290305 0.040791523186209266 0.07925306698512646
0 0.09126827527329384 0.614244519928643 0.04260758414997869 0.0818650570611667
0 0.6271031354537009 0.07408266331017262 0.041915729092598164 0.08031167337965475
0 0.03380388341558746 0.3952310086019403 0.04182310336033911 0.08248811627281831
0 0.26961520462117666 0.8343285202475301 0.04218849315833952 0.08142438388882853
0 0.7988014402411169 0.39781897994246007 0.04193711951776603 0.0801890401150798
0 0.15393978247570503 0.28596093163045866 0.04217175235560197 0.08205113673908267
0 0.8557767791739717 0.5042681586961243 0.04133625966877864 0.08029834105960276
0 0.798438187571158 0.504424058191293 0.04093122018342221 0.08115296927586578
0 0.15121382935033653 0.6139040123836171 0.04175099995283294 0.08118404197111506
0 0.7967618236046016 0.8278145695364238 0.040931220183422115 0.07979589621105201
0 0.4472466327610412 0.9424057148246661 0.04290037051136088 0.080447082672891
0 0.09221062982027774 0.5046980188350725 0.042291163435460494 0.08331896232985504
0 0.4507637392206304 0.28780802081750084 0.04294973356988697 0.0805557875909239
0 0.4479382087387456 0.8336229995385952 0.04176897651693476 0.08164183014873519
0 0.6805653224311468 0.937750897920964 0.040994021199019424 0.07873705802844451
0 0.5662617782030774 0.614889805667137 0.042328190155552614 0.08278145695364239
0 0.5080150176437307 0.6151137459016393 0.04234196471253855 0.08268650819672138
0 0.7384452373417058 0.9359596906144827 0.041643525316588416 0.0784116187710347
0 0.2741553570306006 0.1765552057322766 0.04149000817227432 0.08223862772771683
0 0.2158362644578854 0.06722434442584489 0.04175810569825357 0.08139524440996065
0 0.9674784870675504 0.7162155650580826 0.04038629793178574 0.078615040657909
0 0.21260569955364234 0.5046977688350724 0.04158591819972739 0.08148566254490354
0 0.5059686841590589 0.9421274221311475 0.0413226316818821 0.08097615573770504
0 0.5658359475682244 0.7241612477201173 0.0425941048635509 0.08147850455976559
0 0.4483647087387457 0.7240392965747474 0.042342582522508714 0.08232026072087716
0 0.7396956002430727 0.7214200412550211 0.04107091718063516 0.08196721311475412
0 0.7420356468040818 0.29054917926935186 0.04128070639183617 0.08115264146129632
0 0.8536883499689173 0.8259146672456844 0.04079152318620907 0.07871023775920091
0 0.15369384137007752 0.3961474084944161 0.04073652879785294 0.08004438322621638
0 0.3892062938281866 0.724582125800673 0.04220941234362667 0.08394874839865377
0 0.39083008181703877 0.39591269957116487 0.04322183636592234 0.08234760085767023
0 0.741274222327771 0.6131934593692324 0.04255179738347528 0.08156008126153509
0 0.6836771043606417 0.5052383020301813 0.04107091718063516 0.08223862772771678
0 0.9126822696082199 0.39740547994246006 0.041713278800282236 0.07936204011507982
0 0.2718816610042817 0.5053739513896428 0.041692314024880064 0.0825099264466399
0 0.27045339256951667 0.6145438828303116 0.042188481228215995 0.08238764417544235
0 0.6823184439046707 0.7219766746553034 0.04170632420180638 0.08145199223754213
0 0.8564787186642171 0.29096317926935183 0.041343168677139226 0.08089498300944525
0 0.6236772440576389 0.8320214960373467 0.04149000817227427 0.08006731082401486
0 0.4513958302122696 0.17917426899902292 0.04309633957546093 0.08204846200195422
0 0.6845679138768012 0.1821804639832809 0.04117617224639768 0.08100407203343832
0 0.9097766943499548 0.931223537075236 0.040372432194570054 0.0776245793073499
0 0.7414803133194102 0.5050956586961242 0.042405191377901365 0.08141051183367715
0 0.6846377623754076 0.07518207792313537 0.04103647524918454 0.08142484415372922
0 0.799220531232756 0.18327250051568775 0.041098937534487796 0.08047399896862449
0 0.09305252405127373 0.3948170086019402 0.04177382208896646 0.08227104953446869
0 0.8561260216670042 0.0780451875203561 0.04147595666599158 0.0790086249592878
0 0.3925207638003171 0.17835339707957873 0.0424122904160875 0.08257803506676797
0 0.5101946391172546 0.1793099763055043 0.04139272176549062 0.08177704738899146
0 0.6817911948982656 0.8306644229725327 0.04093122018342221 0.08006731082401466
0 0.2682708165918123 0.9442989675116708 0.04264211726165945 0.08350064276408617
0 0.9128185121012523 0.2909494231082402 0.04058879381421703 0.07869615378351974
0 0.5090696541311893 0.396998358023016 0.04193669173762109 0.08017628395396813
0 0.38793865734072797 0.9436339586635544 0.04218868531854409 0.08127508267289128
0 0.5685807660389615 0.07271871216480294 0.04221646792207704 0.08138357567039409
0 0.32850084843574284 0.9437834221311475 0.04177612114523602 0.08320249728585404
0 0.5643582655849463 0.9413136782922591 0.04187389285240322 0.08043432651177927
0 0.9129754816193677 0.07928030943980023 0.04202030882815221 0.07822189344262294
0 0.6230208319968986 0.9399497271468896 0.042132942011776545 0.07987774112474212
0 0.15084360579258752 0.7246569725629872 0.04258278841482493 0.08214305487402564
0 0.507379493877779 0.7244056019976115 0.04246788715276566 0.08142438388882862
0 0.6838168013578547 0.3973509933774834 0.041629705169487316 0.08088155466290302
0 0.2137620409001363 0.28580819831504606 0.04201191819972736 0.08235660336990791
0 0.14964835866096324 0.8347770282840296 0.04207897684456437 0.08244719212193133
0 0.9131013605998587 0.18450074435457606 0.041713278800282236 0.07967351129084793
0 0.21052234382590948 0.8338750274919968 0.0418214663612337 0.08125412379951633
0 0.8547255971906936 0.7186921869775269 0.041469047657631285 0.08085413836716983
0 0.6830936863977033 0.6126506301433069 0.04241862720459324 0.08264573971338611
0 0.15232450002358353 0.5045897354658976 0.043028999952832936 0.08188052906820462
0 0.7985185917425104 0.6118226301433068 0.041092028526126916 0.0809897397133861
0 0.3290665454329559 0.8343152922321138 0.04234872715080993 0.08139792785799592
0 0.9126857241124 0.5031756221637173 0.04060261183093859 0.07974175567256542
0 0.796123015764806 0.935830861388557 0.04132996847038783 0.08032527722288561
0 0.7421787983054754 0.18327250051568772 0.04128761540019714 0.08101682819454997
0 0.9122912402997897 0.6102757572467702 0.041490008172274176 0.08061014004994027
0 0.6260519534704225 0.39726927263597867 0.04232791107587651 0.0796324547280426
0 0.211072626278031 0.6145499865594681 0.0416642428034847 0.08186505706116662
0 0.6268237414592748 0.18053822014439255 0.04247451708145033 0.08097655971121485
0 0.7416967678235905 0.3980972726359787 0.04144113041413184 0.08074562550211706
0 0.2725766914861665 0.3956344068776463 0.041126617027667026 0.08070535701878193
0 0.8532518697115954 0.9326820810172617 0.04159492663812189 0.07837035028769937
0 0.2692590590848449 0.7248193784876776 0.04290078423100295 0.0838538062642492
0 0.8564821731683978 0.1835507932092064 0.041908865674352654 0.08157341358158728
0 0.21083269354377182 0.7247210559859241 0.04181327156596235 0.0834930882432003
0 0.32976898492320156 0.7249823696395614 0.04151845417589251 0.08149226072087734
0 0.15025109134592626 0.9441994326097621 0.04204629875663324 0.08288233122616905
0 0.9685192816780401 0.18646183910541742 0.04079152318620907 0.08088155466290305
0 0.33138931840787333 0.3961841141841277 0.0425239691898273 0.08180477163174468
1 0.38780934910104975 0.8573375334654219 0.004449334235543119 0.006636408478992478
1 0.9645661108111506 0.924899555070025 0.01181785765574463 0.012105134784496615
1 0.8555672505081477 0.500569962409076 0.00850749898370439 0.012105075181847759
1 0.5625212528410876 0.9434915603626101 0.007341353726766677 0.016176145369666533
1 0.9062842694196287 0.9255238302030182 0.006845152863439257 0.0265986320703507
1 0.4508160904433284 0.8521197530941266 0.011147998903378505 0.010015189284550802
1 0.9510744954825484 0.31789442006839647 0.0052738089818183094 0.021577352459016357
1 0.27285291463640365 0.06710714881663228 0.028448829272807258 0.05143329763326457
1 0.32758938869467125 0.9439801149440887 0.006984989400490351 0.029855425306698144
1 0.6826711661468774 0.72933869669417 0.007320362321624215 0.021075076484637884
1 0.20579070483201564 0.8555143902825163 0.01558329231958844 0.043759722567841566
1 0.6752847562304861 0.5116569430572142 0.005329542488841524 0.0178325692107262
1 0.5014004209611851 0.4003907277711432 0.005811477955813873 0.023233309412658762
1 0.3259480781849169 0.8404218081098686 0.01166458039212947 0.026354299316035047
1 0.8492004404524087 0.8251614370589513 0.014004910932686864 0.010191727988274763
1 0.902551066466085 0.7152319105960264 0.004812162960039654 0.024318504288350917
1 0.8515266679315064 0.932553438877429 0.014381547874160969 0.014710731625230728
1 0.5084001737345888 0.5152709088086427 0.011848771491473157 0.020091500713583295
1 0.9599385873822179 0.38654847820540655 0.006823810797879108 0.028118981055259964
1 0.6222280922279575 0.613458182987732 0.011419820489358473 0.017248219845836393
1 0.465260849218046 0.9460156334817065 0.0090803048188479 0.02307024210183473
1 0.7901962905557844 0.6044268418738464 0.01131500513386453 0.01739753761806536
1 0.13925480446561914 0.8601776358396327 0.007490571828209673 0.022726762793497897
1 0.20706342555543153 0.7307800395884753 0.011320096157927919 0.014356931648786743
1 0.7945789650320952 0.40433999582021496 0.007578748080912305 0.02727701628487675
1 0.7316734211410449 0.9304638046357617 0.010735872309959711 0.024318292367820616
1 0.7376697700936669 0.39781253894799695 0.008521964209629347 0.019704419444142873
1 0.148603750542637 0.9415608989285794 0.009163982533759689 0.022735896080005407
1 0.3853541668121843 0.6268320486374986 0.0065657588690131285 0.02144175442405812
1 0.03299976798054397 0.917403724937008 0.01657453596108796 0.011402998985439528
1 0.5139973238246244 0.6226050971664314 0.008277677677118175 0.023381706655086234
1 0.5048301564012656 0.9421072249755728 0.011524736824826742 0.020573303821517685
1 0.457008166875048 0.19000363258603842 0.012733545761243734 0.01082977749430027
1 0.380747750148428 0.9472913649440886 0.008793742335873494 0.02323292530669829
1 0.9599000878362332 0.6127795421506894 0.016679599694761803 0.048461108945825636
1 0.08508707709820833 0.8417425097888376 0.00937879612773093 0.025592510691908214
1 0.15326612022099345 0.4019879884228147 0.010744899095492892 0.020075243799027382
1 0.4528488559112783 0.7307230320812071 0.01350852983927851 0.0150494303550104
1 0.6734896807067969 0.9365159630876126 0.013948785435889491 0.016013780045597812
1 0.9631057013487744 0.7153403555802845 0.007474432725418576 0.03115839425686666
1 0.3247781678145103 0.40425866746281613 0.010861664370979357 0.015986665074367638
1 0.8467350159760978 0.407128800835957 0.013906667985639089 0.01572828476821184
1 0.3866707960982628 0.5155725707035067 0.008402804207673528 0.029000336825534597
1 0.6756061126900752 0.8324419850450548 0.012509861413593804 0.03851414086418408
1 0.7901960647355885 0.9312235370752362 0.01578576068507402 0.02442731516664868
1 0.7307409591298972 0.7210195325154706 0.015115342282089925 0.016000235805015806
1 0.5536060160281846 0.5063696410956332 0.007755364178995489 0.027177989932011162
1 0.7956864274972584 0.7201782763543589 0.012069279016812491 0.018225577353164598
1 0.38320626561637805 0.17725441955270874 0.011140955255051812 0.010815229942460071
1 0.505633281412616 0.7302410161763109 0.007124546857865338 0.030127022038866486
1 0.5590118053898593 0.6160162375692106 0.006537216785292705 0.027331329008793887
1 0.5076376643622482 0.8369071743024644 0.014850328724496509 0.01547020247530117
1 0.3866604325857215 0.7337831474052763 0.01065868318816485 0.03607066100314836
1 0.8441644395443781 0.19348487599066333 0.005916303111052001 0.030465922755401133
1 0.3213869403354125 0.6141910984692216 0.008270119329175039 0.024929803061556847
1 0.3254731982963951 0.7359745571599173 0.008619603407209788 0.02639488568016501
1 0.5680079352783811 0.3973646485452177 0.00894071860135366 0.02928546786450976
1 0.7322356636340775 0.5107550341710997 0.011567145284877074 0.03646409298664633
1 0.27123207273673405 0.18148785837585496 0.010735963490189708 0.016461912170231213
1 0.1527763618083539 0.0629781910388309 0.02178672361670782 0.04134158229271033
1 0.6214318727098422 0.72188794669417 0.01580619946984995 0.03434808880686132
1 0.26728946627714484 0.7306682574367603 0.009959962582159315 0.029272539517967534
1 0.26520413324648834 0.6191915302627293 0.020556690515272275 0.02098074362175656
1 0.7916734725390627 0.29272093325914667 0.011992763094847194 0.02035554961459118
1 0.5644629427853486 0.8390239665617197 0.01547191559856673 0.03403544544566276
1 0.20531006013408026 0.626573391559346 0.008537884690670492 0.031548116810439626
1 0.03225775962286785 0.734902502168813 0.01786962501473971 0.02138533802937361
1 0.4471632414907066 0.39750035585169907 0.008116119014856692 0.0284712240256215
1 0.9605390878362332 0.8211308820432092 0.01623978167804034 0.028566593312343902
1 0.32933239665565384 0.5035485407664748 0.010483823339177308 0.028078252307024258
1 0.14828513464350343 0.5213290982258498 0.015361269287006894 0.015380463405097541
1 0.08590687621907214 0.7242888024913858 0.016225622629658352 0.02917220562791716
1 0.4590026743820153 0.5136589122516555 0.007626954769604769 0.03174199527738571
1 0.7867979040683256 0.18929833373140809 0.015317838164521123 0.015497350559114088
1 0.9611887013487744 0.5095606807349907 0.010749644736566493 0.028539044566279446
1 0.7347714366089949 0.18005662642492673 0.010965903245859705 0.03343793594615135
1 0.8539920924078173 0.7245889409673216 0.013921002832356488 0.012118394256866762
1 0.14608822355774903 0.6178554666308252 0.01832099999999998 0.014901000000000088
1 0.016436330531085452 0.39850109014320273 0.008031338937829088 0.029156819713594455
1 0.0852456514569907 0.51407275 0.007607697086018571 0.02814550000000012
1 0.5098313538524938 0.2932632624850722 0.012139313710561761 0.02252786651829336
1 0.67885764317196 0.6176243410053197 0.010197710366215664 0.036057365106937245
1 0.38163825810941066 0.39618380127022035 0.014556364263412645 0.015905114862664202
1 0.45517112888619576 0.625318993296059 0.013613681794687357 0.02718201123656492
1 0.20960874883693875 0.3980658051611642 0.009373920749893424 0.027308677060677904
1 0.5099675963455265 0.18442627255455435 0.011308040735644396 0.032841082075778925
1 0.02321154688052739 0.6182020586740303 0.013950752414560792 0.033628384301458945
1 0.6830033861190078 0.2907596282434046 0.012523196260311259 0.030792110357181608
1 0.031210097362260374 0.27128939584198825 0.008015959147030752 0.028546058637374423
1 0.2641322242381275 0.9494287914450115 0.024097478504124515 0.03470011985669298
1 0.26340214029944053 0.4034781054174357 0.012705522637898304 0.03551474780154162
1 0.02841801202563687 0.19140985035800687 0.01234234135828576 0.033128101146110756
1 0.8494275915539193 0.6124470741504722 0.016344548673926276 0.033383997394419704
1 0.20463811902845275 0.28887969508931843 0.011768449594913516 0.017802790608733875
1 0.617921675258614 0.18940677871566605 0.015003562528376042 0.02070875284985343
1 0.9054146049089524 0.29059690861469983 0.011099027834626482 0.03763150032569753
1 0.6768036506789273 0.18284518144066875 0.013188119374576491 0.021889704429486446
1 0.9570116010341069 0.18948129190641624 0.016099797931786067 0.026666416187167512
1 0.903001506410346 0.5050550772988818 0.015925224831839422 0.026150837694061218
1 0.08993187503242736 0.30129395664817576 0.01949572116087587 0.029019329928398632
1 0.7385637325588298 0.2885949394202583 0.014277677128807523 0.023722074259038113
1 0.851875910424539 0.29641892093692324 0.01508003286022617 0.020016354196069865
1 0.45298164390013057 0.29546871979155354 0.015478105816982923 0.018116951905330605
1 0.6212257817182032 0.40203959969058733 0.015938987458702113 0.022106882477472525
1 0.9561035705522222 0.08166203392682662 0.017915858895555685 0.02707393214634677
1 0.32445337368073646 0.18475196181196393 0.01633035336704688 0.02296160672022581
1 0.5681128204037941 0.1800428288730865 0.014179359192411638 0.027331342253826944
1 0.20949956975105222 0.07821784012487475 0.01808235104011241 0.042019880464798015
1 0.8456031051516759 0.08202161358701553 0.01735678969664807 0.04787777282596895
1 0.20634499282706822 0.1771067346411378 0.013700302961148469 0.02935486971237257
1 0.9101016133239505 0.19336267484529365 0.017371074692491897 0.022567886657257615
1 0.08853188222894265 0.1839794838347059 0.013491187533901342 0.04187950157620778
1 0.33129506362499733 0.08263928878514819 0.012146369289012082 0.0328540898925198
1 0.2699503682325536 0.2870685186461839 0.014696342470681042 0.03003189116274017
1 0.08971105891206015 0.07939057370909801 0.0180506707086223 0.03173228089489503
1 0.6740519231998295 0.08217764222125719 0.013941876427528517 0.04137699218325914
1 0.7949664654861105 0.07962596572033438 0.016023748988942942 0.0318239560851156
1 0.6179705467321379 0.29223915245358806 0.02021430547542391 0.0392324756812506
1 0.5666425642588724 0.07814056342959504 0.016700552540040638 0.028280809955488
1 0.9008742109145261 0.08371756915644338 0.0185034518569222 0.03449733373140809
1 0.7384800660435016 0.07877783147866681 0.017238950103724972 0.041662662957333604
1 0.6217391611527098 0.08005372188144609 0.027205564344436772 0.02988278531104114
1 0.459082894808161 0.07453751457496473 0.020877425649765614 0.03874388302030181
1 0.5057660813315917 0.07165327073607643 0.02278440470220091 0.04234105379437628
1 0.02763987620728039 0.07508972440800565 0.004150752414560793 0.01772944881601133
1 0.08274992549647267 0.41502060467730506 0.00776050964645139 0.007450543046357599
1 0.7369853531243232 0.8349935158506133 0.0031853422820900005 0.01549771479752466
1 0.7968526165334888 0.8351223450765389 0.003031445078125522 0.016325714797524756
1 0.6162769018296814 0.9404858653783519 0.0034852276816583283 0.015130755401150739
1 0.7884495780906213 0.5051027238627728 0.008102974197964552 0.014113301595917813
1 0.9021176574577241 0.830610113559874 0.006517162960039493 0.015579251764194921
1 0.09680600924742382 0.952789484246438 0.004016876620200005 0.007525586995785603
1 0.20657742194389672 0.5156418450639149 0.002229466612498887 0.00818188818727863
1 0.5742371656718004 0.5174135750873358 0.006756542470384956 0.023307400501511005
1 0.5197022157322645 0.5137969094922737 0.007721762823297189 0.01393086006986859
