0 0.6704316002019182 0.9375306733411857 0.03975265017667847 0.07699008637612871
0 0.07758162165572942 0.5430182306635257 0.03811377334679454 0.0781104699646643
0 0.4717420190560323 0.35366132322340005 0.03895349798081788 0.07729221849234393
0 0.6705188917213529 0.45102381900274835 0.03961173599192337 0.07693476010993322
0 0.9675241381847152 0.05885899888911217 0.03842439244085897 0.07702789361155768
0 0.6212027353609288 0.45079505182567714 0.03973005426552254 0.07647722575579093
0 0.32314803129732456 0.25366853160581077 0.03959490156486619 0.07668335296427169
0 0.8701828886925794 0.15997173095798978 0.038573753154972225 0.08069140066745192
0 0.9676402926045016 0.45168587004287253 0.03932284519981611 0.07782020382279389
0 0.5716440762241292 0.4512535026501766 0.03967886420999491 0.07678066058107581
0 0.7202012872286724 0.45089811542991753 0.038963907117617276 0.07729681978798592
0 0.8705372685512366 0.2547019601491951 0.039913507319535614 0.07936367687475454
0 0.8698258455325593 0.9378374067530427 0.038175164058556275 0.07699008637612871
0 0.5220311684755173 0.547653464664311 0.039519176930842954 0.0781789356105221
0 0.6208843679959616 0.7432633732822929 0.03909331953558817 0.07677998566941498
0 0.12699127940434124 0.6411226435021594 0.03912894952044423 0.07800991205339614
0 0.6211351590106007 0.2550488319591676 0.039594901564866294 0.07821702002355711
0 0.22491222198384653 0.35012715616411466 0.03810056713780914 0.07819895308205731
0 0.3235190444220091 0.8376930687082842 0.03907493891973753 0.07730506164114656
0 0.5716795817768804 0.8402733524734981 0.038803383644623934 0.07633096093443262
0 0.4220091168601716 0.6442590273851589 0.03886931903079253 0.0775345447585394
0 0.9192696371152964 0.35388196677384776 0.039044556729444325 0.07536173633440515
0 0.4223421113074205 0.2545665774440518 0.0398508051489147 0.07909291146446798
0 0.966590463239422 0.5497796313762853 0.03912916054203026 0.07733065183994281
0 0.9190980369774919 0.45218341389782046 0.03898844878272842 0.07602411611289704
0 0.8703222616102979 0.4516703024146054 0.03853700176678458 0.07638732646250496
0 0.9188326523886081 0.7433401234369417 0.03874477193385378 0.0766565777063237
0 0.5720679491418476 0.645015543973302 0.03958011837455838 0.0765937106399686
0 0.37304345911155984 0.2550630940321948 0.03874214285714288 0.07885901099332554
0 0.472154277385159 0.9363570141342753 0.03914702019182243 0.07832356890459359
0 0.9670705098759762 0.8401047249017506 0.03789618741387223 0.07480350125044666
0 0.8202604920494698 0.06012573576756969 0.040634563099444826 0.0779222606988614
0 0.7700057072185765 0.059950835885355325 0.039506618879353944 0.07818592775814684
0 0.2240264830893488 0.8365504851786415 0.03885306713780921 0.07808722870043194
0 0.4220432342251388 0.44999931900274825 0.0395685482079758 0.07611269375736161
0 0.9683624253559945 0.35485887817077527 0.039331649058337144 0.07508261879242588
0 0.6704363931095405 0.6451812442088732 0.039446738768298774 0.07753857793482538
0 0.27435138806158504 0.7402283892815077 0.0385437655224634 0.07807161955241475
0 0.42234610991923266 0.35274470651747153 0.040489796819787975 0.07729938555162934
0 0.5720539491418476 0.2559688274440518 0.040183112821807344 0.07883007734589717
0 0.8198567462140334 0.15841151472320375 0.040142568652195974 0.07879790184530819
0 0.7198158119636547 0.6466571109148016 0.039770442705704206 0.07680951040439736
0 0.5720282060827864 0.742437056340793 0.039185135032811756 0.07758121908127208
0 0.5226989156991418 0.05902733588535532 0.03896168803634532 0.07572546093443266
0 0.6713227618626955 0.15794434825284648 0.03932649293286212 0.07847703572830782
0 0.17576856701161028 0.5435728473694542 0.03824839096415954 0.07676583608166461
0 0.47151526627965673 0.7419484064585787 0.03913098687531549 0.07905778661170003
0 0.7697114613831398 0.5489828983117392 0.03986461887935379 0.077770468786808
0 0.9190122869774918 0.2564056417470525 0.039678225769407355 0.07858254108610217
0 0.7698062113831398 0.25628014438555163 0.03910762720848057 0.07822577758146844
0 0.8697469712266531 0.6458271986650962 0.038648409893992916 0.07514968590498632
0 0.7204650577990914 0.2565468274440518 0.04012244270570428 0.07753221005104044
0 0.422660982836951 0.7418633898704358 0.04017305098435143 0.0782742866117001
0 0.3226422243816254 0.5454189586768747 0.03997552094901567 0.07781638182175113
0 0.8198984098939929 0.5488994405182568 0.04022589601211511 0.07883048684727129
0 0.9681471061093248 0.25549303322615213 0.039188102893890735 0.07843202929617722
0 0.7203590358404847 0.15796770710639968 0.03896390711761737 0.07852375343541419
0 0.42268573006057547 0.8388300189438554 0.039276053760726876 0.07712509481743228
0 0.6711733889449772 0.05852086906164115 0.03902774709742555 0.07655292775814683
0 0.27479808177688037 0.15536047310561443 0.03785966683493182 0.07699008637612878
0 0.8203188649671883 0.2553339939144091 0.040435811711256923 0.07756041028661169
0 0.22463402322059564 0.7389207891637221 0.03754416961130741 0.07729681978798582
0 0.7698132256436143 0.4510514821358461 0.039437152953054014 0.07699008637612881
0 0.7698508301362947 0.354645356988614 0.039827859162039354 0.07619295190420106
0 0.6704645174154467 0.5486644984295249 0.04013398182735993 0.07836060266980767
0 0.12676815509843514 0.25175216038476633 0.037736209237758736 0.0777583451118963
0 0.6215453582786471 0.058309802120141335 0.03978430565371026 0.07735772752257557
0 0.769608841241797 0.7428228223400078 0.03902838414941954 0.07651235060855911
0 0.12785524987380112 0.15444027287004317 0.037701918223119635 0.07576315272870042
0 0.07859986610297828 0.25084076050255194 0.03731078722867238 0.07654901217118172
0 0.27393776792024227 0.44800468570867674 0.03960950858152447 0.07580422811150367
0 0.720191179328622 0.3539961899293286 0.039574685764765354 0.07734848508048688
0 0.522069030792529 0.3533568904593639 0.038332912670368556 0.07668335296427169
0 0.8703703886925794 0.7439168732822928 0.03894875315497229 0.07686005202198665
0 0.6210937367491166 0.548842731841382 0.039512057041898176 0.07749013584609345
0 0.32339304442200906 0.7399744893992933 0.03976943059061081 0.07817728661170016
0 0.32386828886925795 0.44887075206124843 0.03788044447248871 0.07692289399293267
0 0.7698325843008581 0.6459183105614448 0.03947587026754178 0.07778577699254037
0 0.522147905098435 0.4504380153121319 0.039437152953054014 0.07637661955241458
0 0.6213818582786471 0.3540702568708284 0.03977280287733466 0.07811008578720068
0 0.8702617685512367 0.35324668992932856 0.039047010095911154 0.07768988555162935
0 0.6210483610550227 0.6459442442088731 0.039736802877334804 0.07722417746368274
0 0.5219585469459868 0.6449067270318021 0.03874293942453316 0.07576260993325491
0 0.22503659906612822 0.1571324151943463 0.03898031574962142 0.07562623596387907
0 0.1763293142352347 0.15468423095798978 0.03747690206966178 0.0750241352571653
0 0.1763684343765775 0.25242751050255197 0.03787063957597174 0.07788211170003927
0 0.8194251640585563 0.3541237239890066 0.03896390711761737 0.07637661955241462
0 0.8195040383644624 0.9378374067530428 0.040068147400302935 0.07760355319984293
0 0.07739025290257445 0.8348019514134275 0.03962401918223119 0.07827096211228893
0 0.3240609159515396 0.1546730307224185 0.03795020141342752 0.07561520160973693
0 0.27416708732963146 0.5450652728700432 0.0388061585058052 0.07791028661170005
0 0.4721322648914689 0.839060902237927 0.03910299520444218 0.07758686140557516
0 0.27377271580010093 0.8372288476639183 0.039594901564866246 0.07821702002355706
0 0.671139016027259 0.2564148274440518 0.039905492932862274 0.0766547432273263
0 0.27470912556789495 0.25391382744405183 0.03799725164058556 0.07778741146446798
0 0.3727759507824331 0.44878523547310556 0.038838120646138306 0.07736532764036132
0 0.7204379101463907 0.7430616902237926 0.03975265017667847 0.07699008637612881
0 0.8703333928571428 0.5480731814880251 0.03887476148409894 0.0765645019630938
0 0.029786701413427555 0.34826715616411463 0.03622660827864714 0.07570588672948572
0 0.7197280413932358 0.8404495484884177 0.03896390711761737 0.07729681978798582
0 0.4222502356133266 0.547048198076168 0.03935155653710249 0.0775818692579505
0 0.22492185184250377 0.4474878355908912 0.03811982685512366 0.0759974615233609
0 0.12704940371024734 0.7380178726933647 0.03861420368500758 0.07794485414212794
0 0.7698703356890458 0.9379742149587752 0.03955137304391729 0.07726370278759355
0 0.7204583008581524 0.06007396917942676 0.039477934376577546 0.07659179387514722
0 0.22455514891468953 0.252594964664311 0.038648409893992916 0.07760355319984295
0 0.5225207900050479 0.1579335982528465 0.03923643109540628 0.07845553572830782
0 0.5220369240282686 0.2548786941499803 0.039846185259969906 0.07849021122889667
0 0.372669576476527 0.6436865771495877 0.03830987481070167 0.07638964428739688
0 0.27388001236749115 0.35156158981154295 0.039493997476022204 0.07738701943462893
0 0.42288898006057546 0.15667344837063207 0.039367056537102485 0.07777563643502157
0 0.5722815720595658 0.3538141733411857 0.039376369762746014 0.0788248523753435
0 0.6211058582786471 0.9373064981350607 0.039536300100959106 0.07654173596387892
0 0.1756026927057042 0.835934368472713 0.03854763679959614 0.07624152846486067
0 0.4716108905855629 0.45031343570867693 0.03963773271075221 0.07612746034550463
0 0.1759203156234225 0.7385644893992932 0.0379208937405351 0.07781115390655675
0 0.42294085575466933 0.05779628553199842 0.039155310701665814 0.07633069434628972
0 0.9186236793752871 0.645420239371204 0.038326825907211766 0.07675732404430155
0 0.373864209994952 0.057665881429132315 0.03754416961130746 0.07606988614055751
0 0.1270040321807168 0.8357276018845701 0.03820796340232205 0.07705492893600319
0 0.1264277821807168 0.5439915807813114 0.03989493841494195 0.0782167697290931
0 0.5720754491418475 0.9376920478994896 0.03959511837455817 0.0779263023164509
0 0.918190879306385 0.9374386017327616 0.03860959508497928 0.07799662111468365
0 0.9674527041800643 0.6457808035905681 0.03837348369315582 0.07636198231511265
0 0.6704592688036345 0.8402066688260699 0.03980798738011109 0.07803799411071852
0 0.22589601211509336 0.057819248135060855 0.03722867238768297 0.0763766195524146
0 0.3244100201918223 0.0565923144876325 0.03833291267036851 0.07576315272870042
0 0.522384045557799 0.7421201564585787 0.03990943387178183 0.07817435296427178
0 0.5226385427814236 0.937657914605418 0.03915643942453306 0.07785803572830789
0 0.3727117021706209 0.3525645732234 0.038078628975265004 0.0775525857872006
0 0.8193462897526501 0.8401428150765606 0.04069914184755175 0.07484295249312911
0 0.9188843562241618 0.8403538994283671 0.03884817960496087 0.0769765555555554
0 0.918803286977492 0.5484137337441944 0.03839894878272848 0.0781265921757771
0 0.2735196380615851 0.6426241772673733 0.039088746087834435 0.07671871181782494
0 0.22460060045431593 0.9342797807224185 0.0384238157496213 0.07907683667059275
0 0.22490009767794042 0.5445376808990969 0.03839181574962142 0.07746856949352181
0 0.1265491592629985 0.44644915194346285 0.03824470923775872 0.07637396152336083
0 0.4721415951539626 0.2552021986650962 0.03849066128218073 0.07791028661170002
0 0.07777006562342252 0.34921598939929327 0.03785966683493185 0.07576315272870039
0 0.9680320178571429 0.15851723263888887 0.039440151785714354 0.07764101909722222
0 0.6214404811963654 0.1580381651943463 0.03957455148914692 0.07805120278759323
0 0.7203217966935891 0.5495783319591676 0.03920492604745078 0.07773440243423636
0 0.47118491002019186 0.6448692104436592 0.038154777132761296 0.07752797722811167
0 0.12738200403836447 0.05689904789948959 0.03801741544674407 0.07699008637612878
0 0.47192851350328113 0.5482893313702395 0.03964198409893994 0.07883720219866516
0 0.5718863234477536 0.1581543980172752 0.038901369762746184 0.07889713525716528
0 0.17636456423523472 0.9333017641342756 0.037862899293286234 0.07773427031802131
0 0.224592350454316 0.6416498603258736 0.037776321302372545 0.07722394522968191
0 0.9667489502756087 0.9378113078778136 0.038114345199816414 0.07762556323687045
0 0.32347917011610294 0.643434493619945 0.03867969308430089 0.07711241087553983
0 0.3732298223119636 0.8380904685904985 0.03848387481070168 0.07809986140557514
0 0.02900770974255426 0.5420428307813113 0.03750809994952043 0.07800007067137807
0 0.5720753407370015 0.058279348252846475 0.038648409893992916 0.07484295249312917
0 0.7194192498393834 0.9375643482528464 0.03962666910651192 0.07705743619945021
0 0.17604745078243308 0.3493693561052218 0.03880615850580517 0.07729681978798582
0 0.02957786471479051 0.44553028072241846 0.037701918223119635 0.07453621908127209
0 0.6710308958859161 0.35389208981154296 0.03937375542655214 0.07714028484491559
0 0.030488822942958103 0.15381741460541812 0.036684359666834934 0.07635783667059282
0 0.571818827612317 0.5483701483117392 0.03971286976274614 0.07838536925795056
0 0.8702500129984856 0.8406608524734981 0.03807700731953564 0.07649249411071847
0 0.6208985360928823 0.8410630153121319 0.039437152953054014 0.07606988614055755
0 0.8196617869762746 0.7435217903415783 0.041330136294800666 0.07668335296427169
0 0.8190307925290258 0.45151158225363175 0.040068147400302935 0.07791028661170005
0 0.4228451539626451 0.9369172065174715 0.0380174154467441 0.07699008637612871
0 0.17581082786471477 0.6410728307813113 0.03833291267036851 0.07606988614055746
0 0.8702501400807672 0.05985236906164114 0.0393392503785967 0.07860246093443267
0 0.12699940232205956 0.34974505604632894 0.03756770923775872 0.07743475284648602
0 0.47222046945986873 0.15796770710639968 0.038963907117617325 0.07729681978798585
0 0.02916545835436648 0.6394621435021595 0.03813909439676931 0.07530237887711037
0 0.3733649480060576 0.15694023154691797 0.03970061786976277 0.07708226914016492
0 0.07824331145885915 0.44691058107577536 0.037228672387683 0.07545641931684334
0 0.3730370750883392 0.7415421730467217 0.03936036925795052 0.078245319787986
0 0.7692611055022716 0.8398360816647035 0.039910398788490654 0.07606988614055746
0 0.030050082660272585 0.9313845638987044 0.03738436521958607 0.0781941376128778
0 0.32345591733972734 0.3526360566352571 0.03989517642604744 0.0789224862583431
0 0.17589468715295306 0.44720505182567727 0.03881612847046945 0.07788576128778955
0 0.6702961514386672 0.742488572928936 0.03948175265017651 0.07707078543384385
0 0.9187944208091697 0.1580482147642015 0.03827243536833943 0.0773811517506252
0 0.37287583480565367 0.9364386646054181 0.039037888692579514 0.07664646937573612
0 0.27377271580010093 0.9344633392226147 0.03896390711761737 0.07821702002355715
0 0.5222267794043411 0.839989448370632 0.03896390711761737 0.07760355319984293
0 0.7698722058303887 0.15807599813506085 0.039870610550227274 0.07812686866902235
0 0.4728531336446239 0.05861763564978406 0.039598241039878905 0.0761329941107185
0 0.37240895355880865 0.5470920647820965 0.03905061786976276 0.07889653631723595
0 0.029363456966178696 0.7369948057518648 0.03758859994952044 0.07651218708284259
0 0.8194251640585563 0.6458271986650962 0.03959490156486619 0.07453621908127209
0 0.07791224457344774 0.9315110638987044 0.03782852751135789 0.07783367078916391
0 0.9190097400558394 0.05829040592761922 0.038703073861678865 0.07928154970246068
0 0.17687393576476526 0.05712246859049863 0.03761965345784957 0.0762099941107185
0 0.2747192074709742 0.05582548095798979 0.03801741544674404 0.07668335296427169
0 0.32367554719838465 0.9352691977817039 0.03907244724886425 0.0773748698468787
0 0.02961745418980313 0.25165264379662344 0.038412091620393746 0.07755931193561051
0 0.07777006562342252 0.7376938555162936 0.03785966683493185 0.07729681978798582
0 0.030483081272084808 0.0563778015312132 0.03667287632508834 0.07778799411071849
0 0.07832161887935388 0.15412964801727522 0.037700784452296826 0.07636883667059287
0 0.12703715648662292 0.932851897428347 0.03858970923775874 0.07683453690616421
0 0.07911092882382635 0.05490528072241852 0.037701918223119635 0.07729681978798587
0 0.029536334048460372 0.833608550942285 0.03698786244321049 0.0771110948174322
0 0.07736750012619889 0.6407164432665882 0.03800102751135791 0.07658404475853962
1 0.22923697829379103 0.5471599545543777 0.0034139787985865712 0.012987707695327779
1 0.22768422551741546 0.2616421342756184 0.006203987127713262 0.006751067137809189
1 0.47937624204946994 0.4452416412446014 0.007300014639071151 0.007632147428347144
1 0.03844406120646138 0.6457772500981546 0.0064031446239273095 0.005314365135453494
1 0.5707213422513882 0.4478923248920298 0.006336215042907664 0.008465448370632098
1 0.7220544314740031 0.3507327959363957 0.0033923990408884002 0.015063658225363152
1 0.47027178924785457 0.6571575516293678 0.004686103483089405 0.010773235963879024
1 0.6690391660777385 0.5480215546721633 0.0027848682483593732 0.013104907930899084
1 0.5316781386925795 0.8500565265999214 0.005232819030792512 0.010845918138987028
1 0.8689220331903078 0.1528955372006282 0.005909088591620356 0.01075780663525711
1 0.3707298466683493 0.7416286125834315 0.006899721100454314 0.012374891048291974
1 0.08720209742554265 0.15662820484884177 0.006060217062089837 0.019242608755398516
1 0.47151690661282175 0.546651854436592 0.0028268632004038556 0.012163507459756633
1 0.7705703392226148 0.6481609343345112 0.004164722867238676 0.006068198076167874
1 0.6252284777889955 0.6377122329210836 0.005221994447248842 0.016536664899882245
1 0.5784641595153963 0.1492258048684727 0.005363452801615409 0.006441401648998843
1 0.9257767997243913 0.93556565157199 0.0036370298576021095 0.011717482136477188
1 0.6274749722362444 0.5524317886729485 0.0038839777889954517 0.015940309579897928
1 0.6800342376325087 0.94164038849627 0.004772514134275646 0.01785290969768363
1 0.03257346466431095 0.048343057420494696 0.005839945986875313 0.01435138025127601
1 0.626678473624432 0.45525320936395747 0.003268494447248774 0.01337461778563023
1 0.6782866133266027 0.8449371758932077 0.008267762746087775 0.010655683549273536
1 0.2796824992428066 0.942400655084413 0.006637020696617922 0.012651575579112832
1 0.567991230439172 0.35394197958382406 0.00643298586572446 0.00987222457793482
1 0.18120955805148914 0.5433148538476639 0.007659127208480574 0.005954705339615075
1 0.03269170772337203 0.9313659370828422 0.00844293488137305 0.013249672752257918
1 0.42746259679454823 0.9476187226148409 0.007959713023725407 0.012644376521397839
1 0.7194279342503787 0.8441018761287788 0.005174924028268585 0.01293974990184527
1 0.7768530642352347 0.9457572889674127 0.004850156234225165 0.010232575579112514
1 0.6723935237253912 0.7519627974087161 0.0036480863200402777 0.012564393404004627
1 0.039934054265522455 0.44364129171574396 0.006893627965673899 0.022488716136631195
1 0.578686186017163 0.7429118631723597 0.004603902574457358 0.015329591283863228
1 0.5757540658758202 0.06430530918727914 0.00952165118626961 0.008192483313702394
1 0.8748643755678949 0.0628341255398508 0.007275287228672462 0.00806751648998823
1 0.47614701287228667 0.34012627817039653 0.004293556284704587 0.01664575539850806
1 0.7292255196870266 0.5442179042010207 0.007033564361433621 0.013350606988614108
1 0.4244849877587077 0.5468300712603062 0.0053965060575467 0.017328275225755776
1 0.7770714343765774 0.5475157543188065 0.00788388541140849 0.0073683735767568785
1 0.4726700267541645 0.7457972298782881 0.0052530812720849186 0.011399258343148784
1 0.9693970898024803 0.25961148454805283 0.005969256316031541 0.009347502500893185
1 0.7738443128470468 0.44722440842167244 0.0067661951034830884 0.013482082253631726
1 0.8720216394497727 0.5469893876128779 0.007597306663301444 0.008421106988614152
1 0.3280041583796062 0.44915860865724383 0.006535852852094896 0.012067549077345812
1 0.7736349496466431 0.3406090613466824 0.006869424280666335 0.01199938810365131
1 0.6280913409893992 0.35520733029053786 0.005490715295305344 0.017770459167648214
1 0.7725688267289247 0.8535242771888496 0.00458470898536102 0.01433935296427169
1 0.5189596983846542 0.6558081185708676 0.004798927309439754 0.015925969375736117
1 0.3741008329126703 0.941058107577542 0.005205704189803128 0.016563604240282755
1 0.9196142187643549 0.8366601554126474 0.004765590950849636 0.014146195069667694
1 0.2777853749369006 0.2569678173341186 0.007591794295810113 0.010578499607381194
1 0.3829879154467441 0.8404724584805653 0.008885350328117068 0.008542715547703139
1 0.5249051720090863 0.356618563702395 0.005212371781928177 0.017401859638790717
1 0.028773351463907113 0.243571582155477 0.007761222362443203 0.011605363368669044
1 0.3255095424028268 0.26535251815861793 0.009632101463907158 0.00853230172752263
1 0.530173017163049 0.15650845484884177 0.008558559313478042 0.01396090734197096
1 0.8777966172387682 0.7419448128190026 0.007089753912165467 0.014196357872006298
1 0.07842501337708228 0.838450292010208 0.0043690545179202395 0.016881316254417023
1 0.6307314278142353 0.9367621544954848 0.008728966683493107 0.014113107577542175
1 0.9728459861047314 0.1509976524651661 0.007971325907211581 0.009421719006788083
1 0.8183013740535082 0.3411631946407538 0.009346267541645808 0.009664187868080099
1 0.7699789607521453 0.7488979804672163 0.009448943715295244 0.015626693168433507
1 0.721006057168097 0.6422794503337259 0.006435639323573992 0.019058099725166835
1 0.42275398498233213 0.742391779642717 0.011697986622917763 0.014529357872006265
1 0.23027671163553762 0.9399053381429132 0.008590948258455303 0.011507541224970552
1 0.8780658644623928 0.6533126013937967 0.005604767794043296 0.01355540184530805
1 0.12957414891468952 0.7461913299960737 0.012810308934881423 0.01306492540243425
1 0.13373100656234224 0.4524210423046721 0.010491040888440141 0.009836949548488386
1 0.7254281634275618 0.2624195685119749 0.003901371277132678 0.01930593561052217
1 0.6743661785714286 0.1523449684923439 0.00944664285714286 0.015747063015312132
1 0.576588317264008 0.6439222838633686 0.0069066567390206855 0.01883976678445235
1 0.7254494050984351 0.9394672214369848 0.011115324078747943 0.014224175107969866
1 0.13221364197375063 0.35895204711425205 0.010370797829379086 0.01273489281507656
1 0.08228836408379606 0.35164409687868076 0.008315750378596665 0.024283459167648156
1 0.8217748615598183 0.5377882365528072 0.007447248107016589 0.012713672163329488
1 0.03300358480565371 0.5496754717314487 0.006557191822311952 0.017158675696898266
1 0.524308042150429 0.25138608333333334 0.009561603735487166 0.012539965253239119
1 0.523311542150429 0.4517344587750295 0.010292614840989346 0.00936971613663129
1 0.5751633255931349 0.8339696415390655 0.004708684502776147 0.01970794895956028
1 0.2817223624432105 0.14978957096584217 0.006343260979303317 0.02494480781311344
1 0.9165622762976576 0.4516543154698106 0.003979259990812929 0.017701104680242885
1 0.1836419184755174 0.837924508244994 0.00784236193841496 0.010571281900274935
1 0.8764543727915194 0.254365217216333 0.006934767794043393 0.01701063349038086
1 0.9706083206247127 0.9350257392818864 0.006417717960496207 0.02172906806002158
1 0.8778092387682989 0.9418797386140557 0.008011002523977696 0.017374209462112468
1 0.3740045800100959 0.4536496430113859 0.007291193336698599 0.02026255143305845
1 0.42041824608783446 0.0589833755398508 0.01100601161029776 0.017609416961130744
1 0.6233772388944977 0.7389279461130741 0.004507511105502207 0.020230091283863376
1 0.9719740514469452 0.048357936137906385 0.00655717960496105 0.01541122668810287
1 0.6715860209490155 0.6416258496270121 0.009364555779909165 0.008095964664310864
1 0.3278375299091368 0.15749237131919902 0.009708584805653685 0.014446941696113096
1 0.03465557370015143 0.14554515331762857 0.008616666834931858 0.01809697251668628
1 0.03568656537102473 0.34395104534746757 0.00970965572942958 0.015744356105221857
1 0.8237530990661281 0.1576397546132705 0.009800717566885352 0.011698307813113477
1 0.6727565126198889 0.4550056258343148 0.010809539121655628 0.009575517078916363
1 0.9672938820624714 0.8343114352447303 0.008453117822691678 0.016610695069667614
1 0.13494213780918723 0.24755109992147625 0.004598308934881373 0.020209932076953218
1 0.8231652303129731 0.2488294832155477 0.0062439967188289815 0.015812765017667818
1 0.9670770397335782 0.5510224590032154 0.007738433164906106 0.017696507502679516
1 0.6733100167844522 0.04915969130349431 0.0056010668854115 0.02437398213584609
1 0.32438180073195355 0.6436732500981546 0.007470623674911638 0.0138166329014529
1 0.7210766759212518 0.7402657956419316 0.010080368500757178 0.00896585669414988
1 0.1777708322261767 0.14291614285329363 0.008328883766934402 0.010327845012366917
1 0.17851356776880362 0.24755179956811935 0.006425666077738512 0.014687331370239537
1 0.12952253710247347 0.05744112553985081 0.004710604745078254 0.02008045013741656
1 0.1787821851337708 0.9359669874361994 0.010305392478546185 0.008955306635257109
1 0.8228167592125188 0.8383024146054181 0.010095911155981798 0.01165586965056933
1 0.9226756804088194 0.7484092451768488 0.0078296221864954 0.01815337459807065
1 0.7170442009086319 0.15198133755398505 0.005840926804644145 0.019334340989399294
1 0.036408189676930845 0.7426376131723595 0.008897401564866224 0.01771849175500585
1 0.32295254934376577 0.8355718411857086 0.010960120898536069 0.009755414605418029
1 0.1800396892983342 0.7536440811739301 0.004635411913175171 0.015949960934432558
1 0.8704730234729934 0.8333737914212798 0.0059620802624936325 0.019059248723989043
1 0.6284275896012115 0.060733959069493526 0.006711201413427505 0.01594865037298781
1 0.8212557386420999 0.054382608362779736 0.007539002271580029 0.018835882606988607
1 0.27956874369005547 0.45742475971731444 0.009073012367491222 0.013325784844915508
1 0.7232374231448763 0.4549914765410286 0.004812382382634947 0.02248661896348642
1 0.870227776249369 0.44178022477424417 0.005506083038869137 0.02068964860620342
1 0.4224519974760222 0.6463009343345112 0.004414531044926763 0.02021713407930904
1 0.08725147034326099 0.4512095263054574 0.006592465673902062 0.026369718492343954
1 0.5273571553508328 0.5450852549077346 0.007880338465421488 0.01897750745975646
1 0.13581275656234224 0.8464173601295641 0.006643038112064633 0.022418518845700872
1 0.9218376765043639 0.5585821195069667 0.006060522048690789 0.01597482851018217
1 0.9196241303399172 0.25183361879242583 0.010487614377583806 0.009272651661307602
1 0.1818170552751136 0.6472743342167256 0.005497641090358358 0.017043400667451754
1 0.28124047980817773 0.5548874723203768 0.012670479050984338 0.01470974322732626
1 0.924535434313275 0.348331600035727 0.007842314653192618 0.017799554483744224
1 0.3290372812973246 0.7499093975265018 0.006678087582029235 0.01973852728700424
1 0.22666085398788488 0.3487570127601099 0.008250730186774392 0.019628691401649
1 0.524375529656739 0.059817425893207696 0.014790081524482546 0.020235584020416177
1 0.42845296693589097 0.44545844159795833 0.007556458859162061 0.014560148606203346
1 0.9728208053514009 0.3395009105930689 0.00802168741387216 0.015364470346552354
1 0.8280157067137809 0.9385223884962701 0.006954452296819673 0.02286197605025523
1 0.7168391967440686 0.052616457891637214 0.009405907370015346 0.015620048488417748
1 0.3797599279404341 0.3527012965253239 0.008400386420999491 0.016034391637220213
1 0.7760951843765774 0.057361741656851185 0.009836385411408343 0.008583348252846481
1 0.2770213832660272 0.6495443010404397 0.008173285966683506 0.014343867491166031
1 0.5732049526754164 0.2541253339222615 0.007047944220090788 0.01687693325480952
1 0.5231977990913679 0.9438911224970553 0.007049631499242841 0.02009957675696899
1 0.32907878129732465 0.5481794551433058 0.005333098687531493 0.02199110934432665
1 0.8713177706966178 0.35405396358460933 0.005850071933367015 0.021917593050647836
1 0.2743495145128723 0.35682471358460927 0.010993045683997948 0.013922225755791136
1 0.7699239593639575 0.2555910009815469 0.010189940938919761 0.020080267373380423
1 0.37115646403331654 0.054469624950922654 0.010463447501261922 0.01620798213584609
1 0.42733047248864214 0.8380702256576364 0.005384486622917655 0.02193571672555953
1 0.4255416023472993 0.1566883215547703 0.0073847407874810395 0.019122375343541418
1 0.23097388591620396 0.1493608014330585 0.012364228167592169 0.015913397133883005
1 0.3761233674911661 0.259656832155477 0.010197265017667842 0.016884335689045966
1 0.2283411155981827 0.650888299960738 0.00457470974255426 0.019630938358853593
1 0.3216939361433619 0.04785949106792304 0.008744888944977294 0.022680114840989404
1 0.08116012518929833 0.9329551710836278 0.005839769813225664 0.022954008048684648
1 0.6202948715295304 0.24556658274440518 0.00814826804644113 0.015590430899096938
1 0.426946348182736 0.3476481460541814 0.008361215800100855 0.021232957989791905
1 0.08213274255426552 0.7481939141146446 0.006103015648662284 0.02439642775814684
1 0.22758772968197877 0.05865070906949352 0.004819492680464421 0.02011515037298782
1 0.47168564273094393 0.8469784928347074 0.011954307672892484 0.010253850608559113
1 0.3773346794548208 0.6429132312524538 0.010411408379606257 0.01840400471142514
1 0.22856159843513377 0.4577801104240282 0.004764738515901077 0.02365748625834306
1 0.13191901905603232 0.6381891831566548 0.009382557546693602 0.019263565371024742
1 0.42780334401817266 0.24603416627404787 0.007909213023725313 0.02017646525323909
1 0.23007059288238263 0.8328559750687081 0.006163710752145387 0.023775682371417396
1 0.23053959149419478 0.7399974798782881 0.0055412107521453785 0.024225691990577124
1 0.08840795923775871 0.24366843286219075 0.01027393513377082 0.021840597958382394
1 0.1263549641595154 0.14918363437377305 0.009146071680969214 0.021693731252453885
1 0.9699518667891596 0.4518237128438729 0.008591902618281973 0.01792054501607712
1 0.08216748838970216 0.5417890043188065 0.009188496214033316 0.020662274047899467
1 0.27732863465421503 0.743213780231645 0.006612291519434673 0.02270082587357663
1 0.27729638604240275 0.8423582262465645 0.0050993026249368965 0.024402118374558215
1 0.0864462392730944 0.04478307813113466 0.005363452801615333 0.006748135060855901
1 0.17809818273599193 0.052298046721633296 0.0034704694598687268 0.009508735767569682
1 0.18559124179707215 0.3521299568119356 0.006467693084300841 0.006134668237141779
1 0.17652069661786976 0.4447634471927757 0.0037859666834931614 0.012269336474283507
1 0.13266658253407368 0.5472124067530427 0.0034704694598687268 0.009202002355712618
1 0.37985865724381623 0.14247766980761678 0.00441696113074203 0.0064414016489988185
1 0.32015080767289245 0.3380202198665096 0.0036282180716809822 0.007361601884570085
1 0.37772905098435133 0.5352498036906164 0.00489020696617872 0.0042942677659991955
1 0.5736528268551235 0.5525802414605417 0.0033127208480565732 0.00705486847271302
1 0.5266437405350832 0.7380005889281508 0.00457470974255431 0.007975068708284263
1 0.5726274608783442 0.9453523753435414 0.004732458354366489 0.007975068708283966
1 0.47892478546188794 0.9447389085198272 0.0025239777889954746 0.009815469179426845
1 0.6253154972236243 0.1559739399293286 0.002523977788995373 0.00582793482528464
1 0.676899293286219 0.2429328621908127 0.005047955577990848 0.005521201413427552
1 0.9224994258153422 0.046015317970703795 0.004162838768947909 0.008373526259378348
0 0.9672858291226459 0.7433904966059306 0.03947519522278355 0.07675732404430155
1 0.9226429719797887 0.6306270096463021 0.006746669728984906 0.01032734905323323
1 0.3262200822737472 0.9428901250727166 0.006427636499626033 0.007953388598022058
