0 0.04296409139770086 0.0606713380821385 0.04218543820255775 0.06432302893086274
0 0.04250260712144041 0.15538177858594024 0.042075519332209606 0.06997187009178334
0 0.10537618692636291 0.06011714984086088 0.04282437385272588 0.06539829968172177
0 0.16660924896420962 0.0616984325054902 0.04104492999038352 0.06452738648705132
0 0.22722811420042255 0.06313755019686945 0.042249997189279034 0.06357618291764125
0 0.28700689142953345 0.062200887168095 0.043821750837707424 0.06542577433619
0 0.10366254870995034 0.15503917555664426 0.04577014710512948 0.07065707615037534
0 0.16492022934852055 0.15590082631396826 0.043554541302958875 0.07135256857713537
0 0.22587297867202263 0.15769536182564797 0.04446649383620304 0.07001347871397552
0 0.2860200240160196 0.157268 0.044780999999999974 0.070357
1 0.1650444834458892 0.06398220593268536 0.010930294447945514 0.012101984601706832
1 0.22846788532393908 0.07058475006515011 0.012913642697257558 0.010804419184191637
1 0.28182775583936875 0.06978636902407112 0.006502583726796309 0.013971444557846257
1 0.16477838194115838 0.16580701714299906 0.006010969175968795 0.01572719490515036
1 0.21432668494860146 0.16113330157566508 0.011306986045341045 0.00903138054953148
0 0.04154574647994818 0.24977404198514472 0.0424833706973813 0.0684294960874734
0 0.041053904783061874 0.34455851381461067 0.042812870697381294 0.07037564580499714
0 0.10264228957318892 0.2501184427424687 0.045457373852725844 0.06945370971930535
0 0.1644797904797781 0.25119920268737816 0.043327846959246546 0.06906381583031566
0 0.22550319668436744 0.25250320676580656 0.04569763694238226 0.06843617332767399
0 0.28592290543887827 0.25269684166231654 0.04300988292581531 0.06763302825537872
0 0.10198088127007524 0.3448118706305266 0.04590794593392311 0.07089674126105323
0 0.16395664379768723 0.34593022365982257 0.043852593251662166 0.07071565337823715
0 0.2257133535407448 0.346738070827845 0.04511000000000002 0.07087400000000002
0 0.2859694294548979 0.34710256247937116 0.042469858909795724 0.07030412495874232
1 0.09820416092911485 0.2546646094368291 0.011811710545654367 0.01787860069788235
1 0.1666931417490029 0.2551733707966891 0.006978794447945521 0.022000123417602293
1 0.21078996861279464 0.2525822750966608 0.01657393722558935 0.012424044280142895
1 0.10156673004031815 0.35053155137390096 0.013480093293091059 0.011072750067134431
1 0.1593007040223556 0.3469580183917871 0.010642552207105757 0.017954815578502373
1 0.22123479439058757 0.3504982283811294 0.009643460830554531 0.008301173450878803
1 0.27241899599956493 0.34484462112206893 0.007441064047188649 0.012084897313392323
0 0.039519547803361185 0.43899498943069654 0.043919034475464844 0.07027696371491321
0 0.03906046524323628 0.536085297728028 0.04282337516981511 0.07148538939746416
0 0.10170735070444648 0.4399476841294286 0.04645500706518064 0.0704271924932251
0 0.10083560617941632 0.5359361597455143 0.045799823671408016 0.07133574675469274
0 0.16365965293444867 0.44094663877307 0.04365012204990557 0.06963973760033985
0 0.224640213516464 0.4416132621521081 0.04495702414732023 0.06917267806105533
0 0.28536418545890274 0.4421827099238518 0.04323337091780556 0.06905141984770352
0 0.162862725686729 0.5366252112601624 0.04364175702974569 0.07098545281328472
0 0.22396882222025608 0.5365339018355558 0.044903351522001755 0.07125194532680203
0 0.2848207234842672 0.5372040858101608 0.04327735090445586 0.07072529264524477
1 0.03311961897796928 0.4484546083970289 0.007873198724560422 0.014013995588986108
1 0.1035194971510313 0.441402184919985 0.005542260726972178 0.01784075166419424
1 0.15957664289109805 0.45334698793266476 0.010744857863393405 0.018961166777441658
1 0.2774804559751004 0.4378501052217616 0.010131455636888612 0.0056180695844735675
1 0.03258239521072336 0.5340453878163511 0.004368362502643977 0.015504363515518203
1 0.10099548186821691 0.537404542360295 0.011680596948888641 0.010156466544814158
1 0.21926010050948216 0.5454286347564946 0.01169933868516721 0.016822397522753416
1 0.284876109741916 0.538657416384983 0.010388339563930166 0.013042453046983505
0 0.03755388516737282 0.6328760323323044 0.04436138164732097 0.07102671313334456
0 0.036549 0.7294359999999999 0.04478099999999999 0.07242599999999988
0 0.10029020335127248 0.6325298338469524 0.04449195688386279 0.07137650707475253
0 0.09983008329581419 0.7297715075963132 0.044404532057011135 0.07256843259393776
0 0.162331 0.6322726893271534 0.042147000000000004 0.07139199999999998
0 0.16132301984201647 0.7298396289420062 0.043451008288926334 0.07327681124824474
0 0.22369834456559143 0.6326933841618425 0.04528556905108489 0.07076106181398116
0 0.28470036224386414 0.6329439579569422 0.043046275512271796 0.07089408408611556
0 0.2227946165802761 0.7292856480952402 0.04470915310715352 0.07139993461152237
0 0.28394471748026223 0.7290951136769563 0.04324145897654417 0.06967422735391275
1 0.09469256483472546 0.6336215570752874 0.013419732808961547 0.023940094777072873
1 0.1608730495790018 0.6386577172550862 0.010886130553110293 0.017879725809516536
1 0.21602125817779805 0.6345410622365067 0.007002623749025954 0.0062032851661895615
1 0.2810045058393687 0.6335126716203214 0.008596059710776727 0.013409963517660793
1 0.032241945479816285 0.7323180509090932 0.010567203727094797 0.019496298685985115
1 0.15870233489849678 0.7242812602357549 0.008104526308185443 0.025481209798663404
1 0.2142365210168107 0.7190118141548435 0.011168066049641127 0.013060542077000479
1 0.28183946981533925 0.724391879203311 0.008863027689417238 0.012834292450953171
0 0.036219999999999995 0.826953 0.044121999999999995 0.07190900000000004
0 0.03720799999999999 0.92447 0.042147 0.06518400000000006
0 0.2829244222839132 0.9228375428734787 0.04396415543217363 0.07155191425304248
0 0.2222418785882859 0.9228399433581542 0.04343075717657185 0.07123588671630865
0 0.09866759506897917 0.8270294121488223 0.04525114304529846 0.07104860097976079
0 0.16076531748738349 0.8266968466326003 0.04443201613770299 0.07065795533008849
0 0.22301641661365032 0.8261951835868097 0.043073617083124086 0.06976566066391553
0 0.2838740155123015 0.8256837093070345 0.0427868949338251 0.07008635052540678
0 0.09929224585385685 0.9248365788533209 0.044001841475543126 0.07201988578079963
0 0.16127943240005915 0.9217485084937234 0.04259740514941569 0.06637132766029315
1 0.16062437077069877 0.8220146114240315 0.007485979215525507 0.01667582482025415
1 0.21582647098343652 0.823845112880478 0.010372038030951528 0.007048967062896691
1 0.28104175383803376 0.8252656609067799 0.00807458772946626 0.02457337325400932
1 0.03197138479020592 0.9139399278514139 0.012257904237184446 0.01412661286450196
1 0.08755263547371532 0.9176732684417791 0.013991111761069246 0.012019828182902792
1 0.1616222205385282 0.9035151811739179 0.015570044216567085 0.012674653647180557
1 0.2146367229847715 0.9149182731850709 0.013496494001582246 0.009362597810591608
1 0.27850753385805826 0.9244900840714853 0.010908147769515344 0.006605012325810679
0 0.3473685523695687 0.06173271470272221 0.0436329526376797 0.0658939468015628
0 0.4077324012682198 0.06280132249358021 0.044631714477701125 0.06539533484865158
0 0.4682433042029152 0.06468923209884059 0.04384644829903285 0.06466263666305398
0 0.5284684483654759 0.06625465490630326 0.04394832873894153 0.06370434343909394
0 0.5889536368330535 0.06636673090152333 0.04366577716428529 0.06476282923601814
0 0.3464120683802484 0.15791899603223836 0.04420499266437922 0.07038790583179039
0 0.40788139326288 0.1579678235668656 0.04478070647236124 0.07052433699522236
0 0.4683237821882305 0.15883645291589518 0.04413246831238255 0.06995750946059516
0 0.5287445703527024 0.159394306069442 0.045028840011755826 0.06960693625290197
0 0.5891919969732798 0.16001629654478755 0.044277560382010354 0.07007313901869656
1 0.40420439159528715 0.06803047227892312 0.011608887259992528 0.009290219904118336
1 0.46517204653131733 0.0655741277221303 0.007675237158752448 0.026375393117396624
1 0.580796829120598 0.07186315417733749 0.004329651244839806 0.01571839499258202
1 0.34348600867394147 0.16081280921094215 0.01251112942264103 0.009824101025765872
1 0.39772163375681824 0.1627043871195221 0.0075893155456756125 0.017511170610239428
1 0.5241147416661451 0.15884710108254627 0.009523791022295327 0.01854074287387818
0 0.34592430036823374 0.25293067789500295 0.045329520683068614 0.06856987318612433
0 0.3461657655134189 0.34842916433555793 0.04365465443541726 0.0697576973405463
0 0.4071644052708898 0.25305741503489054 0.044873754504400495 0.0692527438370947
0 0.40669059473518065 0.34852566178124184 0.0444956300312673 0.06972237210177304
0 0.4681529611413978 0.25397536944659677 0.0440271344220675 0.0690554386424871
0 0.4674853010753054 0.34962257122808293 0.044274357397878016 0.06902496396001585
0 0.5283531175556565 0.25395480281902405 0.04472324210766926 0.06881992453173033
0 0.5885741350839644 0.25447230281902405 0.04428871772519095 0.06842624342541241
0 0.528080741681112 0.3492288901217651 0.044179490358580355 0.06959855320809076
0 0.5880626053644173 0.34897228612869985 0.043951147791562575 0.07011176119422115
1 0.34329766961621155 0.2528049382831648 0.008716031687617433 0.0074907594459647075
1 0.3979704057715029 0.2486963658867304 0.004260923617763946 0.015005645540774304
1 0.5225931472602366 0.2535187763282783 0.0109342245868449 0.010690639294463683
1 0.5785847626851476 0.2467975683421479 0.0038555183739391982 0.014727044826052926
1 0.33854592678607875 0.3383127629572582 0.009131005673615206 0.00782623242422044
1 0.40498975031430534 0.34298258675120674 0.006398123004977211 0.006629303459273995
1 0.5250829182418218 0.34749986363101937 0.012757829487287643 0.014269040935384893
1 0.5819751787737735 0.34832059066645854 0.01027279111209678 0.01134494907714205
0 0.3456535383602239 0.442681071876763 0.044977092731127544 0.06875695463994023
0 0.40625850349817805 0.44302097834052323 0.04445199999999999 0.06880499999999998
0 0.46677629932621634 0.44315893019030067 0.04460385739787791 0.06900359002620854
0 0.527257491681112 0.44346240722573993 0.04446536098585756 0.06903795484901216
0 0.5879605581614632 0.4435073842611792 0.04442736807201539 0.06916177374269426
0 0.3455360623762435 0.5376192624375867 0.04446708472578764 0.07012902562307918
0 0.40601610872040966 0.5377385053582193 0.04421184681354208 0.07074369704309237
0 0.4665831122634886 0.5381486188759389 0.0448541685860612 0.07056478890133532
0 0.5271445371349771 0.5386748350816399 0.04360276657994921 0.06951235648993354
0 0.5872970944059084 0.5384166811063178 0.04412199999999996 0.070357
1 0.343856389596187 0.4332269021262053 0.012664319546110822 0.01837576926588219
1 0.404095881436117 0.4444500198274424 0.01430869293860576 0.009985348107895498
1 0.4660156944182901 0.4450485076926201 0.008027444777496258 0.009429691271222226
1 0.5228203500572824 0.4435777455577978 0.010888007804570162 0.011516123682624033
1 0.5877401700358118 0.44429815630972275 0.005137766639816907 0.017984901867520622
1 0.34444030470464576 0.5398958131301309 0.007771689462690088 0.014779211745042651
1 0.523206974182738 0.5359277410022959 0.010795074240020469 0.01536388753618106
0 0.3448928203815834 0.6329770479291561 0.04515760073646736 0.07019373427935388
0 0.40563635697132067 0.6332909210792969 0.04333859506445298 0.06882793923717237
0 0.4664399269498499 0.6331390575615773 0.04432416158970501 0.06870412034349027
0 0.5270247102124759 0.6332096832141193 0.04425060923676863 0.06899041496752772
0 0.5875074462721476 0.6336732399729792 0.04451721422701289 0.07020103109541541
0 0.3443871064056128 0.7292363205606132 0.04423213275782698 0.07079633098271743
0 0.40548784265681925 0.7290258864822803 0.04379300000000006 0.07139199999999998
0 0.46582231506053434 0.7286271678288789 0.04515119655651922 0.07119243273633667
0 0.5266954602124758 0.728829828580804 0.04450092042495177 0.07121465716160813
0 0.5872122120064657 0.729659521821944 0.04469949394655987 0.07169300032493493
1 0.3386204227834088 0.6307904904568896 0.010471933625556292 0.011597652631246423
1 0.39702892863158784 0.641240809255728 0.010754416702269818 0.00739452143287736
1 0.4689423412744198 0.6283441879075047 0.010337927301572717 0.007962554311159342
1 0.518482572079341 0.6323630432056538 0.0029638854132367724 0.013606313446746903
1 0.5807287976519618 0.6274932702410931 0.004329651244839806 0.01821530822641126
1 0.3437622526699365 0.7289494741340565 0.011958641430650924 0.007698568545130715
1 0.4583854164403487 0.7251083657634045 0.008865329382519173 0.00618854781032355
1 0.5212665336218321 0.7275278480191795 0.008280997310035749 0.017596328605388085
1 0.578788607091056 0.7289197682957591 0.004264207185755918 0.01716399066239685
0 0.3438498764189625 0.8260778904704665 0.04485961674714725 0.07070250559466092
0 0.4049438412370026 0.8260218023658253 0.04390724890945549 0.07029524251901507
0 0.4657723133114453 0.8255688578196011 0.04457088536833605 0.07098735864690268
0 0.5271892102124758 0.825664882089246 0.044057672174040816 0.07122285603673469
0 0.5868613973201043 0.8256392334721433 0.043632305134743206 0.069777742519015
0 0.343620406438987 0.9216508741476336 0.043679644765836724 0.06846412801824936
0 0.404511 0.922659 0.04379300000000006 0.07190900000000004
0 0.46493199999999996 0.922659 0.04346400000000001 0.06880500000000009
0 0.526506 0.923435 0.04412199999999996 0.06621799999999997
0 0.586434 0.9224 0.04148800000000003 0.06828800000000002
1 0.34112202068195124 0.8240611219524899 0.01545120147069998 0.020428036647370276
1 0.400851935627944 0.8120838464629124 0.011272178945893267 0.006676325492853636
1 0.5206709864188779 0.8184181935414913 0.009880280527760884 0.019232841153860793
1 0.5806310354158218 0.817455965200968 0.009423441458921383 0.015171654827207212
1 0.33901818679275364 0.9136413038152545 0.009229429622886311 0.02760031414021301
1 0.404182 0.920331 0.010866000000000039 0.013450999999999977
1 0.46295699999999995 0.916451 0.013171000000000065 0.016037000000000096
1 0.520086 0.912571 0.010206999999999954 0.02690099999999995
0 0.6485166543613613 0.0669185957243269 0.04427512690726232 0.06494173737777527
0 0.7087435005612597 0.06806844841230816 0.04342075636978639 0.06477976164741996
0 0.7691263773123443 0.06789377396445585 0.044229245375310935 0.06390145207108829
0 0.8295362559497126 0.06773890560586891 0.04497701235101748 0.06650040131347953
0 0.6486133728927252 0.16069387626820808 0.044353815719079 0.06957307143009835
0 0.7090102977642139 0.16187227358022685 0.04451991721114523 0.06914023348710734
0 0.7688510698057294 0.16118774811807807 0.04267146352805212 0.06965423183800157
0 0.8294470657704633 0.1612301486111258 0.04451904334298754 0.07016134349694352
1 0.7028086229226591 0.07836401900014106 0.00957336472350664 0.006992124638189227
1 0.758186369522388 0.07434259786778061 0.006074896578455597 0.019362778756874203
1 0.8169849799866273 0.06920879707444283 0.003790181949829638 0.012949108766113798
1 0.6377580686784478 0.16407379432368646 0.013544130360539608 0.010011313072644303
1 0.6997905862067558 0.1644118861819293 0.0060850325462545735 0.011900404930887178
1 0.7619293584414667 0.16554307059450785 0.013775763975593531 0.007997655806243908
1 0.820563365626659 0.1669525366037776 0.008191540671849708 0.0072902771519368125
0 0.6479386368779543 0.25508797309560355 0.042709903128631196 0.0680499947304964
0 0.7082550792328499 0.254801428471566 0.04466972490115019 0.06926440287225348
0 0.7689516372897528 0.25574606459241744 0.04367897965903511 0.06725297465080186
0 0.8295310221553224 0.2557988534265232 0.04535894041515192 0.06862548433755293
0 0.6477398711436362 0.3493103779869427 0.04365168634635637 0.0696493504422962
0 0.7084254079044403 0.3496307874337838 0.04555363399341982 0.06879475858405329
0 0.7689280064628089 0.34999262766979533 0.0437661148656368 0.06950709408026018
0 0.8295042759738732 0.35025137766979536 0.04557424177323218 0.07044690475310658
1 0.641844087910944 0.25445510605169885 0.008501539452809213 0.009673071705865502
1 0.7008912907528905 0.2605323491372123 0.007285196885791743 0.01675815234530313
1 0.7599405125980258 0.2557436596307949 0.007404897404796341 0.021225921233780663
1 0.8197197507139833 0.26042043631291106 0.01068515166013709 0.01482854257947364
1 0.700758142686481 0.355008486786693 0.01435463988222392 0.025332096300445042
1 0.7567114649526587 0.3506367049896006 0.014803770718955967 0.02021270127854556
1 0.8188798818769192 0.34170505942703 0.015052826544051802 0.02012778880771146
0 0.8891450705350076 0.0667012677333912 0.04386249344444232 0.06484065213417628
0 0.9510424483143274 0.06784149591414425 0.04411604011746247 0.0674167685104047
0 0.951284384971407 0.16159421360473836 0.04349776994281406 0.0684730485551696
0 0.890621190576428 0.1606866650838815 0.04601733406019647 0.0690212135783439
0 0.8909133452856942 0.2550939725946768 0.046239405804600175 0.06982409066482265
0 0.9518826786923857 0.2564456084704963 0.04337635738477136 0.06965468295026245
1 0.8869757988011799 0.07001126792708808 0.004522057253062543 0.017678827153520517
1 0.8810485757191912 0.1650096409541054 0.005893548298871686 0.017299573207555125
1 0.8828832713304615 0.2577333999440438 0.017411002311625876 0.010911780514585596
1 0.9348714876136494 0.2655358561794609 0.005899609761915905 0.012832760966880354
0 0.890849892931061 0.3501718553084452 0.04569432621141965 0.07055274936389463
0 0.9523902129619052 0.3507054504946314 0.043921495588423114 0.07051042905708584
1 0.8830210527255682 0.34608068561609845 0.013641121148689983 0.019189283877234377
0 0.6475124183465903 0.443845226119422 0.04329021431681444 0.06912740891989075
0 0.7080222977642139 0.44407568149538457 0.04472709902660583 0.06952159002620849
0 0.7692193642445649 0.4446659531548614 0.043292917300946636 0.06940991153005864
0 0.8295731404809007 0.44473009771882865 0.04516771903819824 0.06967080456234256
0 0.8905523870650408 0.44552976121880516 0.04472378112643773 0.07024757097689961
0 0.6476484812838627 0.5389330850816398 0.043834466065903493 0.07049226724185843
0 0.7082944236387583 0.5393328363867238 0.045543476650239584 0.0709754024190547
0 0.7686644551522952 0.5399037796278641 0.042497854363674537 0.07047483483045655
0 0.8297130076474174 0.5403678363867238 0.044626211103007726 0.06976049427729773
0 0.8910626230798119 0.5406178701810229 0.0450639384696186 0.07011551854694222
1 0.6403910249736718 0.44428969010402186 0.0123601058882597 0.017146742420679525
1 0.7034142837640178 0.44132251721727456 0.014076686406224056 0.009185845497727541
1 0.7609020914989237 0.4478981818844514 0.009720238938763497 0.018480677442249134
1 0.8860743573305268 0.44585255231665755 0.013813399974692426 0.007821602023147288
1 0.6351799952466413 0.5356261599737914 0.005502172308743216 0.011477817337414962
1 0.7568104935948372 0.5407438207257165 0.010828162008778841 0.0074419118058256335
1 0.8182756509829185 0.5345895139668566 0.008449609655842509 0.020819390146348954
0 0.6473088239406819 0.6339856832141193 0.04369740312863119 0.06936237164857426
0 0.7082659865760306 0.6342251047957826 0.04478397315206139 0.06824220959156528
0 0.7693965652925218 0.6344939670084184 0.04293851520503321 0.06855957702453686
0 0.8297297436621882 0.6351889791432408 0.04500092788528282 0.0690935094359385
0 0.890852950002313 0.635939580526138 0.04425871818916551 0.06930249038662979
0 0.647637823940682 0.7301146123751031 0.04358365487772013 0.07142413811229918
0 0.7077275634985318 0.7299799312687852 0.04422806405979153 0.07041086253757048
0 0.7692605023552495 0.7298391799637013 0.04307457814230553 0.07069236514773854
0 0.8299907121935524 0.7305445543111592 0.04488717963437169 0.07035048127562613
0 0.8918899080466262 0.7314446232048416 0.045722438469618466 0.07004675424018673
1 0.6452076106416184 0.6373992160924012 0.0119792142868806 0.011016021432877391
1 0.6989757522878984 0.6328329201632799 0.0041770640148906845 0.015231835106223657
1 0.762389420170514 0.6317536931278405 0.0072898333446717554 0.021024429574634507
1 0.8247699149756311 0.6331197147873172 0.011788634143089382 0.011665424354298817
1 0.6406456211286693 0.7260764143026939 0.01498036113552691 0.011306958562248488
1 0.701778614716023 0.7268665586400619 0.011225192324961957 0.015070994001530509
1 0.8237656789608601 0.7368014411825065 0.012708602674453284 0.008882698648527372
1 0.8833127104743971 0.7274833709837405 0.010084413952437764 0.02025055825099511
0 0.6475644638004555 0.8263170631955638 0.043866438095445444 0.0705598127177812
0 0.6465708851288652 0.9223308896685665 0.0432683996304531 0.06857632526625411
0 0.707677061749443 0.8261567334721432 0.04405694168342507 0.06981160734181863
0 0.7073655914689898 0.9220636734628656 0.04386350462069742 0.06932453064221657
0 0.7696293467611579 0.8268427794012646 0.04260901520503294 0.07014969920006152
0 0.8303877436621883 0.8275290753303862 0.04422917963437159 0.07134238291654704
0 0.8926395479063995 0.8283947794012646 0.04558378812279403 0.07153493145583652
0 0.7685730652925217 0.922341501881202 0.042408508208677094 0.06834132787642211
0 0.8299973345699186 0.9239532653211082 0.04364936844618856 0.06939326028782394
0 0.8918800444082216 0.9252105044913701 0.04342909581279918 0.0705129223448328
1 0.637438922044139 0.8170083561614606 0.006426836204638287 0.006019543571868031
1 0.7030645127824326 0.8229630150453412 0.008109144443053613 0.019121662657710998
1 0.8246298170715446 0.8261627893149859 0.007170564209460851 0.017638892303318162
1 0.7008562313137966 0.9145431985106437 0.012661770317598181 0.00868985109216592
1 0.7657976159786871 0.9167600200144937 0.011494539647379388 0.013448445560576745
1 0.8228634901490433 0.9217299914405304 0.012744162113547347 0.022534296554407283
0 0.951913703545392 0.4463333058428426 0.04432172877350144 0.06885425469338542
1 0.9434497105192979 0.44500138465024597 0.00750485460314522 0.018288628902959837
0 0.9513019203276666 0.5404938012873408 0.04255191058896207 0.06993611040518516
0 0.952078703545392 0.6360975142426237 0.04317535114986765 0.0692003959182189
1 0.9388752699583919 0.5432535070523701 0.013524288167694784 0.012897414415993467
0 0.9528448294199363 0.7313096920985236 0.04341191758531822 0.07074416238194386
1 0.9398774091258827 0.7290270053923793 0.010805818251765634 0.01366701078475895
0 0.9536432106401994 0.8279064089677933 0.04294642128039865 0.07013922868751167
0 0.9529920021329115 0.9244042020749588 0.042232885387634804 0.06929499861832868
1 0.6386373361437606 0.9128544205803754 0.005934889127206895 0.01185363398814198
1 0.5759896527953797 0.9175862620819019 0.005448390711204551 0.005582704038528131
1 0.5269274621856136 0.07374132247091895 0.005395042293353223 0.00939678283069046
1 0.4656077625172221 0.25812366378231455 0.0053138852403418375 0.005748585289748345
1 0.4585837010711227 0.16973590205980224 0.006101720607789177 0.009768469012211858
1 0.3450863694266369 0.0712533820618912 0.0024567761628844073 0.00986698731877409
1 0.46200415068310535 0.5358211974626409 0.0036688049560896245 0.009805104572351349
1 0.8794067383809054 0.8315034367566935 0.005098278259591802 0.01228196939056173
1 0.9419931950389638 0.8214347301258837 0.006804961036110296 0.013795481979651586
1 0.28186946776102406 0.2557914255421154 0.009398999776688238 0.015328872656560874
1 0.04010049585346732 0.06324371393713811 0.006777051717759003 0.007412114065473583
1 0.0380640054035047 0.15963570429200077 0.006706871123791057 0.006485829761499783
1 0.09666996247933164 0.7252117287323798 0.005970619147026372 0.01095095262001912
1 0.16027675248678605 0.5330893728929135 0.003746119387202804 0.008147932635153444
1 0.8835691652915587 0.5387846645195091 0.003856860952679234 0.010505132359997489
