0 0.0766259059199555 0.7499806935797665 0.04002918816008899 0.07741761284046689
0 0.0769549059199555 0.1669821794206658 0.040687188160089004 0.07603364115866841
0 0.621074207893274 0.8451956333765671 0.04116870483602 0.07937472978815396
0 0.621764823929961 0.45638651707738864 0.041160275986659146 0.07861555469087757
0 0.8201300184824903 0.8452702666450496 0.04148988688160092 0.0795239963251189
0 0.5712727577821011 0.8447348842412451 0.03918948443579769 0.07845323151750971
0 0.027822820733740934 0.9443579433635969 0.039004451917732136 0.07841811327280584
0 0.27405699666481376 0.5554113261997407 0.038838006670372495 0.07535734760051888
0 0.07696186353529735 0.2639729145049719 0.04000627292940528 0.0774891709900562
0 0.6709444705391884 0.06720798789450927 0.0412010589216231 0.07644202421098142
0 0.47265633740967194 0.6508326492650237 0.03998332518065588 0.07705170146995252
0 0.02751413215675372 0.5562088113921313 0.03977673568649256 0.07830337721573707
0 0.4721596297943301 0.9428040461521832 0.039684740411339646 0.07733690769563317
0 0.4722480259866592 0.5539483845654993 0.040208948026681415 0.07851123086900141
0 0.5225781492495831 0.6511182816688283 0.038381701500833795 0.07694743666234327
0 0.3737307708449138 0.7488127519455252 0.03981145831017235 0.07981043687851268
0 0.5221367340188994 0.7483172815607436 0.038888531962201156 0.07746843687851276
0 0.6711042819622012 0.16405748778642454 0.040478436075597556 0.0762640244271509
0 0.7209756171484157 0.9422159573065284 0.04051293524180092 0.07751178923476014
0 0.6710668857698721 0.8452400166450497 0.040056228460255534 0.07878796670990064
0 0.7205412633407448 0.8451002666450497 0.04068647331851035 0.07850846670990069
0 0.8197088660366871 0.9428096627756162 0.03995275152862701 0.07802367055771735
0 0.9692405197331851 0.35721257555123215 0.04023896053362981 0.07819784889753562
0 0.4228808984157865 0.8462109138564635 0.039793203168426924 0.07870317228707306
0 0.3240186242356865 0.5556456641807177 0.040442751528627086 0.07920367163856469
0 0.5222464840188994 0.9430073109597925 0.039108031962201195 0.076392378080415
0 0.17705819483046134 0.5566623261997404 0.03661361033907731 0.07785934760051885
0 0.42289700222345744 0.7483162667531343 0.039477995553085066 0.07881746649373106
0 0.22530211909394104 0.2636646645049719 0.039646761812117855 0.07687267099005618
0 0.47206262979433017 0.8457302962602681 0.039490740411339584 0.077066407479464
0 0.9196775986659255 0.9414586035451794 0.040126459143968826 0.07667261132728065
0 0.027314674541411864 0.7503151787721574 0.04007265091717627 0.07943764245568531
0 0.47268050264035577 0.7479026343493298 0.03864199471928857 0.07866573130134026
0 0.274218935241801 0.45822039948119325 0.04020412951639812 0.07958120103761344
0 0.32389202042801557 0.4563956198659749 0.04053695914396894 0.07863376026805009
0 0.12657380252918285 0.26387878210116733 0.0398693949416343 0.0779764357976654
0 0.5216701111728739 0.8451793990488543 0.040039777654252415 0.07799120190229135
0 0.770614721372985 0.7479383843493298 0.03973555725402998 0.07873723130134024
0 0.2744128504724847 0.7492586639645481 0.039202299055030615 0.07867567207090352
0 0.07641397998888265 0.45811716385646345 0.04030016675931073 0.07869920017293551
0 0.22501576528627013 0.6523529436878512 0.03942146942745975 0.07603911262429748
0 0.4731757102556976 0.35973264958927803 0.038937579488604816 0.07648270082144397
0 0.5713628001667593 0.5535701345654992 0.040064399666481364 0.07775473086900132
0 0.9196805807392995 0.3572870755512322 0.04047983852140068 0.07834684889753563
0 0.2746284542801556 0.9425976785559879 0.039286091439688774 0.07624864288802434
0 0.6707412629238466 0.9430836785559877 0.0404472284602555 0.07789617250324217
0 0.22464145386325735 0.5551112965845223 0.039715092273485346 0.07745940683095555
0 0.22501505767092825 0.7498606935797666 0.040114884658143474 0.077177612840467
0 0.37372147846025566 0.5541393993731084 0.03909804307948867 0.07754220125378304
0 0.17609224152306832 0.7500294583873757 0.03919810172317959 0.07683961284046692
0 0.37309585561423014 0.6513395316688283 0.03993128877153984 0.0773899366623433
0 0.7703334523346304 0.8455190166450496 0.040910095330739235 0.07934596670990057
0 0.6217344467759867 0.5533106345654993 0.04075210644802669 0.0772357308690014
0 0.1269625101445247 0.7507117083873756 0.039951979710950575 0.07752858322524848
0 0.4227521908004447 0.9433240757674017 0.04023061839911069 0.0756748484651967
0 0.5711851539744301 0.9426603109597924 0.03936169205113944 0.07569837808041512
0 0.9694748311561978 0.5533213697578901 0.039665337687604156 0.07860826048421958
0 0.4724161297943301 0.45633000226977943 0.040197740411339666 0.07782699546044089
0 0.32424172804335744 0.7490214139645481 0.04054154391328524 0.07820117207090356
0 0.07710881045025007 0.3620230760916559 0.039605336297943314 0.07565931690445306
0 0.12653255252918286 0.4586168846735841 0.04013431017231804 0.07767205296152187
0 0.27463780808782656 0.26227713488975357 0.038957383824346895 0.07679973022049284
0 0.37313181322957195 0.845913296260268 0.03930837354085607 0.07743240747946384
0 0.5217841725958867 0.5535067521616946 0.03922565480822685 0.07830349567661048
0 0.32385127042801554 0.6525538260916558 0.040455459143968954 0.07576534781668827
0 0.1268952601445247 0.9438440757674016 0.03981747971095059 0.07671484846519662
0 0.27467905808782656 0.846266046260268 0.03903988382434694 0.07813790747946392
0 0.12657390633685378 0.6530183260916558 0.03952218732629243 0.07669434781668825
0 0.42294900222345744 0.5539797669693038 0.03958199555308504 0.07789846606139218
0 0.17550003390772648 0.6528769436878512 0.039055932184547004 0.07708711262429742
0 0.7704131599499722 0.26037909046692603 0.04037468010005552 0.0770568190661479
0 0.9688798121178432 0.06533807587548637 0.04021237576431328 0.07607984824902725
0 0.9692200197331851 0.9420343693255511 0.03985054530294617 0.07782414288802424
0 0.6707326781545303 0.7479401343493298 0.04008264369093938 0.07874073130134028
0 0.37386658226792663 0.2617294876783398 0.03904083546414679 0.07773102464332036
0 0.9199056421623124 0.7481827223303068 0.040235130906058764 0.07787484803285781
0 0.7704585137576432 0.943234928555988 0.04011797248471365 0.07752314288802431
0 0.026994163424124456 0.45862381106787714 0.03943162868260145 0.07633484651967132
0 0.27445355808782657 0.6519720464764376 0.03858888382434686 0.07730390704712509
0 0.9197038921623124 0.06508882587548637 0.039484215675375266 0.07558134824902724
0 0.17606449152306833 0.8473793258754864 0.039142601723179585 0.07766234824902736
0 0.4233943136464702 0.26189360527453526 0.03943037270705949 0.07873478945092952
0 0.6211176353529739 0.9428305461521833 0.04056072929405222 0.07738990769563338
0 0.6219773663146192 0.26074659046692605 0.04089053029460814 0.0777918190661479
0 0.32371352042801554 0.9432438257674016 0.040179959143968956 0.07551434846519653
0 0.819795719844358 0.3569566039775184 0.039431628682601375 0.07701037613488972
0 0.2255196805169538 0.9427806785559879 0.039039638966092305 0.07661464288802437
0 0.969069519733185 0.6501783696498055 0.03954954530294604 0.07641867185473414
0 0.17576788771539742 0.9439657229788153 0.03924422456920516 0.07493155404236912
0 0.02746288215675372 0.16778767942066578 0.03967423568649255 0.07764464115866843
0 0.0769283211506392 0.847071311067877 0.03924435769872158 0.0783973778642454
0 0.027662382156753724 0.846358046260268 0.04007323568649256 0.07832190747946388
0 0.9693232697331853 0.2589072812364894 0.04040446053362996 0.0774908486813662
0 0.027228028349082792 0.6527745612840467 0.03955194330183441 0.07755787743190663
0 0.3239723742356865 0.8467981934716818 0.04035025152862711 0.0771756130566365
0 0.919700207893274 0.4556304874621704 0.03947684713729852 0.07777902507565931
0 0.9690974152306836 0.7475816039775183 0.03960533629794339 0.07869920017293561
0 0.42365550305725397 0.35932095763078253 0.03995275152862701 0.07836143536532643
0 0.8695429765147303 0.25995107565931685 0.040955046970539095 0.07755184868136622
0 0.027515286270150024 0.07120757674016427 0.0380419677598666 0.07430825767401643
0 0.12659694872151195 0.3615369440121055 0.04026310255697617 0.07603811197578904
0 0.8699103668704836 0.5540423692174665 0.03960533629794339 0.07667261132728055
0 0.9694143735408561 0.4550783550583657 0.04023925291828801 0.07735028988326847
0 0.5228033378265703 0.26177112008214437 0.03987432434685932 0.07713875983571118
0 0.9194101040856032 0.16168269336359703 0.0402863004446917 0.07556761327280588
0 0.27466870428015566 0.16483538499783829 0.0393665914396888 0.07579323000432338
0 0.5717002577821012 0.16361810538261995 0.04004448443579765 0.0760607892347601
0 0.621118427737632 0.06684584068309554 0.041257144524735875 0.07774431863380893
0 0.07677036353529736 0.555948943795936 0.03962327292940528 0.077108112408128
0 0.32409958185102833 0.2618732376783398 0.039909836297943306 0.07801852464332039
0 0.17576038771539743 0.2639081793125811 0.039229224569205176 0.07600864137483788
0 0.9198322269316287 0.650155590034587 0.03974088521400775 0.07637311262429729
0 0.5218897764035574 0.45607073746217036 0.03908944719288487 0.07865952507565928
0 0.8201545989438577 0.2606009580631215 0.04049680211228456 0.07817608387375707
0 0.42299800222345746 0.6515765316688283 0.03967999555308508 0.07786393666234323
0 0.6719179048082268 0.26057334046692604 0.04002119038354631 0.07744531906614788
0 0.8702577821011673 0.9419652507565932 0.03995275152862701 0.07565931690445302
0 0.3734695208449138 0.45652750226977945 0.03928895831017236 0.07822199546044094
0 0.47229363535297386 0.06580333981841761 0.03925792106725971 0.07903696498054476
0 0.12659919872151193 0.8474054434716818 0.04026760255697615 0.07839011305663647
0 0.7206478247637577 0.6504577668612193 0.039857350472484704 0.07697746627756165
0 0.1270336563368538 0.0688173999135322 0.04044168732629246 0.0762832001729356
0 0.9195912269316286 0.5540646345654994 0.04064854613674253 0.0787437308690014
0 0.3737637708449138 0.1647546349978383 0.039877458310172385 0.07698278923476007
0 0.96875 0.16223519239083437 0.040300166759310835 0.07599708171206226
0 0.6709292819622013 0.6508591492650238 0.04012843607559761 0.07710470146995242
0 0.12674594872151193 0.16646153220925203 0.040561102556976154 0.0770189355814959
0 0.6209873540856031 0.7477504863813229 0.04099499722067818 0.07768590575010807
0 0.37331091703724284 0.9433077081712061 0.039319165925514196 0.0749665836575877
0 0.770561117565314 0.16351560538261992 0.03997576486937189 0.07585578923476007
0 0.9693579766536966 0.8443512213575443 0.04047387437465265 0.07768590575010807
0 0.5221660264035575 0.0661080610678772 0.039641947192884934 0.07897087786424557
0 0.7702179099499722 0.06715787029831387 0.03998418010005551 0.07566625940337227
0 0.5715880077821012 0.45599936986597495 0.03981998443579765 0.07784126026805009
0 0.22537601528627013 0.06864075270211845 0.040141969427459755 0.0779564945957631
0 0.5710834463590883 0.65027150205361 0.039853107281823084 0.07795599589277992
0 0.5713205501667593 0.06555667866407262 0.03997989966648134 0.07854364267185475
0 0.17604205294608113 0.16717592942066578 0.03840289410783773 0.0764211411586684
0 0.12613128349082822 0.5561488261997405 0.040721433018343585 0.0768323476005188
0 0.2740047890494719 0.35961088478166886 0.03942842190105621 0.07759023043666231
0 0.5715987577821011 0.7475701343493298 0.03984148443579767 0.07800073130134026
0 0.9195225193162867 0.25828350162127106 0.04051113090605877 0.0796209375270212
0 0.027107174541411864 0.2644537672935582 0.03965765091717627 0.07845087656722871
0 0.17595934533073926 0.3616182088197146 0.038932309338521445 0.07484958236057061
0 0.07702195664257915 0.9439918396022481 0.03908421345191774 0.07633484651967137
0 0.869934495553085 0.06609322308690012 0.0400010088938298 0.07556355382619977
0 0.42349941745414116 0.06599782587548637 0.039293165091717694 0.07739934824902726
0 0.47343210644802664 0.2608009580631214 0.039797787103946644 0.07857608387375697
0 0.8703446359088383 0.8458711629917854 0.0397790439132852 0.07532155209684394
0 0.5722005268204557 0.261095340466926 0.03930794635908837 0.07848931906614785
0 0.6710662395775431 0.5533643845654993 0.0397075208449138 0.07734323086900138
0 0.6213730929683158 0.6501820020536099 0.04037681406336852 0.07777699589277996
0 0.17587374152306834 0.458061796692607 0.03910851695386331 0.07723740661478597
0 0.7707601599499722 0.5563568558149589 0.04106868010005554 0.07454628837008216
0 0.7204369095330739 0.5556516789883268 0.04013035047248467 0.0765135827929097
0 0.8699082879377432 0.16216394336359707 0.04064342412451357 0.07653011327280591
0 0.7700664332962757 0.651323414072633 0.040376057254030075 0.07668217185473411
0 0.22470885005558638 0.45817853188499785 0.04019729988882716 0.07882193623000432
0 0.8205627641745414 0.6519300760916558 0.03992347165091711 0.07451784781668823
0 0.6218906543913285 0.3586263699740596 0.040369691217342914 0.07697226005188065
0 0.8202299888827126 0.06681663424124511 0.03891050583657594 0.07701037613488976
0 0.32455999708171196 0.06661520827929095 0.03944100583657588 0.07795858344141808
0 0.7709631175653141 0.45901789948119326 0.04077976486937191 0.08117620103761346
0 0.8200621413285158 0.7481637519455253 0.041006717342968305 0.07986349610894944
0 0.8699103668704836 0.748932663207955 0.03960533629794339 0.07937472978815396
0 0.4228443984157866 0.45612998746217037 0.039720203168427 0.07877802507565931
0 0.22523861909394105 0.36154056160830084 0.039519761812117894 0.07672087678339813
0 0.7209398247637576 0.26059684046692605 0.04044135047248462 0.07749231906614788
0 0.7205908057254031 0.7476052519455252 0.041480388549193996 0.07874649610894933
0 0.770712575180656 0.35871075237786426 0.039583849638688155 0.07646549524427154
0 0.026994163424124456 0.36084089926502383 0.03977904391328516 0.0766726113272806
0 0.870173849360756 0.6513174872460007 0.039784886047804335 0.07802137743190653
0 0.22545997290161193 0.16568901740164285 0.03961505419677602 0.07682496519671425
0 0.5224951361867703 0.16426178123648938 0.039257921067259664 0.0766726113272806
0 0.571893215397443 0.35841948757025505 0.03973556920511387 0.07723402485948982
0 0.7211300323790996 0.16392123778642453 0.040126935241800915 0.0759915244271509
0 0.8198051413285159 0.16345573778642455 0.040492717342968276 0.07506052442715092
0 0.3733571670372429 0.35897875237786425 0.039411665925514226 0.07700149524427151
0 0.07711532115063921 0.0700010619325551 0.03961835769872158 0.07527287613488977
0 0.9195038910505837 0.8446889861651534 0.040473874374652545 0.07768590575010807
0 0.7210635323790995 0.4562889874621703 0.039993935241800824 0.07909602507565926
0 0.3240247280433574 0.3591995023778642 0.04010754391328522 0.07744299524427149
0 0.07685311353529735 0.6530608260916558 0.039788772929405275 0.07677934781668828
0 0.5228682954419122 0.35919935516645046 0.039309409116175684 0.079469289667099
0 0.3738438322679266 0.06716173789450929 0.03899533546414676 0.07634952421098143
0 0.8699846417454141 0.3578673403588413 0.04044871650917169 0.07815631928231731
0 0.17572078390772647 0.06961441472114135 0.039497432184547016 0.07652617055771728
0 0.6216033663146192 0.1637558701902291 0.04083736075597549 0.07633631884997842
0 0.6713655553085047 0.4557935014051016 0.039958737076153335 0.07742952334630344
0 0.274798435241801 0.06790312029831387 0.03927863813229574 0.0778322890185906
0 0.4730984221789883 0.16431923778642454 0.03982524902723737 0.07746305404236928
0 0.2255157652862701 0.8474534582792907 0.04042146942745971 0.07713508344141799
0 0.6713625625347415 0.35813878080415046 0.04030016675931074 0.0773481409424989
0 0.3241717280433574 0.16478087019022913 0.04040154391328521 0.0783863188499784
0 0.8205334527515287 0.45717347265456115 0.04021226403557522 0.07816287699956771
0 0.7211807823790995 0.35854798757025513 0.04022843524180106 0.07749102485948982
0 0.8210116731517509 0.557082252485949 0.0397790439132852 0.0773481409424989
0 0.8699972206781547 0.45490839818417633 0.03943162868260148 0.07701037613488967
0 0.4234464598387993 0.1638895905750108 0.03988208032240139 0.07795481884997844
0 0.7207716785714284 0.06620534068309553 0.03975764285714273 0.07646331863380891
1 0.8744583547804335 0.7425045384781669 0.006885124791550773 0.0050876588845654895
1 0.5701578565869927 0.8490007308690012 0.006119806559199604 0.015020047124945929
1 0.6208105836575876 0.6598709375270211 0.003480277932184553 0.010929871595330789
1 0.8245432652862701 0.4539443915910074 0.0049226411895498395 0.01206095741461303
1 0.07286585853251805 0.26510706863380895 0.00744365814341293 0.009412429961089448
1 0.17357840764606067 0.8445283013971374 0.0038770192943448174 0.008129069720344932
1 0.5689777718176765 0.06259737635105922 0.006048069483046094 0.00978957501080846
1 0.7221409806837131 0.5517526118677042 0.00683671567537516 0.006943868352788583
1 0.7230988301834352 0.3530389204496325 0.005615847137298451 0.009861955901426701
1 0.6223955369649804 0.5519340979247729 0.005174184546970549 0.00928301469952439
1 0.7745448860478042 0.5471181906614786 0.007295719844358014 0.012159533073929966
1 0.8792470728182323 0.5474497146562904 0.0046034085603113995 0.015549662775616152
1 0.66882856934408 0.44411103707306526 0.0026360797665370837 0.012812837224383915
1 0.4190000439132851 0.5583658932122785 0.0068790116731517305 0.009930016428880152
1 0.6250694830461367 0.06242569174232596 0.005037520844913854 0.006079766536964983
1 0.9703642751528627 0.4479585675529615 0.006499076153418416 0.017277309338521403
1 0.6239517445803224 0.454045361975789 0.006925582545858942 0.011859016645049772
1 0.6719223954974987 0.3608707157371379 0.006523469149527626 0.01446425378296581
1 0.41920744010561417 0.16534880393428444 0.006116804057809892 0.006945604409857327
1 0.6725618297665369 0.55119818590575 0.00454977015008343 0.013456957198443654
1 0.7224931649527515 0.9432535382619972 0.00821683852140071 0.0075563692174664965
1 0.27551463354641464 0.9499762603761349 0.005147775708727055 0.01707893190661479
1 0.8213273586714841 0.8390982439472545 0.004058734574763889 0.013208073281452667
1 0.2648023627015008 0.7429149052096843 0.003990327404113358 0.007644573497622215
1 0.47666513090605894 0.3605669221789883 0.00550103335186226 0.013045252053610054
1 0.3213278078098944 0.8480900976005188 0.006976124235686397 0.006032839818417636
1 0.03124999999999994 0.6595938715953307 0.004516397998888267 0.013510592304366673
1 0.6729379759588661 0.06481345038910505 0.00796646053362977 0.01143719347168179
1 0.17511823221234016 0.1705166575875486 0.007913896887159488 0.008769430177258952
1 0.0733912780711506 0.3617985685257242 0.008477310450250082 0.009906429744920064
1 0.5718025789327403 0.4506984351491569 0.007346759866592631 0.006393337224384016
1 0.5202070828237909 0.16128678826199738 0.00700801334074492 0.006963280371811474
1 0.26848720789327407 0.8502494068309554 0.007043093941078331 0.009145047124945904
1 0.12284508991106168 0.07411826048421963 0.00823561228460249 0.009040284046692585
1 0.2200892857142857 0.08116319444444443 0.0029761904761904847 0.00954861111111111
1 0.42118085102834907 0.2628427890185906 0.006686380211228433 0.00853675226977953
1 0.6761538021122845 0.1635828771076524 0.003271884380211227 0.015206165369649778
1 0.12442196275708725 0.9555551288370081 0.004387036131183919 0.014027550367488137
1 0.3688092934963868 0.6543872598357111 0.007899756531406357 0.007711105058365832
1 0.022511839077265113 0.8507550540423692 0.008443525847693104 0.00880928231733681
1 0.7228200187604225 0.7508520105923043 0.005131224291272929 0.014062840034586995
1 0.22648781309060584 0.9486804363380889 0.00835705864369086 0.010888694984868033
1 0.12435629752640352 0.4658391137051448 0.005908027515286207 0.00988846087332461
1 0.3689453549193996 0.26914923151750975 0.007627633685380683 0.008758929961089536
1 0.3196526849638688 0.36579627496757455 0.008589293774318968 0.0100173722438392
1 0.1715188993885491 0.6528385754431474 0.005384936075597554 0.012159533073929966
1 0.5219368942468038 0.26276521584522267 0.0035483904947193018 0.017473783614353647
1 0.8702388400500277 0.35153952323821874 0.005943943023902217 0.013536279939472607
1 0.0793730395907083 0.8412992088026485 0.005962567435124771 0.011389155494117847
1 0.17686539313507502 0.37310165823605707 0.007546312117843204 0.008241668396022422
1 0.521416078515842 0.46650326091655847 0.008411589494163556 0.007209107220060455
1 0.7726213306003336 0.7379775663640292 0.006626432740411303 0.009412895806312289
1 0.9768676627292942 0.9333134049935149 0.0049570036131186155 0.014601573065283485
1 0.7741486610617009 0.9421160243190663 0.003919187048360178 0.014560104409857208
1 0.5721753055864368 0.16415489191526156 0.010075458866036615 0.011360017293558103
1 0.8248445619788772 0.06525523000432339 0.0036252173429684627 0.016633400778210097
1 0.3188019392718177 0.16686998076091653 0.004037311006114409 0.01741384306095978
1 0.9193936328515844 0.2449961688283614 0.005952867704279998 0.015857748811067877
1 0.9692021142301277 0.2456139336359706 0.003612169538632567 0.016648808041504617
1 0.9206875056976098 0.15186961057068737 0.007534104780433738 0.013638102680501522
1 0.37772102195664253 0.8497405096195417 0.00953155252918282 0.007460723086900008
1 0.6177251727348527 0.2577036853653264 0.0068717779321844875 0.012059663424124541
1 0.9221563785436353 0.6368716100302637 0.006333435241801258 0.011668042369217504
1 0.4740453661756532 0.942731170665802 0.006918995275152895 0.007925574794639128
1 0.2220204298221234 0.5648926728274968 0.0054797073374096275 0.011738108733246754
1 0.4730999509449693 0.6531132450281021 0.0070727495831018165 0.014312312364894077
1 0.6226761919121734 0.7451890219412017 0.0025283832684826683 0.011202695417207309
1 0.8734784162034464 0.05998908192823172 0.0074553410227904595 0.012304045395590131
1 0.5220606018621456 0.36685837948551664 0.004343220956086721 0.01802610743623001
1 0.027214372846025542 0.060469596735840896 0.008071254307948804 0.012694075010808449
1 0.5231948285158422 0.8409425671206225 0.00485408949416341 0.011546015780371831
1 0.9217757747359643 0.8345666106787721 0.004315321011673185 0.0175426325118894
1 0.2704911421623124 0.36909551102464333 0.005119716787103863 0.01287631474275836
1 0.5232660975541967 0.5648184080198876 0.00853311895497494 0.00783346065715514
1 0.4768270037520845 0.16968873162559445 0.0069143638132296865 0.01582951902291395
1 0.4682766290994997 0.2651198926718547 0.006991766814897155 0.014115489191526127
1 0.6708632493051695 0.7420377728058797 0.008294346303501905 0.007372249459576214
1 0.3730250115341856 0.16603709835711197 0.006416625069482963 0.01705301902291392
1 0.772030103946637 0.4508297879377432 0.008156301278488038 0.009508279723302987
1 0.47403161617565304 0.8515521428880242 0.0041671734296833 0.017348048854301683
1 0.7251657220678155 0.6542330098357111 0.0070407070594774674 0.0120727827496758
1 0.9728321289605336 0.059048043666234305 0.005732351306281203 0.018239299610894943
1 0.3736880305725403 0.9449705391266754 0.003353510839355169 0.016957430177259012
1 0.5720725789327404 0.35939656852572416 0.008891251250694917 0.012008311284046681
1 0.11939007948860472 0.27597846757457845 0.006112837131739798 0.009962109381755358
1 0.1705517027515286 0.7509385829009942 0.0073193293496386395 0.007809928880242209
1 0.21984080697609779 0.7508975977086035 0.008101876876042217 0.00991848811067876
1 0.17683506267370755 0.9426482882619973 0.010038879655364066 0.009442398832684952
1 0.36816829349638686 0.4612475988975356 0.003970528071150626 0.01636937202766959
1 0.31402259408004446 0.6595399662775616 0.006300281545302815 0.007538636402939798
1 0.22136095316842688 0.37135779063986163 0.005061584491384049 0.011053873973195029
1 0.07112865522512504 0.47043107014699515 0.007443912451361788 0.00948643298746226
1 0.9229332894663701 0.9395821558581927 0.011727918010005566 0.010170426718547176
1 0.02026730100055583 0.556715612732382 0.007373958310172256 0.010528458927799534
1 0.8215510239021678 0.2524820965196714 0.006043310728182303 0.014396485732814539
1 0.019006078654808193 0.4558193471681798 0.0064222506948304 0.007635516645049812
1 0.2220852222067815 0.2707743639213144 0.004655292106725893 0.013615020536100234
1 0.47202501667593105 0.4569869656290532 0.005748465814341281 0.016108753566796332
1 0.520488686631462 0.06617600961954172 0.007139636186770458 0.011414193471681783
1 0.6255946364647026 0.8458105827929095 0.00676653585325196 0.012618458279290952
1 0.9699476099221791 0.8362405078901859 0.0055953304613670495 0.013519308473843514
1 0.9215646285436353 0.06133973000432336 0.005779859088382417 0.01635804539559014
1 0.07459788187882153 0.9477696131647211 0.004327026681489648 0.017439048638132268
1 0.8191008893829906 0.7374486597492435 0.007469427459699826 0.013172827496757496
1 0.02332775861589769 0.9516377899913531 0.003337534463590825 0.014431402291396722
1 0.12419099187414062 0.7481814713234123 0.008901850838184925 0.00802302226545611
1 0.17505209032795996 0.5651599820579333 0.004224613118399034 0.017958786424556925
1 0.42149103960533624 0.6615427903156075 0.003981511673151721 0.012314873324686478
1 0.5740097865480822 0.5552616127323822 0.003974590327960012 0.01748963661910954
1 0.6738986645358532 0.9364281114353652 0.004308007226236806 0.017154045179420565
1 0.8740393738187882 0.9384050234543883 0.0039015191773208763 0.017253398832684792
1 0.7200420040300167 0.8416967291396454 0.008255347137298535 0.010713221357544414
1 0.32746981392440244 0.9414563030696064 0.008241306003335173 0.014528487678339709
1 0.476174423290717 0.7491550829009943 0.006135033351862111 0.010025869649805624
1 0.1730538446359088 0.271731261132728 0.005094367426347926 0.013052285343709464
1 0.37240501153418565 0.7477550088629484 0.00869887076153419 0.008097310419368873
1 0.07098365953307388 0.5530270683095547 0.00460716675931068 0.014527899697362616
1 0.870692051139522 0.8399602788586251 0.005037520844913753 0.017563769995676597
1 0.12369113229571979 0.3745980415045396 0.00689094274596993 0.01470631647211408
1 0.42471221956642574 0.9503498927799394 0.0037926259032795527 0.01633166709900576
1 0.42289566245136184 0.7408620376134891 0.004993833518621469 0.014452427150886175
1 0.5216583709005004 0.750796142131431 0.006537343802112312 0.016876695417207165
1 0.5726316827404114 0.9462430391266754 0.008120458866036578 0.011710311716385627
1 0.46794269052251247 0.556967347924773 0.009049304891606522 0.011376047773454306
1 0.2713997650083379 0.0763557761565067 0.007471453863257389 0.01807584500648507
1 0.07356417426347969 0.07417187808041503 0.008826348526959356 0.013661756160830082
1 0.4188981901056142 0.07059856971465628 0.006040473596442451 0.01337754712494595
1 0.271616161200667 0.5650664672503242 0.004606754863813173 0.01679475680933853
1 0.2224789255141745 0.4554519212062256 0.006994622568093308 0.01715225356679638
1 0.41896514772095605 0.3640759517942066 0.0062539735964424635 0.014133548205793378
1 0.6724048082267926 0.847728869433636 0.007643135075041738 0.008106355382619945
1 0.12224211387174161 0.8508380820590711 0.007630433910652101 0.012413748162559418
1 0.4223617238743746 0.8402185523130133 0.007103956364647042 0.008940867704280127
1 0.07743443899388547 0.758930231841764 0.004212556142301211 0.017496756376999555
1 0.3712038506114508 0.37098833506268913 0.005889964146748129 0.01584596281884994
1 0.770939004446915 0.8400644643320362 0.0061695175097275365 0.014653280587980926
1 0.32462288396331296 0.752801054150454 0.0059446156197887085 0.011515812148724535
1 0.026386186770427957 0.7563634889753567 0.005211228460255704 0.01722600518806742
1 0.2716724492773763 0.2709625259403372 0.007620915786547958 0.017291874189364422
1 0.522254036131184 0.9496404807609163 0.007083089494163427 0.013697313445741778
1 0.26938183073929955 0.4555929212062257 0.006643509171762066 0.016194723951577984
1 0.5215209132851584 0.6477933173367919 0.008896750416898311 0.007388397751837515
1 0.22121561839911058 0.6544767014699524 0.004657423568649196 0.018340695633376626
1 0.3225399687326292 0.5558358923476004 0.006983709005002783 0.018367666234327628
1 0.2694213073929961 0.6489000237786424 0.006564555864368974 0.011254751405101595
1 0.8231447272095608 0.9412287447038478 0.004940395497498733 0.016334663640293852
1 0.07545858810450243 0.6538518698659749 0.003995275152862693 0.006079766536964983
1 0.11984088382434681 0.6514875162127107 0.005906058921623115 0.00540423692174663
1 0.3175201500833796 0.06056798530047555 0.0045163979988883185 0.009795179420665804
1 0.7739369093941079 0.05769698443579765 0.00469010561423013 0.0054042369217466605
1 0.8719948582545859 0.15092007133592736 0.009032795997776637 0.010808473843493285
1 0.8236172873818788 0.15683095546908773 0.005037520844913854 0.012497297881539119
1 0.7779321845469706 0.14956901210549067 0.00607976653696513 0.006079766536964983
1 0.6230718454697054 0.16307960440985728 0.00625347415230684 0.006079766536964983
1 0.7258198999444134 0.06191904453091222 0.003995275152862783 0.014523886727194117
1 0.7253856309060589 0.24971627756160827 0.0027793218454696955 0.009119649805447475
1 0.7741106170094497 0.25309392563769995 0.002605614230127884 0.009119649805447475
1 0.8735582267926626 0.24448092304366623 0.003821567537520869 0.010132944228275004
1 0.827091439688716 0.35442336792044965 0.005384936075597478 0.005742001729355856
1 0.7728946637020568 0.3515523670557717 0.006079766536964927 0.008106355382619994
1 0.6191634241245135 0.3554366623432771 0.007469427459699826 0.00844412019022917
1 0.7241696775986659 0.4461265131863381 0.002084491384102246 0.009457414613056552
1 0.8736450806003335 0.44257998270644183 0.002258198999444058 0.00979517942066578
1 0.8230093107281824 0.5432338953739733 0.008337965536408984 0.006417531344574061
1 0.8242252640355753 0.641692336792045 0.0045163979988883185 0.010132944228274906
1 0.8765112562534743 0.6364569822741029 0.0031267370761533186 0.011146238651102536
1 0.6736207615341856 0.6476032209252054 0.007643135075041637 0.00844412019022922
1 0.6239403835464146 0.9423030155642023 0.007643135075041738 0.01080847384349326
1 0.9753508893829906 0.15379107220060526 0.007643135075041738 0.0138483571119758
1 0.9224569205113953 0.33719736273238216 0.007122012229016304 0.00641753134457416
1 0.9721372984991662 0.34293936446173806 0.006774596998332477 0.0138483571119758
1 0.9235860200111172 0.44595763078253337 0.00590605892162342 0.011821768266320889
1 0.9210672595886604 0.5390118352788585 0.005037520844913956 0.007430825767401591
1 0.9705739299610895 0.5349586575875487 0.005732351306281203 0.008781884997838298
1 0.9783039188438022 0.6389902183311716 0.003126737076153217 0.013510592304366673
1 0.9259310728182324 0.723431420233463 0.0022581989994441593 0.008781884997838298
1 0.966404947192885 0.7350843060959793 0.0036478599221790578 0.007093060959792514
