0 0.7691844586067642 0.06426166941499803 0.042281082786471455 0.08128639340400469
0 0.027850011679079214 0.9358480055292256 0.0396201316858497 0.07645838599262747
0 0.47234438780918725 0.6480039444444444 0.04142022438162546 0.08073011111111109
0 0.5712077233720343 0.06533421672555947 0.041645633518425026 0.07913722025912838
0 0.2743779744414353 0.45351487203791463 0.04139305111712928 0.08105225592417062
0 0.224139576844956 0.6475125452869932 0.040780846310088006 0.08233090942601379
0 0.5204479254164563 0.9395913150765606 0.0407696519434629 0.08111136984687858
0 0.5705707074709743 0.6485874278563015 0.042264585058051446 0.08067014428739701
0 0.12612588050101559 0.5499998593996839 0.04067423899796884 0.07901828120063184
0 0.7696062044422008 0.35659530722418525 0.04123159111559817 0.07947938555162937
0 0.2745153019634394 0.3559501843075303 0.04082139607312116 0.08174963138493943
0 0.028979416723087337 0.4522014694576093 0.03891685646580907 0.08171665666140078
0 0.4717416405855628 0.7442409402237927 0.04021472993437649 0.07934858637612871
0 0.4219019925542655 0.7452550237534353 0.04275653432609795 0.07708248566941497
0 0.5214541698637051 0.3574575572241853 0.040573660272589504 0.07997695190420101
0 0.47108901905603223 0.841106635649784 0.04143346466431096 0.08106486140557519
0 0.3232191394719025 0.7453038837546077 0.04090341096817873 0.08208683543970509
0 0.17447135172647257 0.646351594918378 0.042155296547054834 0.08083181016324392
0 0.225167576844956 0.35720608504476037 0.04114422613405552 0.081793028436019
0 0.6211504839727411 0.647605311150373 0.041834032054517876 0.07931937769925411
0 0.4220692383897022 0.6490356944444444 0.04214453432609803 0.08218014428739688
0 0.6217087298081777 0.4533149694738908 0.04105754038364466 0.08151706105221823
0 0.32322742823290457 0.6477961960242232 0.04134314353419088 0.08125260795155359
0 0.4718685148914689 0.5501236151354535 0.04141497021706217 0.07943843561052234
0 0.1757353730534868 0.25889384583991576 0.041298098849018264 0.0818181024223276
0 0.22555030941096818 0.4533383720379147 0.04106338117806365 0.08152205739863087
0 0.07643344414353419 0.6468744441811479 0.04157711171293161 0.08352311163770408
0 0.27407381939742725 0.551640809768299 0.042477361205145565 0.08147738046340189
0 0.47088364613831396 0.9394309981350607 0.04007622715800108 0.08079073596387903
0 0.02897783920108327 0.065172371116377 0.03933685646580907 0.08273744892048449
0 0.3232316394719025 0.25877464731437594 0.041774721056194966 0.08157970537124802
0 0.67171925908632 0.35661397369454256 0.04075048182735981 0.08074365213977226
0 0.2742044685172647 0.258919167983149 0.042315504400812436 0.08022314375987363
0 0.6702238903331651 0.8423609525912837 0.04059921933366997 0.07989269434628977
0 0.8683852699394244 0.9377399815469181 0.04002647122665317 0.07924910325873588
0 0.4723201364209995 0.35790827404789943 0.040740727158001123 0.07965145190420096
0 0.4218986622917718 0.5504331075775422 0.04211887935386167 0.08067088731841388
0 0.7207174196113073 0.550470715253239 0.041258160777385096 0.08135956949352173
0 0.224564576844956 0.5504055597682991 0.04163084631008801 0.07900688046340182
0 0.47170476489146895 0.45360220288574793 0.04108747021706206 0.08086459422850413
0 0.12556093669600543 0.9373215551606107 0.04166012660798916 0.0818738896787783
0 0.2255067318889641 0.16182410847814635 0.04182253622207176 0.08185977567140602
0 0.12514903165199728 0.8392376615323854 0.041682626607989166 0.08235565481832542
0 0.2740560306364252 0.7446622808056872 0.042864938727149644 0.08244923249078459
0 0.37135297698036557 0.9403084577409162 0.04153804603926875 0.08208808451816749
0 0.3725477483073798 0.7452842330173775 0.040965503385240354 0.08040193101632444
0 0.6708187632508833 0.2597632445033372 0.04021147905098437 0.0808977100510404
0 0.07622436662153012 0.7434033304370721 0.04200526675693974 0.08239973617693527
0 0.5704040873296315 0.7446004236356497 0.041615847551741525 0.07822715272870054
0 0.8676050227158001 0.45159345229681974 0.04035896012115105 0.08236829446407531
0 0.8677228984098939 0.2566066941499804 0.04027921428571426 0.08071927758146837
0 0.9171504290762241 0.548439340400471 0.04038364462392729 0.08097762073027089
0 0.5210079999999999 0.45322799999999996 0.04040000000000004 0.08201800000000005
0 0.9168593297576978 0.1588640478994896 0.042009926552245655 0.08031643502159404
0 0.12539918669600542 0.7435519830173776 0.041336626607989174 0.07858303396524491
0 0.7688114613831398 0.16128011542991755 0.041219591115598114 0.08146776914016492
0 0.12510960917400135 0.6460349441811478 0.041603781651997296 0.08184411163770407
0 0.9164099429581019 0.257297794267766 0.0417421474003028 0.08210147781703964
0 0.1259975529790115 0.45266442166929954 0.04126389404197695 0.08017415666140071
0 0.5213811698637051 0.5511110321947389 0.04042766027258955 0.07834593561052225
0 0.7196254265522464 0.06455245318021201 0.04222914689550744 0.07941409363957597
0 0.6206502381373044 0.7444179236356497 0.041464534830893435 0.07847561955241468
0 0.17572379553148273 0.35633723578199045 0.0404286337169939 0.08170093285939971
0 0.8684471497980819 0.7431092897526501 0.04235871150933883 0.07892568590498635
0 0.8190557406612822 0.7434387234000784 0.04201102700656248 0.07958455319984283
0 0.3235345445159107 0.35632903541337546 0.040687910968178746 0.0800389291732491
0 0.6706511472741039 0.7435907897526501 0.040822738768298956 0.07866175225755799
0 0.028224511679079217 0.742801429699842 0.03952282159783345 0.07872753027909418
0 0.0760050778605281 0.8400479170616114 0.04114353419092754 0.08150776145339665
0 0.22577086560595805 0.06486567259083725 0.04150449356804334 0.08212405186940498
0 0.6708312618626956 0.4535133024146054 0.04055197349823335 0.08252719375736164
0 0.5702485887178192 0.8410963690616411 0.042251341998990354 0.07981739458186106
0 0.4222307383897022 0.35685074028268554 0.04183653987884906 0.08121718531605815
0 0.17559421800947866 0.16168945958399156 0.04143894380501012 0.08323608083201686
0 0.3238580057549086 0.551101559768299 0.040488523358158446 0.08286728488678255
0 0.7694638315244825 0.7442229734000784 0.04094684528016147 0.07992611955241448
0 0.07739556042654029 0.2586595480516061 0.04223187914691943 0.07970390389678779
0 0.3722954983073798 0.5513978097682991 0.04046100338524034 0.08099138046340185
0 0.12668749678402166 0.16131920958399154 0.04052800643195666 0.08249558083201686
0 0.7201625453054012 0.25858361120926576 0.04046390938919738 0.08160577758146838
0 0.6205584881373044 0.841295885649784 0.04096553760726909 0.08205682822928938
0 0.2747334123222749 0.16141719325961026 0.04125761679079213 0.08104594523433387
0 0.6205041645633518 0.06395391637220259 0.041487884906612746 0.07944395367098546
0 0.3727564983073798 0.35704653541337544 0.041383003385240306 0.08147392917324905
0 0.2742411469194313 0.6477347934439177 0.041542551117129276 0.08112980279094253
0 0.9663679959616356 0.5464455732234 0.0388061585058052 0.08005742049469965
0 0.2240313055179417 0.839992915218536 0.041410613744075696 0.08222055924170608
0 0.966250586824836 0.25655646073812327 0.04046432357395255 0.08123227758146845
0 0.4222249842251388 0.25945599450333723 0.04182503154972237 0.08396401099332548
0 0.6703270215800101 0.06398883647428347 0.041120979050984274 0.07890032705143306
0 0.17530679553148273 0.550529458662454 0.04171040893703452 0.08172308267509217
0 0.5209196712518929 0.8411598524734982 0.04013565749621405 0.08117129505300359
0 0.7696554770318021 0.5495129073419709 0.04069914184755175 0.07821702002355715
0 0.8187047462140333 0.6458406772673734 0.041624535335689015 0.08131131134668232
0 0.9174184401817262 0.6467224106792305 0.04186615850580517 0.08123437769925414
0 0.5213915441696114 0.7442284568119356 0.04013291166077743 0.07993708637612881
0 0.917127554770318 0.3543025068708284 0.04096889045936395 0.0804149862583431
0 0.7200914265522462 0.7442874064585787 0.0422146552246339 0.08066845249312928
0 0.6699671444977283 0.9394960816647036 0.04103221933366987 0.08214783667059301
0 0.916164318652196 0.06251030270906949 0.042512887682988575 0.08207792775814683
0 0.1743677742044685 0.8398730622696156 0.041948141503046696 0.08115805186940496
0 0.17560354553148272 0.4537568224065297 0.04145759884901824 0.0807133551869405
0 0.5223396698637052 0.065208453180212 0.04076717415446751 0.07888569316843344
0 0.8673018677435638 0.355350657636435 0.04006814740030283 0.08005742049469965
0 0.8192137351085311 0.4530139860620337 0.040749529782938 0.08214202787593239
0 0.22409147799593768 0.9386861066350711 0.042377268788083934 0.0796661837809371
0 0.32373208327691266 0.4538586220379146 0.04065983344617469 0.08173975592417064
0 0.27322670311442115 0.8413341670616113 0.04247574881516586 0.08243465850447595
0 0.47177839613831396 0.16187596554770317 0.041865727158000965 0.08081906890459363
0 0.22472115436696005 0.7446407826487624 0.041097691266079824 0.08158343470247509
0 0.621379233972741 0.35655409040047115 0.04166053760726912 0.08185081919905772
0 0.9168014318525997 0.45131820229681974 0.04126313629480072 0.08059086081664699
0 0.6700372286723876 0.16226197487239888 0.04085689045936393 0.08159108755398506
0 0.07694069414353419 0.45297107240652973 0.04174530162491536 0.07996465666140068
0 0.7206005453054013 0.6476370943266588 0.04039341771832414 0.08060987769925404
0 0.9174929332407874 0.7421094064585786 0.04264613907117629 0.08060672025912839
0 0.4221177342251388 0.4535917194738908 0.04161053154972234 0.08207056105221837
0 0.42150361269560827 0.9398052647232037 0.04227527183240787 0.08153926914016453
0 0.47244026350328117 0.2604394613270514 0.04192747299343767 0.08347707734589714
0 0.6212668582786471 0.551494248429525 0.04206678066633001 0.08095276855123679
0 0.8194251640585563 0.5499730074597565 0.04274987380111059 0.08097762073027089
0 0.5216085427814235 0.6481961778563016 0.03993591443715303 0.07988764428739703
0 0.3720141320243738 0.8417175181674565 0.041590890995260615 0.0815557577672459
0 0.12673224678402167 0.35605518430753025 0.04061750643195667 0.08195963138493943
0 0.7695519544422008 0.45312110276796225 0.04112309111559814 0.08174279446407537
0 0.4215223626956083 0.8415288021201413 0.04136628016153462 0.08190919434628974
0 0.5714319546945986 0.2596339773262662 0.04177859893992937 0.083093042991755
0 0.7202117953054012 0.3556292568708284 0.0411934038364462 0.08061461896348653
0 0.1748573517264726 0.7440102330173776 0.04208098645903858 0.07949953396524487
0 0.5712639546945988 0.3562197568708284 0.0414425989399294 0.08179561896348644
0 0.027538472918077178 0.8392758177988415 0.03899705416384563 0.08078636440231711
0 0.07567351777251184 0.9374708566350711 0.04217303419092754 0.07970408820431826
0 0.8683400324331145 0.5492496317235963 0.041197985108530996 0.08014433608166469
0 0.3237660832769127 0.16284481253291205 0.0407278334461747 0.07896437493417593
0 0.27329512559241703 0.939522356635071 0.04134312863913335 0.08298428672985775
0 0.1747083904874746 0.9377489558978409 0.04220621902505075 0.08108308820431788
0 0.32216960071090045 0.939403307003686 0.04007379857819901 0.08192338599262743
0 0.5709599560827864 0.5507616986650962 0.042412087834427174 0.08071460266980769
0 0.866670873296315 0.06288034943070278 0.04133013629480057 0.0809776207302709
0 0.7695554558303888 0.8406236688260699 0.04113009389197393 0.08255279505300361
0 0.27467976320243737 0.06496717259083724 0.04157347359512527 0.07985864744602424
0 0.22512132684495598 0.25972364547130067 0.04232119126607985 0.08265490021063722
0 0.5222560427814236 0.26014687779740875 0.041230914437153085 0.08227844346289756
0 0.5713109533064109 0.4533765695916765 0.041852093387178255 0.0797998608166471
0 0.029011955484089372 0.5494562582938388 0.03940508903182126 0.0803994834123224
0 0.8187874878849065 0.35613422369454256 0.041159024230186754 0.08162455261091485
0 0.6703230243563855 0.6478695943266588 0.042374973498233 0.08230181134668237
0 0.07682494414353419 0.3552612817272248 0.04151380162491536 0.08201742917324904
0 0.6215749853609288 0.2597066775618374 0.04173654316002009 0.0826249766391833
0 0.02865091672308734 0.6456447438125328 0.03910616655382532 0.08188651237493418
0 0.8683140227157999 0.6472602442088731 0.04083046845027758 0.08231004475853944
0 0.7696635773599191 0.6470004942088731 0.04008434805653696 0.08179054475853932
0 0.8192603705199394 0.8398965687082842 0.04210478950025244 0.08171206164114646
0 0.3228918894719025 0.8415989189046866 0.04024891096817872 0.08049575776724596
0 0.9660301062594648 0.7425958395170789 0.04033885966683499 0.0815795863761288
0 0.02930348679756263 0.35642114270668773 0.0387186865267434 0.08022314375987363
0 0.9175946818525996 0.8393929188260697 0.040956652953053965 0.08131822870043187
0 0.12654434174001356 0.0647729740652975 0.041934316519972925 0.08029305186940498
0 0.9655368423775871 0.06335201953278366 0.04124531524482567 0.08192096093443266
0 0.9672347097425543 0.8384725687082842 0.04085508329126729 0.08193139575971742
0 0.029325744245091403 0.1615266581095313 0.03918635646580908 0.08208767640863611
0 0.8190341191317516 0.9383376983706321 0.04228328117112566 0.07921760325873586
0 0.620766233972741 0.9401353316647036 0.04201202372539124 0.0821994030231645
0 0.029462033006093437 0.2576415443654555 0.03945893398781314 0.08260470537124798
0 0.3722522095463777 0.6482071463928383 0.04122073595125245 0.08042890573986305
0 0.9670249597425542 0.6445363271495876 0.03980458884401839 0.08299687887711027
0 0.6710106375567895 0.5506992152532391 0.04091072488642108 0.08181656949352176
0 0.5705265901060071 0.16184521495877502 0.0421763503281171 0.08198450137416567
0 0.81828949204947 0.1605762653121319 0.042056015901060055 0.08190046937573615
0 0.8672279011862695 0.15995801531213188 0.041813197627460955 0.08066396937573618
0 0.768972459994952 0.9379360147232036 0.04059509666834933 0.08148157008245012
0 0.37226617078537577 0.45407937203791465 0.041248658429248505 0.08218125592417062
0 0.5706187074709742 0.9397716817824894 0.04172959061080275 0.08147210325873584
0 0.3237875832769126 0.06558507517114268 0.040770833446174645 0.07944884965771461
0 0.8187429906612822 0.25682879426776595 0.04107002978293802 0.08116347781703959
0 0.9656581272084804 0.4502846486062034 0.03927940434124184 0.08097762073027094
0 0.9176514318525997 0.9371912481350608 0.04138565017667842 0.08121897055359224
0 0.37275959326337177 0.1622202610584518 0.04096603825321599 0.08100647788309638
0 0.7197590494699645 0.8407996688260698 0.041865398283695045 0.08106439458186109
0 0.817321747602221 0.06410060306242639 0.03980502978293775 0.07912386022771889
0 0.5214902969459869 0.16224621495877503 0.039699422766279774 0.08094610090302315
0 0.7201025466935891 0.45289560276796226 0.04097490661282178 0.08129179446407539
0 0.966275961130742 0.35385089016489985 0.03988407773851585 0.08012521967020027
0 0.7695455801362948 0.2591431112092658 0.041425839727410464 0.08149784393404005
0 0.9670187083543664 0.9367976314291323 0.04010758329126714 0.08043173714173532
0 0.1756093432633717 0.06597222222222218 0.04189234935680433 0.0818687467087941
0 0.4722428878091872 0.06564570318021201 0.042163716052498655 0.07914672634471928
0 0.6206281110550228 0.16235084884177464 0.04173577788995461 0.08238230231645073
0 0.07832379299255247 0.06470877369668243 0.041549414014895064 0.0809874526066351
0 0.3729127870683818 0.2594380480516061 0.04127242586323625 0.08126090389678776
0 0.12637520802301966 0.2581936969457609 0.04032658395396076 0.08124060610847815
0 0.07641165538253217 0.5493704586624538 0.04195668923493568 0.07940508267509225
0 0.8682615241039878 0.8400310687082841 0.04040997400302879 0.0825945284648606
0 0.9659102194598688 0.15902708166470356 0.0407300805148917 0.08064250255202197
0 0.7194299279404341 0.16044741519434627 0.04152265244825841 0.08102930231645075
0 0.4220803626956082 0.06434673635649783 0.041851285714285674 0.07961612681586179
0 0.3727902483073798 0.06581267443391257 0.04145050338524037 0.08154965113217487
0 0.0775203491875423 0.16120705884676143 0.04205830162491536 0.08391688230647709
0 0.7193298050227158 0.9387480313113465 0.04069141216557292 0.08065173596387885
0 0.4224141071428571 0.16231373213584607 0.041256785714285676 0.08169460208087945
1 0.5787440533821303 0.06959637671770709 0.005434659515396183 0.012947018845700832
1 0.8687402799091368 0.5583431370239496 0.005641600706713794 0.010252281115037398
1 0.7695841612810121 0.5552444276059162 0.005329858654906872 0.01389225332726222
1 0.9187448138566379 0.07384732695327836 0.0031211749116609763 0.014260587553985071
1 0.17493434800270818 0.9286746398104265 0.0030426106973595476 0.010294875197472445
1 0.9202094242806664 0.9474369892029839 0.0046089151943462525 0.015461710639968373
1 0.8676627873548712 0.4587831270121712 0.004326116355376034 0.011222517078916342
1 0.8154133920999495 0.7448056131723596 0.006288309187279241 0.012769024931291678
1 0.9164521909389197 0.45761122654102865 0.006759929076224276 0.008658583431488015
1 0.07927192687880841 0.4442378059505002 0.0060634583615436785 0.008262803054238975
1 0.6735240209490156 0.16239652179034156 0.004857561332660103 0.01322717628582648
1 0.7183415696617869 0.741702446113074 0.005770167087329676 0.014681091283863424
1 0.2814691723087339 0.46108757253817795 0.0036662593094109954 0.014880542127435465
1 0.8741344113444813 0.2630408080889405 0.007156132103080535 0.007497849363609779
1 0.12920819075829384 0.6441493854660347 0.0056323659444820805 0.011612366508688786
1 0.4734493982836951 0.0727481267177071 0.005902818778394752 0.007256985669414992
1 0.6597598306410903 0.4460819084216725 0.00399119182231189 0.016380549077345947
1 0.2228368405551794 0.7447714757767245 0.007102215978334466 0.011954547130068308
1 0.8185587539121656 0.8428111255398507 0.006307530035335723 0.011840450137416525
1 0.6717297737253912 0.8489899762465646 0.00592207799091357 0.007457817432273176
1 0.17512100304671632 0.45143631332280143 0.003515610697359531 0.012790222222222307
1 0.3266970059241706 0.17110441192733017 0.00461208158429248 0.011480617956819353
1 0.12366922173324306 0.44831936111111104 0.004438807718348008 0.013264516324381167
1 0.9207793069156992 0.6544370018649391 0.004100144371529422 0.016827802316450757
1 0.7231687877334678 0.653913501276011 0.007158133770822924 0.009286267962308692
1 0.32201609698713607 0.7485702294628752 0.006357108666215388 0.006825444181147944
1 0.8704053977788996 0.6544445848056536 0.006412828874305834 0.010677968197879965
1 0.22062641418415707 0.45009691074249597 0.005598898104265386 0.006418211163770455
1 0.967791595911156 0.2634150513349038 0.0075642084805652736 0.008112967608951699
1 0.8702075248611811 0.16423948861405574 0.006177580262493721 0.007700842167255553
1 0.7727815711761736 0.06607702601099333 0.006998695103483093 0.008329850608559088
1 0.37795235121868653 0.16849521340179038 0.0036586015572106184 0.010939404686677189
1 0.47570538856638056 0.1607605715547703 0.004230313225643658 0.012204808990969748
1 0.7222996717566886 0.5603087726737337 0.008580868500757077 0.00754794346289748
1 0.42635682735991925 0.36325586405575183 0.006069787985865663 0.006581126226933668
1 0.47520863856638057 0.36702338123282285 0.007747791014639001 0.0070211605810757876
1 0.6723120223372034 0.7484372636435022 0.0047575807672891254 0.013480792697290904
1 0.9184709353861685 0.553739188555163 0.007454898536092815 0.011485109344326696
1 0.8709338963907116 0.07038001001177856 0.0085108038869258 0.008312418138987037
1 0.27606181956668924 0.15692740086887835 0.0039020886932972483 0.01432779436545549
1 0.5155510865724382 0.551098388201806 0.007199189803129765 0.010632041813898613
1 0.12475998916723086 0.7436312257767245 0.004373048070413001 0.011766642706687787
1 0.9701773361938413 0.654324285041225 0.006894191822312174 0.01214550137416569
1 0.02210396140825999 0.9371075993944181 0.007840147596479352 0.014821794365455707
1 0.5253419220090861 0.35389866323125246 0.0043388717819284345 0.015480058696505643
1 0.5227903060323069 0.2646178682764036 0.005971634275618344 0.014909336081664707
1 0.5708009707218576 0.6578181019827247 0.004914969207470879 0.015586803494307015
1 0.5751989457344775 0.16869203955634074 0.007476919232710749 0.012292010404397362
1 0.37415392095463773 0.5529301573196419 0.0036386712931618754 0.014680101369141675
1 0.2258434219702099 0.06455816903633489 0.004051138456330402 0.017227132174828803
1 0.4217743773346795 0.9343305875539851 0.004507782433114471 0.015908907341970823
1 0.6751033883139828 0.26904685227718883 0.006115787733467925 0.014026436788378473
1 0.7709963402322059 0.8455106497840595 0.00457470974255431 0.01687033765213977
1 0.8190885053003533 0.1586040549666274 0.0036705411408380177 0.017744775814683932
1 0.3242532520311442 0.549371401790416 0.0035754187542315612 0.013569597682991189
1 0.33072731990521326 0.0711836727224855 0.005860864590385972 0.01138133807266977
1 0.17628231313473255 0.06545911571879935 0.007117161137440776 0.007197224065297473
1 0.6709440265017668 0.07476231036513543 0.007493572438162386 0.008136352964271707
1 0.17416188676371022 0.7441525254081095 0.00628015335138795 0.00907844049499731
1 0.621130993059061 0.9469008055555554 0.009000002776375433 0.00978594287396935
1 0.5243800518677436 0.16573198920298388 0.004369628722867296 0.018212111111111096
1 0.6738231953558809 0.35887809187279146 0.00457470974255431 0.02147133882999608
1 0.6250146062594649 0.6428796499803691 0.005965234729934415 0.013563432665881336
1 0.8229716032306914 0.6549903513937966 0.008524234225138878 0.008359501374165646
1 0.821143869888945 0.07073507695327837 0.004607767541645659 0.017417753435414195
1 0.4685556718828875 0.7422826795249313 0.004332371529530425 0.015974491755005735
1 0.7209688057799092 0.06477344248135061 0.006510142099949486 0.00848315037298782
1 0.3749216147596479 0.9400298016061086 0.007604299255247123 0.01391419878883641
1 0.6179068840232207 0.06404034236356496 0.007876287481070169 0.009949350608559109
1 0.47166253369510336 0.8450119093050648 0.0053750840484603655 0.014800484491558623
1 0.5241927963149924 0.4540837093639575 0.007583614840989432 0.01632708460934445
1 0.37179508953960727 0.7456863268825697 0.005394248815165881 0.012593249341758747
1 0.3766773860866621 0.36194903370194836 0.007901151997291881 0.011571258557135403
1 0.9666355986875317 0.8402016587161366 0.00829871680969185 0.01399204966627396
1 0.867468157496214 0.7445909129367884 0.007870348308934893 0.008290690812720885
1 0.5219218046441191 0.935011320965842 0.006762145381120632 0.017614774636827788
1 0.0809278144888287 0.256534890073723 0.006983233581584309 0.00929396392838338
1 0.3715165507786053 0.8485482223538704 0.0055281712931618794 0.019152238809899812
1 0.9161219492680462 0.8454223429524931 0.0045809374053508885 0.01888735178641543
1 0.08053934935680433 0.6411811850974196 0.00437492349356806 0.015080362822538242
1 0.770264963528521 0.3573038302905379 0.006668457597173167 0.017258260109933192
1 0.12743570429925524 0.9362245001316482 0.004099478334461766 0.01741079436545551
1 0.46956753924785466 0.5552480552610916 0.007041095153962524 0.007853909108755374
1 0.5699876352852095 0.8480628074204946 0.008286729429581132 0.017680385159010627
1 0.1676308576506432 0.8422718160874143 0.004108629993229508 0.017717426276987937
1 0.42158849608783444 0.6526822844522968 0.008350014386673366 0.008067900667451826
1 0.5179079539374054 0.8392239253042796 0.005009432862190875 0.015334049666273941
1 0.5251895365976779 0.07333914389477815 0.006536625946491625 0.01098268590498625
1 0.5731497096163553 0.7575069982332155 0.00621193866733967 0.017426129171574364
1 0.426072479429581 0.5511587051433058 0.006007489399293269 0.016646076168040876
1 0.1263589155382532 0.5444543981042653 0.00667621090047396 0.013529987361769358
1 0.1302557682802979 0.842935613875724 0.009038226472579578 0.00980741890468659
1 0.27153221682464457 0.2581063919167983 0.004075038253215979 0.017670180884676177
1 0.27422977889193434 0.5485902096530008 0.0052558800041496104 0.014826749152779841
1 0.2782876897427218 0.3535922744865718 0.008759759309410952 0.008537541600842512
1 0.9701950792529024 0.5484361879662347 0.0096981807168098 0.013502574990184453
1 0.9195076798334176 0.2582068173341186 0.00948287354871269 0.00932743325480957
1 0.22634949949221397 0.5538960084254871 0.005154758632362899 0.01933081095313306
1 0.17917702826675694 0.2633212467087941 0.0051361262694651294 0.017936890468667716
1 0.7237225432862191 0.2657785187475461 0.008259103230691522 0.016268836081664663
1 0.03177778317535545 0.44859851000526585 0.009227101218686532 0.009415012638230635
1 0.47442895002523977 0.944125441696113 0.007414184755174144 0.015336670592854299
1 0.027268641672308736 0.7429612239336492 0.008935973256601214 0.00899263902053714
1 0.42020475858152445 0.7501907808205732 0.005438539374053418 0.019175760698861347
1 0.923395913175164 0.16480115567334117 0.008962843008581396 0.015166043580683148
1 0.2748896470886933 0.06894997235387043 0.009208518957346002 0.014203135860979432
1 0.22646653825321597 0.16555800934702472 0.004074371022342607 0.01599101132174827
1 0.3273391047731889 0.259145090442338 0.007136279282329078 0.009833173512374917
1 0.027355436188219364 0.05890724618220113 0.009010127623561279 0.01919350763559772
1 0.22764829214624238 0.8471583179304897 0.01017396411645226 0.010412827014217935
1 0.12911036323628977 0.163968604923644 0.008790106296547074 0.00765059952606633
1 0.41960612733467945 0.25388795003926184 0.010421768551236709 0.009376632312524514
1 0.1800791096817874 0.15868930160610847 0.010948754231550468 0.010803992890995243
1 0.07330201980365607 0.7405023580832016 0.009924960392687877 0.016533283833596632
1 0.027607568043331077 0.16149160308056867 0.010797050778605285 0.010959000263296461
1 0.1775554895057549 0.6466847402580306 0.008802358835477366 0.016415274618220108
1 0.0791435605958023 0.8452321194049499 0.005897035883547742 0.017556429963138477
1 0.373857481381178 0.07276033438651917 0.004654705484089407 0.008228014744602429
1 0.074686865267434 0.15771458662453922 0.003385240352064984 0.012753422854133771
1 0.18121614759647936 0.3529242364402317 0.005712593094109662 0.0065824117956819125
1 0.3243483412322275 0.45310031595576616 0.002962085308056826 0.01193062137967349
1 0.17677301963439404 0.5454597814639283 0.004443127962085315 0.00740521327014222
1 0.27896496276235616 0.737995326487625 0.005289438050101529 0.009050816219062735
1 0.22850372376438727 0.9480154028436019 0.004231550440081274 0.009462216956292914
1 0.07891841570751525 0.9362904818325434 0.005924170616113741 0.008228014744602379
1 0.42450151438667333 0.4482908814291322 0.004732458354366541 0.005214468001570536
1 0.6215295305401313 0.5525802414605417 0.004101463907117671 0.01012220259128386
1 0.6205830388692579 0.7442886238712209 0.002839475012619833 0.009508735767569733
1 0.6235013881877839 0.8361552807224184 0.002997223624432215 0.010428936003140876
1 0.6691696113074205 0.939831173930114 0.003785966683493212 0.011655869650569133
1 0.7264323573952548 0.36271225952100505 0.005363452801615409 0.00705486847271302
1 0.8693525996971225 0.36041175893207694 0.005363452801615409 0.009815469179426746
1 0.9209363957597172 0.3622521594032195 0.0034704694598689553 0.015336670592854347
1 0.9677877334679452 0.362405526109148 0.004416961130742233 0.012576069886140573
1 0.923618122160525 0.7484295249312917 0.005047955577990746 0.007975068708284164
1 0.272659632034632 0.6466487794612795 0.0031114718614718736 0.007628367003367072
1 0.7827897652116402 0.5734431262860082 0.006407076719576667 0.008037551440329199
