0 0.7228990957968024 0.06480772573204974 0.042078490716864335 0.07822154853590052
0 0.6245402654718928 0.35731411572402727 0.041660469056214566 0.08160576855194544
0 0.9670842018565134 0.06423990651003426 0.04111459628697308 0.07953218697993147
0 0.17780106299212597 0.44997835804899383 0.04211787401574798 0.08316428390201223
0 0.8204708366425992 0.1609739717208183 0.04188932671480145 0.08127405655836341
0 0.5253431392013498 0.06320864545056867 0.0401407215973004 0.07857170909886264
0 0.425766124015748 0.06287589129483814 0.04100075196850388 0.07927321741032371
0 0.22750958934881374 0.15733833166470357 0.04108682130237255 0.08033233667059288
0 0.17855247047244097 0.25444442782152227 0.041160059055118096 0.08032914435695532
0 0.12835663413948256 0.4497722351268591 0.04200573172103483 0.08206852974628173
0 0.8694490795513151 0.16100659917769755 0.039600840897369746 0.0800858016446049
0 0.27778183745781776 0.45212800174978124 0.041362325084364465 0.08131199650043748
0 0.4773428492688414 0.4547201288276465 0.04186230146231717 0.08307870909886263
0 0.5263390466816648 0.2583784527559055 0.039671906636670376 0.07999509448818899
0 0.6725478495358431 0.06477322573204973 0.041943300928313526 0.07815254853590052
0 0.22982842716535434 0.9451923792650917 0.04282614566929132 0.07977124146981612
0 0.5265852874015748 0.4539531371391076 0.0408674251968504 0.08154472572178474
0 0.8232013842039018 0.6501118560939795 0.04047923159219634 0.07959228781204104
0 0.7751491422278162 0.8440623015173764 0.04113371554436743 0.07897139696524706
0 0.9695176892699809 0.4529758940283896 0.041261621460037846 0.08149021194322072
0 0.92112961500944 0.5515907700685265 0.04163776998112019 0.08292945986294666
0 0.8716306589736977 0.453899295527477 0.04138535095410002 0.08110885980746098
0 0.5262055281214848 0.3555487928696413 0.04081094375703041 0.08021941426071746
0 0.9212329472938955 0.6498898560939794 0.041451105412208936 0.07914828781204106
0 0.7735445820010314 0.5531620048134778 0.041512835997937106 0.081579725631769
0 0.7244257529654462 0.4547067489971921 0.04190849406910776 0.08084350200561566
0 0.6749005911552347 0.4545008715403128 0.04181381768953065 0.08168525691937424
0 0.5279500652418447 0.944986748031496 0.041487869516310484 0.08141050393700786
0 0.32745913667041615 0.3542784033245844 0.042291726659167646 0.08246319335083117
0 0.7236812630221763 0.2594489162655435 0.042353500773594684 0.08267641255515447
0 0.4771359789088864 0.35528566163604547 0.04109704218222723 0.08174367672790907
0 0.9695389392699809 0.3553465663240333 0.041304121460037736 0.08278686735193345
0 0.7248264201908199 0.5533110709987965 0.04174283522434245 0.08125110308864819
0 0.9197103775959724 0.3549541713166911 0.04233925739458775 0.07970765736661775
0 0.9688789424166141 0.25775884361233475 0.04116411516677171 0.08187231277533037
0 0.6263391810211448 0.5536169998997192 0.04171265807117074 0.08248971580425182
0 0.9228566878539963 0.8440725031815957 0.04115862429200772 0.07822699363680868
0 0.8723857876022655 0.6499261060939795 0.040122424795468806 0.07922078781204107
0 0.5762884662542181 0.5528692314085739 0.04149706749156355 0.08389353718285224
0 0.6241675171480144 0.06437222573204973 0.04059264130995359 0.076723793622142
0 0.8221092471634863 0.4538891828118733 0.0416205056730273 0.08108863437625352
0 0.7745923953744493 0.7478211754772393 0.04120020925110127 0.08227964904552129
0 0.12842874521934758 0.8480379079177602 0.043204509561304796 0.08162918416447941
0 0.4778149974690663 0.6522741006124235 0.041049005061867254 0.07901779877515312
0 0.8243925487728131 0.8439520998531571 0.04207490245437384 0.07951580029368581
0 0.9725225089679043 0.8428071481889378 0.04215798206419135 0.07799070362212439
0 0.22884691788526434 0.2541430465879265 0.04156616422947129 0.08177690682414697
0 0.28043314313835765 0.9449464980314961 0.042446713723284596 0.0813300039370078
0 0.8222334127127384 0.35632254953870834 0.041224174574522925 0.08150290092258321
0 0.6767360854310888 0.8451794065100342 0.04175882913782242 0.07891118697993141
0 0.1283581248593926 0.5489928377077865 0.04271175028121483 0.08229232458442699
0 0.7258884951227187 0.8449123981889377 0.04251802234109497 0.07837717033773847
0 0.3282701273903262 0.8471572766841644 0.04250763385826767 0.0791844133858267
0 0.6749718411552347 0.5537259435419173 0.04195631768953072 0.08333435800240667
0 0.920254118156073 0.4535857973568282 0.04106676368785399 0.0811804052863436
0 0.7754424745122719 0.9415809675721978 0.0413270509754563 0.08280706485560449
0 0.37596341732283467 0.06254364545056869 0.0422811653543307 0.07724170909886265
0 0.07977121456692916 0.9437682438757653 0.0429085708661417 0.08170752887139107
0 0.4778019510686164 0.9445462438757656 0.0420774679415073 0.08189651224846904
0 0.47711396034870635 0.5530253543307087 0.0424590793025872 0.08488929133858272
0 0.8206863366425993 0.06471303700361011 0.04232032671480153 0.07865892599277978
0 0.030483063554555694 0.9411614772528433 0.040999872890888606 0.08059504549431315
0 0.772586000902527 0.3557856108102687 0.04088499819494597 0.08105577837946251
0 0.2792618652980877 0.8482624079177602 0.04221326940382453 0.08207818416447941
0 0.8690425001289324 0.06413309827517047 0.04104399974213513 0.07812580344965904
0 0.9193141213027062 0.25778678695545765 0.040760086532410304 0.081163392804699
0 0.428122550056243 0.8464989037620297 0.041846899887514104 0.07991819247594052
0 0.17916270191226097 0.8493856745406824 0.043083559055118056 0.07885665091863517
0 0.6271750997482693 0.6500843560939794 0.04175580050346131 0.07953728781204106
0 0.02896653571428573 0.8439388788276465 0.040427447131608514 0.0795827007874015
0 0.5761143366141732 0.45367963298337705 0.04150032677165366 0.08236473403324579
0 0.7267524856828192 0.9425800725648555 0.04188602863436108 0.0825108548702889
0 0.5754973273340832 0.35591353871391074 0.0409693453318336 0.08231592257217851
0 0.7253153242605412 0.6512417110866373 0.04097835147891747 0.07955757782672536
0 0.9709949329767149 0.6490962994371022 0.04185613404657025 0.08062040112579538
0 0.8722248761799873 0.7468355538423885 0.04098058936438004 0.0841324390602054
0 0.6281314288860919 0.9449623392070485 0.04209514222781629 0.07962732158590292
0 0.8738471990245437 0.8441809065100342 0.04107860195091249 0.07691418697993137
0 0.13000317125984254 0.9458377563429572 0.04248665748031492 0.08037848731408578
0 0.8246619633417244 0.9416973709006363 0.04182707331655128 0.08151025819872733
0 0.17857556299212599 0.649174448600175 0.041557762654668144 0.08033708617672798
0 0.7237158374161939 0.3559711720818291 0.04113332516761221 0.08205365583634174
0 0.5254796484814398 0.16093123556430447 0.039710703037120355 0.07990052887139108
0 0.7736249975502837 0.454343055354994 0.04102900489943266 0.08324988929001205
0 0.17880571119235097 0.5503283460192476 0.04236957761529805 0.08222930796150477
0 0.6256707604435277 0.45450156026875244 0.04102047911294489 0.08105987946249489
0 0.3263121273903262 0.06232026837270341 0.040700745219347564 0.07747846325459319
0 0.5772997533745782 0.8469762849956256 0.04070749325084354 0.07882243000874892
0 0.47836658070866134 0.7494193053368328 0.04285520866141727 0.08260938932633413
0 0.773235250902527 0.2588523549939831 0.04218349819494581 0.08148329001203371
0 0.8227077454873645 0.5528112548134777 0.04185050902527071 0.0827584903730446
0 0.47553755286839133 0.1598149647856518 0.04141537570303697 0.08108552887139112
0 0.5275655652418447 0.6506092152230971 0.040718869516310416 0.0791055695538058
0 0.3272366273903262 0.45363163298337705 0.042549745219347554 0.08226873403324579
0 0.6271436438011327 0.8464497674987763 0.041692888609188114 0.07762787567302985
0 0.8239986342039017 0.7476197721488007 0.042073731592196344 0.08340645570239837
0 0.4756329999999999 0.25680099999999995 0.04199999999999997 0.08187500000000002
0 0.5266327874015748 0.5530732314085739 0.04096242519685041 0.08430153718285213
0 0.2270007178192832 0.06101491941499804 0.041646564361433616 0.07908716117000392
0 0.42701115185601796 0.355619165791776 0.04138169628796402 0.08104366841644792
0 0.869945914002063 0.25941671279582834 0.04027217870036109 0.08073174087444847
0 0.07687576996625423 0.6472599402887138 0.042390460067491524 0.0806091194225722
0 0.27780808745781777 0.35316264916885387 0.041414825084364434 0.08159870166229223
0 0.12760497665916762 0.7479682887139107 0.04296304668166476 0.08517542257217849
0 0.9717606798300819 0.7461212638277043 0.042207640339836615 0.08423347234459122
0 0.4749994232283465 0.06316327252843394 0.04104215354330713 0.0777974549431321
0 0.17771831007067138 0.06051005270906949 0.041832379858657245 0.078690894581861
0 0.6239267671480144 0.16084134917769752 0.04140046570397118 0.07975530164460488
0 0.5278339356017997 0.8477904162292214 0.04160712879640036 0.07840016754155736
0 0.17827369263217097 0.7488329241032371 0.04271161473565801 0.08348715179352585
0 0.9703724361233481 0.5514964717327459 0.041791127753304076 0.08197605653450808
0 0.37684757480314957 0.3540021533245844 0.041588850393700784 0.08191069335083122
0 0.6766445885777218 0.6510509127508566 0.042755822844556236 0.07841117449828694
0 0.968227530994336 0.16088267755751345 0.0418279380113278 0.07932164488497309
0 0.8709985745229499 0.35514854953870834 0.03979885095410002 0.07915490092258325
0 0.17967871203599556 0.945121117672791 0.04341254218222722 0.0803122265966755
0 0.27839984673790774 0.5513791001749782 0.04189530652418451 0.0829637996500438
0 0.37874163976377956 0.6510340881452318 0.04045572047244096 0.08063882370953626
0 0.9221142764317181 0.7467877154919237 0.041640447136563806 0.08480156901615278
0 0.37805970444319464 0.5537517397200349 0.04190399831271096 0.08224101224846889
0 0.6770498354310888 0.9432239275575133 0.04238632913782244 0.08150414488497285
0 0.42933707789651293 0.9449650021872266 0.04216684420697412 0.07999999562554706
0 0.5741530494938132 0.06374964960629921 0.040389901012373434 0.07828670078740156
0 0.22931291788526434 0.5506722189413823 0.042498164229471336 0.08360056211723549
0 0.4778146178290214 0.8469897808398948 0.041399764341957225 0.08021643832020992
0 0.42767505624296964 0.5529582239720034 0.0423579865016873 0.08407152230971131
0 0.3266136273903262 0.15770996062992126 0.04130374521934753 0.08166007874015749
0 0.027807646794150747 0.6467019278215222 0.038812706411698504 0.08017660279965
0 0.3788174915635546 0.9445823709536307 0.042365016872890945 0.08128525809273847
0 0.4288029575365579 0.6513680881452318 0.040747084926884114 0.08130682370953628
0 0.6269872674638136 0.748286578805678 0.04177346507237252 0.08168084238864409
0 0.030429674634420714 0.25406291119860014 0.0415961321709786 0.08093312773403324
0 0.6742052600567303 0.3566789269955876 0.04171247988653946 0.08096214600882466
0 0.02833274859392577 0.44990585804899386 0.04162050281214845 0.0830192839020122
0 0.37700844516310456 0.453567632983377 0.04226210967379076 0.08214073403324576
0 0.5745427994938133 0.16044685848643916 0.04116940101237349 0.0796152830271216
0 0.9182694630270609 0.16045362090063628 0.041424073945877736 0.08152275819872733
0 0.7715100042547706 0.1613871604492579 0.04066699149045903 0.08147367910148416
0 0.32897904415073115 0.6505110839895012 0.042870911698537684 0.08095983202099738
0 0.5281074448818899 0.7488944282589677 0.0414511102362205 0.08224314348206481
0 0.8738257844556325 0.9417954675721977 0.041822431088735054 0.08323606485560435
0 0.12851252523977788 0.15664848154691793 0.04122494952044423 0.08079303690616414
0 0.07735290888638921 0.5477194523184601 0.04229018222722156 0.08316309536307967
0 0.2792241245781777 0.6498738215223098 0.041786269403824454 0.08173583202099749
0 0.12921442125984253 0.3499820013123359 0.04090915748031493 0.08275599737532809
0 0.5777491330146232 0.7478799199475065 0.041254733970753674 0.08294816010498697
0 0.426275133295838 0.25741994444444444 0.04131573340832395 0.0808121111111111
0 0.128666649545684 0.05974383588535531 0.04058670646138313 0.07838539458186101
0 0.1290290044994376 0.2543339278215223 0.04229591676040492 0.0807916526684165
0 0.6736906789582259 0.25970748245086245 0.041972642083548194 0.0819400350982752
0 0.3761377876827896 0.15851484186351703 0.04298142463442066 0.08121931627296584
0 0.2793148838582677 0.7498790470253718 0.040913232283464544 0.08626290594925635
0 0.37847874156355454 0.8471581537620296 0.04168751687289089 0.08123669247594043
0 0.2294788160854893 0.749010924103237 0.041072367829021336 0.08384315179352578
0 0.0778594274465692 0.45034799343832016 0.041897145106861614 0.08048601312335958
0 0.03005111055022716 0.06027311542991754 0.03864840989399294 0.07821702002355713
0 0.3286256645106861 0.7491799282589675 0.04251567097862764 0.08281414348206469
0 0.3282555070303712 0.944714248031496 0.04142383745781777 0.08154901224846887
0 0.42618977221597304 0.15921897309711283 0.04009045556805399 0.08057705380577425
0 0.7747068922278162 0.6509668560939794 0.04024921554436734 0.08130228781204105
0 0.2766674984856133 0.061246052709069486 0.04128300302877338 0.080162894581861
0 0.22935504752530933 0.8486417933070866 0.042230904949381275 0.07941941338582678
0 0.9226321585903083 0.9409033896231032 0.040709565764631805 0.08298152227116991
0 0.07928296456692915 0.25387978827646546 0.04122903374578176 0.08193389851268588
0 0.02834701715410575 0.5494259689413823 0.04024296569178849 0.08110806211723541
0 0.17878534083239597 0.3514788908573928 0.04197731833520807 0.08096521828521434
0 0.7233989235430633 0.16156997663457678 0.04178882181536869 0.08183931147212194
0 0.32817252559055116 0.5526343584864392 0.042663948818897575 0.0827402830271216
0 0.9178569661736942 0.06482685817425353 0.0417790676526117 0.07994128365149289
0 0.027442618953880775 0.7463444033245843 0.04019176209223843 0.08466168503937006
0 0.871654907297576 0.5522123160850381 0.04078918540484783 0.08218736782992378
0 0.32644485883014623 0.2569848132108486 0.042372282339707516 0.08199237357830268
0 0.578406281214848 0.9443398667979002 0.04081143757030371 0.08216726640419954
0 0.7713440887055183 0.06513172081829122 0.04097982258896329 0.08137655836341756
0 0.0778346681664792 0.8475001579177602 0.04255066366704159 0.08055368416447943
0 0.37885299156355456 0.748846424103237 0.0424360168728909 0.08351415179352578
0 0.429218188976378 0.7492731782589676 0.0429836220472441 0.08300064348206465
0 0.07822829780652421 0.3501232554680665 0.04298640438695161 0.08167148906386702
0 0.576478 0.6501149999999999 0.04233499999999992 0.08040999999999994
0 0.8213438316142341 0.25842085008022464 0.04073433677153174 0.08312729983955071
0 0.6242200999226406 0.2591297324508624 0.041664800154719066 0.08078453509827513
0 0.07722415888638921 0.7483155387139108 0.04273571934758151 0.0858699225721785
0 0.6730960150850954 0.16072566044925793 0.04239496982980922 0.0801506791014842
0 0.1777148086824836 0.15692259825284646 0.04119438263503282 0.08072780349430703
0 0.02958466535433072 0.3507252637795275 0.04096066929133855 0.08014147244094492
0 0.7262813211139081 0.7482863771414586 0.041730357772183674 0.0824452457170827
0 0.07919024457344775 0.06117228612092658 0.041015521958606756 0.07878842775814683
0 0.6762732562932662 0.7484659254772393 0.04240648741346758 0.08356914904552139
0 0.22903905680539935 0.3525077679352581 0.0408958863892013 0.0823394641294838
0 0.42720540185601796 0.4539827600612423 0.04177019628796401 0.0822874798775153
0 0.27759483745781777 0.25547980489938754 0.040988325084364466 0.08171639020122479
0 0.1275758562992126 0.6487622027559055 0.04255328740157477 0.079512594488189
0 0.5754260680539932 0.2586128256780402 0.041529863892013553 0.08114734864391951
0 0.9723429235368156 0.9403882659079785 0.04101215292636888 0.08118646818404308
0 0.07911961887935386 0.15576233107577542 0.04150526501766784 0.08147460325873575
0 0.37673244516310456 0.25721169028871393 0.04171010967379074 0.08176261942257218
0 0.2766546241797072 0.15808519837063212 0.041572751640585534 0.08121260325873579
0 0.22887942716535434 0.4523092517497813 0.04092814566929131 0.08167449650043747
0 0.0302310812720848 0.15624668119356103 0.039639345784957085 0.07998943619945033
0 0.228605 0.648499 0.042865999999999994 0.08144500000000003
1 0.6242659344494982 0.9335998636150383 0.005755418703269198 0.00504696880516558
1 0.18141573143982004 0.9416880181539807 0.004435128796400508 0.008574969816273124
1 0.7341033949024542 0.6455345958149779 0.0031981818753935034 0.01445577165932457
1 0.1297347376265467 0.16447092432195978 0.007965845331833522 0.007344240594925629
1 0.1190390239032621 0.7395502880577427 0.003696417885264377 0.009580526246719184
1 0.42397358830146237 0.36482776071741035 0.00441502812148476 0.006482930008748826
1 0.825120581183134 0.7316143652716592 0.003275200125865244 0.01131850391580998
1 0.8227165937696664 0.5483358247674988 0.003363225298930063 0.013062809593734749
1 0.1283374133858268 0.9424829160104988 0.0033786040494938416 0.013820257217847656
1 0.5245479831271092 0.4560760758967629 0.004334854893138283 0.014685118547681557
1 0.4757872303149605 0.8481762154418196 0.005540275028121653 0.00626677296587926
1 0.9173279194461924 0.24949111502692123 0.004118547514159892 0.011908616740088114
1 0.5767987640607424 0.9429162723097112 0.005288861079865066 0.0061184615048119895
1 0.5787914772215974 0.7518143753280838 0.0037640646794149086 0.013076192475940631
1 0.528452974128234 0.25080696041119854 0.0042582812148481254 0.01785239588801405
1 0.7284492523599748 0.8361635373225649 0.0062465550660792445 0.005658730543318471
1 0.07491439173228347 0.34663790266841643 0.005120597862767198 0.009370738845144326
1 0.37479821512935885 0.05908989479440069 0.004340577615298104 0.006902231408573933
1 0.4256771347019122 0.450139530183727 0.005929195163104645 0.009470502187226632
1 0.23389971597300335 0.8508186049868767 0.00316513498312716 0.011234618547681386
1 0.37529317800899886 0.7554170065616798 0.005811281777277851 0.008604963254593182
1 0.8241318205260443 0.1590664598876855 0.004940330067044738 0.008406390292819902
1 0.6790493552548773 0.7384428985560448 0.005140748269351901 0.006074310572687381
1 0.525736029527559 0.5489757764654417 0.0044193920134983754 0.014116469816273063
1 0.8656715919288293 0.050284735860409144 0.0056668728726148535 0.012873167669474531
1 0.7731967448427024 0.3557861700762134 0.007854834192882975 0.00731554592859999
1 0.8717859940213971 0.5440841948115517 0.005916684078036484 0.006269936368086111
1 0.3771237244094488 0.9391751535433069 0.0042593003374578175 0.012233682414698145
1 0.6788288584015104 0.6426796758443465 0.005975071113908216 0.005634285119921639
1 0.6717651001805054 0.15306432751704774 0.0037815582774625915 0.011636086241476112
1 0.42188005118110233 0.2561477187226596 0.007547546681664789 0.008537895888014013
1 0.7199682619907168 0.05732893441636583 0.006653212996389917 0.0069325844364219735
1 0.9676282374134674 0.34825824938815464 0.003816841724355007 0.01322407880567791
1 0.1283698023059618 0.3512578088363954 0.00436838188976379 0.01380109273840772
1 0.07438172497187853 0.4534595634295711 0.004076820022497226 0.01513358530183743
1 0.3749454372890889 0.26073400196850394 0.007209800337457801 0.007567429133858204
1 0.7242969483952172 0.5469299214390602 0.005111263687853957 0.015874616250611692
1 0.96755606655129 0.061287299559471355 0.005927829137822625 0.013560985805188459
1 0.9234578056954059 0.15184273898678413 0.0060186239773443615 0.009120444689182555
1 0.371363075928009 0.34499627143482064 0.003828966254218155 0.01333750962379697
1 0.27807890382452194 0.45314869050743656 0.005147029246344254 0.013021297900262456
1 0.17565954583802026 0.06038503433945757 0.004347387514060788 0.012514052055992991
1 0.1737718976377953 0.26059612489063866 0.008825721034870655 0.007843183289588761
1 0.7292682523599749 0.9407749339207048 0.0065752007551918516 0.009052187958884121
1 0.875736804279421 0.64410124082232 0.005094988042794211 0.014263255017131745
1 0.22787356749156354 0.9380427515310588 0.005374912260967386 0.01039743657042871
1 0.32751558211473564 0.4551167178477691 0.008658835770528636 0.016204564304461933
1 0.4776716563554555 0.6408646937882764 0.008450275590551216 0.011468337707786583
1 0.8206160822588964 0.46023477647412747 0.006169846828261833 0.014022023465704
1 0.07367509533183354 0.05701940310586177 0.0037324865016873155 0.014460756342957126
1 0.42810758858267717 0.6542344081364829 0.004583473003374548 0.014119766404199454
1 0.12462895950506189 0.6503219895013124 0.007280326209223885 0.007590929133858183
1 0.6177636190046416 0.45097279843561977 0.00573758922124808 0.011236312474929832
1 0.17482827727784028 0.3610604940944882 0.006009924634420725 0.006498871828521392
1 0.6760990817431666 0.06399516736863216 0.0038165348117587426 0.01553654051343763
1 0.02831853712035997 0.7473789608486439 0.0055114071991001455 0.008276855205599275
1 0.3280780733970754 0.14781981211723533 0.006737553993250853 0.008521574365704282
1 0.9246839608244178 0.6420040874938816 0.007499605097545725 0.01539833504650022
1 0.2797186723847019 0.9385407639982501 0.003976603487064117 0.014185969816272959
1 0.22595425253093365 0.06326294466316709 0.004292282339707551 0.017694364391951007
1 0.6710791461611076 0.941771578928047 0.005348000943989969 0.010882931228585116
1 0.029974852080989895 0.25482759580052494 0.006768518560180011 0.011861650043744534
1 0.3265124251968504 0.2531564520997375 0.00881429471316087 0.007685346019247566
1 0.12156663526434197 0.45803444881889765 0.00813219628796405 0.008034339457567756
1 0.17891073115860517 0.6479858665791777 0.0038208323959505464 0.014997208223971941
1 0.26919776434195725 0.34994780468066483 0.00533338020247471 0.013003559492563462
1 0.12578449662542182 0.8516291299212597 0.004969251968503967 0.013714618547681646
1 0.47898670275590544 0.44591251356080486 0.006523219910011185 0.008355419072615857
1 0.6197260563434759 0.15603477346570396 0.007534887313047887 0.013107453068592054
1 0.12619348734533184 0.5533913013998251 0.005205826209223855 0.018272077865266745
1 0.17896901827896516 0.16172428893263338 0.004407295275590555 0.016255052930883633
1 0.028539305680539948 0.0629576821959755 0.00753050000000003 0.014887347769028884
1 0.07744159561304839 0.2539218374890639 0.007799598425196879 0.010255625109361313
1 0.37841578937007875 0.8407326531058619 0.007299467379077638 0.009534256342957015
1 0.8748800617586385 0.16636075411151222 0.004655812532233077 0.016380978740473295
1 0.07378235461192352 0.15900413692038495 0.005978597862767186 0.012126240594925619
1 0.7768296620516048 0.9382361189427312 0.007818020138451738 0.009540977973568232
1 0.6747818804279421 0.8468792278511992 0.005415786028949095 0.015584422418012759
1 0.42796420894263215 0.8435393092738407 0.005221750843644608 0.014857076990376267
1 0.0779728363329584 0.8439840634295713 0.00497952418447697 0.013284060367453972
1 0.430449033183352 0.9361291161417323 0.006227917885264387 0.010807165791776145
1 0.47314926715410577 0.16598269925634293 0.0044888672665916625 0.016623840332458437
1 0.1831078965430911 0.8457933506495136 0.005845126044562399 0.011516651430260655
1 0.525799807367829 0.15238072244094486 0.007807021934758243 0.00896887007874018
1 0.8745756460037759 0.9351633689427312 0.005450658904971764 0.013392058002936795
1 0.7240595002578648 0.4593737152025672 0.005239689530685914 0.01762441075010024
1 0.3276076844769404 0.8497851257655292 0.004514664791900966 0.0201366601049869
1 0.6708449346312532 0.3601821284596871 0.006588882671480129 0.01105872743682316
1 0.5792492086614173 0.44810777602799645 0.006012268841394786 0.012166993875765461
1 0.5216550663667041 0.05327536154855642 0.008011577052868445 0.00827867322834646
1 0.275759959223847 0.6457444604111985 0.008027325646794127 0.007176870953630891
1 0.776117054751416 0.5426303230543319 0.009243234738829438 0.013001713166911344
1 0.875536058406395 0.44893823225030083 0.006889461320268099 0.014051935018050502
1 0.5299365576490439 0.8418879155730534 0.006915411136107861 0.007907239720034967
1 0.07808262289088866 0.9433431891951005 0.008597754218222686 0.015240621609798862
1 0.6247841749613203 0.062249142799839556 0.008457694430118628 0.008373756117127946
1 0.9215892328508496 0.839544436245717 0.004642490874764096 0.012663452520802723
1 0.6766565817431666 0.5502774415363016 0.00560251469829812 0.01256184376253512
1 0.8267327331655129 0.6463882091287322 0.007524149779735722 0.017337384973078684
1 0.3301021476377953 0.35126918175853017 0.006907628233970696 0.009677297025371888
1 0.5774939029808773 0.8356168864829396 0.0038985832395951547 0.014297723097112858
1 0.46888682255343067 0.06844521544181978 0.008795533745781877 0.013481397637795272
1 0.026683897637795294 0.5497804350393701 0.008092204724409417 0.010732129921259985
1 0.9669532374134673 0.1601306755996084 0.006346829137822648 0.009370317914831177
1 0.278002755624297 0.05965453433945756 0.006705399887514066 0.011924527121609789
1 0.07698695613048369 0.5533546891951006 0.009570087739032587 0.01651362160979877
1 0.6766548317431667 0.45233762936221417 0.005606014698298115 0.019161484155635764
1 0.024746906636670448 0.1592574365704287 0.00843644544431946 0.011619641294838142
1 0.3739902145669291 0.445904905511811 0.0063465708661417305 0.01828618897637805
1 0.07988680821147359 0.6449132502187226 0.007636383577052833 0.015083499562554711
1 0.8732700731592197 0.7421873268477728 0.004521842353681649 0.0192352337249144
1 0.32683270247469065 0.05900869291338583 0.007644595050618668 0.01344061417322835
1 0.9717567059471364 0.7449594718551148 0.008933095342983068 0.009866910425844446
1 0.22774887514060746 0.5512494531933508 0.007381889763779498 0.013670166229221396
1 0.7190912160907684 0.2556565391095066 0.009965567818463025 0.013042921780986746
1 0.03054696287964007 0.9434123468941382 0.008436445444319467 0.014011920384951852
1 0.7760230069225929 0.8347417262604013 0.004318051604783031 0.016150419236417
1 0.5773340832395951 0.546294017935258 0.005975815523059578 0.01811297025371831
1 0.3275442123172103 0.6425258250218722 0.009211350393700763 0.011563616797900423
1 0.8232734134675898 0.8376922745961819 0.00893618124606661 0.009484515907978459
1 0.9706097945248582 0.4454657787567302 0.010046930774071785 0.013834717572197735
1 0.9691128893958464 0.2527556316691141 0.00792746224040286 0.009203616740088084
1 0.526935853768279 0.6495161165791775 0.008347077615298052 0.010569691601049985
1 0.8267924831655128 0.9336245539647576 0.006224662366268266 0.015704881302006868
1 0.38057156917885265 0.651896052055993 0.008963723284589418 0.010594378827646602
1 0.9215104734109502 0.9316307873225648 0.0079466428571426 0.009749928046989709
1 0.27983608858267717 0.5506486642607175 0.007506822834645683 0.01930367147856524
1 0.9715033039647575 0.8326832476749877 0.007866582756450668 0.017972956436612796
1 0.9721499528005034 0.6449009424865394 0.009326589049716663 0.01189904503181596
1 0.1809688512373453 0.5496946808836396 0.007677297525309282 0.011927638232720916
1 0.9214635556954058 0.5434449931473324 0.009220465701699253 0.00831314635340193
1 0.9214626411264947 0.35135181436612817 0.008042307426053899 0.012390595447870812
1 0.12659940944881892 0.06715469160104987 0.005800056242969654 0.007176837270341216
1 0.22590340269966255 0.15891568241469814 0.0040424634420697355 0.010936132983377082
1 0.27432508436445446 0.16250410104986876 0.004218222722159786 0.011277887139107613
1 0.22722159730033745 0.6377132545931757 0.0038667041619797615 0.008885608048993828
1 0.22968222722159734 0.7364802055993 0.005272778402699631 0.00546806649168848
1 0.4238083520809898 0.1628458552055993 0.002987907761529789 0.012644903762029732
1 0.5757522497187851 0.25323982939632544 0.0024606299212597904 0.008202099737532819
1 0.3294256186726659 0.9507600612423446 0.003339426321709788 0.006151574803149786
1 0.7759353741496599 0.4554490005878894 0.0035430839002267636 0.008496840094062324
1 0.6239970106985526 0.7420536588350465 0.0035399622404027704 0.009560083210964205
1 0.7270492448080554 0.7420536588350465 0.005113278791692823 0.00726566324033278
