0 0.7205038265306122 0.9399181547619047 0.03985969387755099 0.07750496031746046
0 0.32338465421504287 0.2590363663133098 0.039437152953054014 0.07944395367098546
0 0.6704227551020407 0.25928895238095234 0.040143979591836805 0.08033385714285704
0 0.8192796275510204 0.06069656349206351 0.04034496938775516 0.07873439682539675
0 0.07946386610297829 0.7400824396348646 0.039354284452296814 0.07777972025912848
0 0.9196837142857143 0.7467560476190476 0.03962253061224489 0.07870554761904763
0 0.32385428748107015 0.3568604073419709 0.03974542503785966 0.07816918531605808
0 0.9692971020408163 0.94001098015873 0.03904063265306133 0.07769061111111103
0 0.8698136173469387 0.550901748015873 0.03969101020408173 0.07948206746031752
0 0.03107647652700656 0.7383073223400078 0.03785966683493185 0.07668335296427169
0 0.9696269132653059 0.746000744047619 0.037468112244897815 0.08029513888888888
0 0.4721415951539626 0.648894532783667 0.03880615850580514 0.07760355319984293
0 0.03225169586067642 0.9331233974283469 0.03737063048965169 0.07737753690616402
0 0.7196865765306121 0.2590654424603175 0.040138459183673494 0.08050687698412694
0 0.3238262902574457 0.7436950231645072 0.039689430590610746 0.07887021908127215
0 0.3236725430338213 0.1608392155477032 0.0396974333669864 0.07629170160973696
0 0.5216057941696113 0.6489850113859442 0.04056141166077733 0.076557576756969
0 0.1765128142352347 0.35536004004711425 0.03910589096415953 0.0782357848449156
0 0.7200735765306122 0.5522220674603174 0.03963694897959198 0.07964254761904765
0 0.5218955427814235 0.8427364028268551 0.0398789199899041 0.07757626069886155
0 0.6208545918367346 0.7449156746031745 0.03954081632653055 0.07750496031746036
0 0.521965671251893 0.9390814317824893 0.04128116582534064 0.07763773596387914
0 0.47239863364462387 0.7444842399882213 0.039635732710752235 0.07922171908127208
0 0.42252965673902065 0.7445953572830781 0.039594901564866246 0.07821702002355715
0 0.5206351039878849 0.45273008019238314 0.040569771832407855 0.07792715802905384
0 0.4725820107269056 0.939581681782489 0.03874049798081778 0.07679783549273662
0 0.9199428775510203 0.8440504325396825 0.04014085714285725 0.07674173809523813
0 0.3239569145633518 0.4514474688849627 0.03963518197879858 0.0759416594032195
0 0.7202005765306122 0.7463440575396824 0.04020982653061235 0.07788156746031749
0 0.031155350832912668 0.8353884471927757 0.03675542655224633 0.07760355319984293
0 0.17739630590610803 0.8374282185904987 0.03834889651691066 0.07922922870043199
0 0.12792265232205954 0.5474610481939536 0.03909871201413428 0.07902103631723593
0 0.969400443877551 0.842456603174603 0.038609561224489906 0.0766542777777779
0 0.5216131670873296 0.0616433862387122 0.039629665825340714 0.07727676069886139
0 0.4713149545683998 0.45272948007459757 0.0388819535588087 0.07792835826462512
0 0.769687525510204 0.5523563174603174 0.04033168367346939 0.07929100793650809
0 0.9693056734693877 0.6489431726190475 0.038420020408163474 0.07715221825396826
0 0.17675731953558807 0.5484393404004712 0.03896390711761737 0.07975068708284253
0 0.8199139030612244 0.8431919642857142 0.040656887755101984 0.07750496031746025
0 0.5711764519182231 0.4535600695916764 0.03937461004543162 0.07771299352179027
0 0.6701211734693877 0.6498945932539681 0.03985969387755099 0.07657490079365074
0 0.6206951530612244 0.5516183035714285 0.039540816326530656 0.07967509920634915
0 0.6705197704081631 0.7455357142857142 0.040656887755101984 0.078125
0 0.5710499747602221 0.7449020906949351 0.039121655729429654 0.07760355319984304
0 0.8698979591836734 0.8431919642857142 0.03985969387755099 0.07750496031746025
0 0.8696696479591836 0.45291620238095237 0.03908419387755109 0.07758339682539682
0 0.9687684795918368 0.25705166269841273 0.03862114285714304 0.07895947619047614
0 0.621173469387755 0.8416418650793649 0.038903061224489784 0.07564484126984133
0 0.8192022857142857 0.1597554781746032 0.040509163265306215 0.07905956746031743
0 0.7692920918367346 0.3558407738095238 0.03985969387755099 0.07936507936507932
0 0.6703757244897959 0.4532922222222222 0.04004991836734695 0.07833543650793635
0 0.12769750126198887 0.35427709069493524 0.03896390711761736 0.07606988614055751
0 0.07899812720848057 0.06368731929721241 0.03905380111055022 0.07891075952100511
0 0.12761862695608278 0.451051482135846 0.04006814740030288 0.07760355319984293
0 0.6213211785714284 0.648964232142857 0.03951735714285728 0.07533421825396826
0 0.5214950455577991 0.35743655722418527 0.040655411660777525 0.07870801825677261
0 0.6706792091836734 0.5511532738095237 0.03970025510204087 0.07874503968253964
0 0.5212761698637052 0.16088061542991752 0.040217660272589585 0.0806687691401649
0 0.7688964285714285 0.06053589285714289 0.040343877551020514 0.07903309523809518
0 0.42236960714285715 0.5508131317235964 0.04085228849066128 0.08020400196309385
0 0.7203354540816327 0.4536819523809523 0.040160704081632706 0.07911489682539659
0 0.919252775510204 0.06111609325396828 0.04099279591836731 0.07957345634920632
0 0.8697188010204081 0.2585444027777778 0.04045801020408167 0.07946479761904755
0 0.6200493367346939 0.061357583333333354 0.04016244897959191 0.07757627777777773
0 0.8698182397959182 0.9403831845238095 0.0390625 0.07657490079365084
0 0.47222046945986873 0.8424433156654887 0.03927940434124184 0.07699008637612871
0 0.5712537033064109 0.6484679112681585 0.03952911282180724 0.07675031016882597
0 0.9194664081632652 0.4527849920634921 0.04014455102040841 0.07732097619047613
0 0.6702953469387755 0.35698333730158727 0.04052691836734711 0.07917004761904757
0 0.031470848056537104 0.5470590400471143 0.0364399293286219 0.07821702002355715
0 0.3728346966178697 0.7444938235178641 0.03990210398788488 0.07740048566941492
0 0.3725233467945482 0.8413697487239888 0.03896390711761737 0.07606988614055755
0 0.6709980867346939 0.8428819444444444 0.039381377551020336 0.07688492063492061
0 0.6201575867346938 0.16022759722222224 0.039741193877550936 0.07814368650793645
0 0.47189913503281167 0.5511556820769532 0.03926772993437651 0.0796621690223793
0 0.2748769560827865 0.6473608657243816 0.039594901564866246 0.07576315272870045
0 0.42252965673902065 0.9390643404004709 0.04022589601211506 0.0769900863761289
0 0.12793412417970723 0.645213731841382 0.03943715295305403 0.07637661955241468
0 0.9194964999999998 0.35515736706349205 0.040523612244897984 0.07737822619047617
0 0.820558887755102 0.649753761904762 0.04003359183673477 0.0769132777777779
0 0.2254227662796567 0.06288034943070278 0.039437152953054014 0.07975068708284255
0 0.5709485748359414 0.06169451953278367 0.03923435310449272 0.07860596093443266
0 0.3725892035588087 0.2581521609736945 0.0397266150933872 0.0819698107577542
0 0.5215169106511862 0.5504331075775422 0.04006814740030283 0.08005742049469965
0 0.5711265762241292 0.160447248723989 0.03959035588086824 0.07980203572830781
0 0.5720733220595657 0.8430111860031408 0.03959086420999489 0.07935276069886142
0 0.8697385204081631 0.3552207341269842 0.03954081632653055 0.07626488095238093
0 0.17719482117617363 0.9361542475461324 0.03920791595153964 0.0779180357283078
0 0.8196747448979591 0.939608134920635 0.040178571428571425 0.07750496031746046
0 0.47216763364462383 0.2591175946211229 0.038858235487127656 0.08021987711032587
0 0.22559609767794042 0.3559457402826855 0.03978381574962141 0.0787937184923439
0 0.4220591085310449 0.16114261542991754 0.04086228571428571 0.07751196819787982
0 0.030524356385663805 0.3544304574008637 0.037701918223119635 0.07699008637612881
0 0.7701690051020407 0.6489645337301587 0.04001913265306121 0.07719494047619048
0 0.720070387755102 0.35705265674603176 0.039949448979591906 0.07744856746031731
0 0.07971799179707219 0.9333822807224186 0.03954703861686019 0.07666836984687898
0 0.1772744316002019 0.0640555189438555 0.03810514790509841 0.07903369199057712
0 0.42229260853104494 0.6487729444444444 0.04101378849066134 0.07736037652139771
0 0.9199933775510203 0.6496395019841269 0.04056073469387777 0.07916491666666668
0 0.8690210459183673 0.06085689484126989 0.03938137755102043 0.0790550595238095
0 0.4216620393740535 0.2581161660777385 0.040383644623927344 0.08005742049469965
0 0.6214923469387755 0.9391431051587302 0.040178571428571425 0.07781498015873013
0 0.9194834183673468 0.9397631448412698 0.03985969387755109 0.07657490079365084
0 0.12803240232205956 0.16150646554770318 0.039002714790509874 0.07701273478602279
0 0.3244100201918223 0.9372239399293285 0.03896390711761737 0.07760355319984293
0 0.5719791977536598 0.9397227984884176 0.03940261559818288 0.07708006890459353
0 0.32385790005047954 0.8389158814291322 0.039437152953054014 0.08036415390655675
0 0.3729177183240787 0.9375306733411857 0.04006814740030288 0.07699008637612871
0 0.7693644642857143 0.2590046825396826 0.040642193877551185 0.08038535714285713
0 0.22530872476022212 0.45173875265017666 0.03984006436143367 0.07897809422850423
0 0.570971100454316 0.3564242245779348 0.04022589601211511 0.07791028661169999
0 0.9688297193877551 0.3552207341269842 0.037786989795918456 0.07688492063492067
0 0.27498175126198887 0.2584769607381233 0.038542503028773364 0.07893860934432667
0 0.8201514489795918 0.45307943253968247 0.040494224489795984 0.07790985714285689
0 0.37268109540636035 0.06196014919513152 0.039594901564866246 0.07791028661170003
0 0.22534397476022208 0.5491520481939537 0.04054155880868246 0.08056263584609358
0 0.9689888928571428 0.4524622222222222 0.03746758163265318 0.07667543650793653
0 0.07903205451792022 0.5473657734589713 0.038806158505805155 0.07821702002355715
0 0.37280795078243306 0.3559313901648999 0.03984861231701165 0.07876501825677268
0 0.2749397582029278 0.7426653898704357 0.03972050580514893 0.07926481978798586
0 0.3728347007824331 0.4528205861798194 0.03927111786976271 0.07868789399293291
0 0.17664144131751636 0.45080018570867686 0.03936314512872285 0.07894136081664706
0 0.17652994409389194 0.7411838561052217 0.039455647905098444 0.07814215272870041
0 0.031249950025239778 0.06398286906164113 0.03694462493690055 0.07827492540243422
0 0.8193712551020407 0.356348376984127 0.04084710204081635 0.07790012698412699
0 0.6697919081632652 0.16002675793650795 0.040157795918367406 0.08022216666666661
0 0.2751135790005048 0.8393759815469178 0.039121655729429605 0.08067088731841378
0 0.769610969387755 0.9400731646825397 0.039540816326530656 0.07719494047619059
0 0.42255060853104487 0.4520134025323911 0.039321307925290226 0.07707352669807625
0 0.7701095306122449 0.8429539027777777 0.03926242857142869 0.0770288373015874
0 0.37260222110045427 0.549819640753828 0.039437152953054014 0.07821702002355706
0 0.030918727915194344 0.6441401648998821 0.03659767794043412 0.07484295249312911
0 0.9684324438775509 0.06131792261904763 0.03826794897959189 0.07749695634920628
0 0.2255569747602221 0.2587043108559089 0.039705569914184786 0.08062024322732624
0 0.5710018248359414 0.2590590608559089 0.03965635032811708 0.08010280957989792
0 0.7205038265306121 0.8428819444444443 0.039540816326530656 0.07564484126984124
0 0.3726773223119636 0.16119986542991757 0.03958735537607266 0.07823993502159404
0 0.4217409136799596 0.35627085787200624 0.04022589601211511 0.07760355319984293
0 0.8694797704081633 0.1597257380952381 0.039979948979591944 0.07900008730158725
0 0.32357378886925797 0.6477987110325873 0.03981542226148415 0.0778657769925403
0 0.12844390509843515 0.9349856142520612 0.039510223119636576 0.07680770278759337
0 0.42229303382130234 0.8416764821358461 0.04006814740030288 0.07791028661170005
0 0.4220021085310449 0.06236820259128386 0.040748285714285765 0.07933986022771888
0 0.9686513571428569 0.5511953571428571 0.0380680204081632 0.077589126984127
0 0.9192442602040816 0.15928819444444448 0.041294642857142856 0.07936507936507937
0 0.7696109693877551 0.45272197420634924 0.03985969387755099 0.07719494047619044
0 0.5216746592629984 0.25903636631330973 0.039752650176678374 0.07821702002355714
0 0.9198115051020409 0.5510328273809524 0.040196989795918674 0.07974422619047623
0 0.819513413265306 0.25903027182539684 0.03985590816326529 0.07795637698412688
0 0.8199139030612244 0.5517733134920635 0.040975765306122416 0.07998511904761901
0 0.12852402801615345 0.8374049520023555 0.03967046895507319 0.07918269552414604
0 0.47154576350328115 0.35657620710639965 0.03887648409893986 0.07821425166862973
0 0.37246307786471483 0.6481213940910876 0.03915886648157506 0.07728420946211242
0 0.719547193877551 0.06132192460317465 0.03985969387755109 0.07812499999999999
0 0.6708386479591836 0.9391431051587301 0.03938137755102043 0.07657490079365084
0 0.6700414540816325 0.06116691468253972 0.03970025510204077 0.07719494047619047
0 0.8704534336734693 0.6491102222222223 0.03937625510204076 0.07686627777777784
0 0.22547147337203427 0.7425147731645073 0.03985006436143355 0.07650971908127216
0 0.4713528520949015 0.16134177463682764 0.03975265017667842 0.07729681978798585
0 0.8198341836734693 0.7464657738095237 0.040178571428571425 0.07936507936507937
0 0.22610234906612822 0.937038897428347 0.04048082130237256 0.07907386866902241
0 0.12809187279151943 0.06334044954848841 0.03880615850580514 0.07821702002355713
0 0.22560834767794044 0.6467899776207303 0.0401238129732459 0.0776887106399686
0 0.6202168367346939 0.3564608134920635 0.040178571428571425 0.07936507936507937
0 0.6206208367346938 0.45299123214285714 0.040029938775510185 0.07897353571428568
0 0.0787165572942958 0.6446002650176678 0.04006814740030288 0.07637661955241458
0 0.27478250403836446 0.06281510306242638 0.040036991923271106 0.07777979387514723
0 0.12832849570923774 0.7410679230467215 0.03959490156486623 0.07729681978798582
0 0.5713654719838465 0.5507398409893993 0.04038364462392729 0.07944395367098542
0 0.27456145885916206 0.451051482135846 0.04022589601211511 0.07760355319984293
0 0.47158947501261983 0.060733215547703175 0.03896390711761737 0.07791028661170002
0 0.17679018298838972 0.16112066519434626 0.03808314235234731 0.07869500137416564
0 0.9688112295918366 0.15902952777777782 0.03870664285714298 0.07946778571428566
0 0.030181831272084805 0.16213481566548882 0.03796335966683494 0.07581556772673737
0 0.2751924533064109 0.936763839811543 0.039910398788490654 0.07729681978798572
0 0.17638944409389196 0.2592114773262662 0.039490145128722884 0.08224804299175502
0 0.7693836734693876 0.15981154761904764 0.040042857142857206 0.07855166666666662
0 0.32399716595153966 0.06282613623871221 0.039084690307925336 0.08025572752257558
0 0.22564947337203434 0.8390511356497841 0.039575069914184774 0.07940772870043192
0 0.7200329795918367 0.6491489126984126 0.03955575510204089 0.0769436587301586
0 0.620754744897959 0.25877720238095236 0.04029775510204081 0.0799303968253968
0 0.2745808797324583 0.1614051817824892 0.03963374331145886 0.07681016725559482
0 0.031234225138818777 0.44967118178248916 0.03722867238768299 0.07668335296427169
0 0.27459626097930334 0.3556817900471142 0.0406109974760222 0.07826581802120142
0 0.5218182969459868 0.7451905569297211 0.04067091998990406 0.07879395249312922
0 0.7195890765306121 0.1602592678571429 0.03994345918367352 0.07944710714285712
0 0.030526578495709243 0.2585405946211229 0.037075367995961644 0.07967934393404007
0 0.3240749117869762 0.550004981841382 0.03987117642604743 0.07858770219866518
0 0.7698067142857143 0.7449162083333333 0.04057006122448986 0.07874610714285721
0 0.27393046441191315 0.5492061739301138 0.039910398788490654 0.07944395367098542
0 0.07911811887935387 0.25794926109148014 0.03929378445229681 0.07972361052218292
0 0.22572321920747096 0.16075056507656063 0.03940706436143362 0.07611440066745187
0 0.12761862695608278 0.25796279937180994 0.03943715295305403 0.07852375343541422
0 0.9188456632653059 0.25771949404761907 0.040497448979591864 0.07905505952380948
0 0.07824331145885915 0.4505913820180604 0.040383644623927316 0.07729681978798587
0 0.17659957092377587 0.6456738319591676 0.03864840989399294 0.07668335296427169
0 0.0781198827612317 0.35482304004711424 0.038874798334174655 0.07900218531605817
0 0.8704341785714285 0.7461236587301586 0.040294377551020534 0.07992092857142867
0 0.07934755174154466 0.8369221142520612 0.039752650176678436 0.07821702002355715
0 0.0786376829883897 0.16164850804868472 0.03959490156486623 0.07606988614055751
1 0.12852953154972235 0.8393468915390656 0.008274101968702676 0.007113048488417699
1 0.9734304183673467 0.35583917460317466 0.004988653061224722 0.004963515873015911
1 0.0359344424533064 0.4379257070082449 0.007320918223119634 0.007540812131919939
1 0.4726500225896012 0.9350077220259128 0.007501570166582537 0.03234517628582642
1 0.6232096326530613 0.7407752539682538 0.007088387755101877 0.03060226984126974
1 0.1754086962392731 0.15287885414212798 0.01200441468955071 0.010791172752257555
1 0.27763755678950025 0.6416862976050254 0.00914941948510852 0.025765606595995274
1 0.07926867743563856 0.14753877110325872 0.007729681978798578 0.0159501374165685
1 0.07821851337708229 0.4405628574793874 0.0032045683997980767 0.013922380840204251
1 0.9196704795918367 0.8302583432539682 0.007278938775510215 0.012226369047618904
1 0.969314051020408 0.16022729365079363 0.005568326530612515 0.018583111111111165
1 0.47036603091872786 0.8325531741264233 0.008283586824835964 0.009044613663133028
1 0.28224324091367997 0.4409002075971731 0.004355012367491134 0.014474614252061238
1 0.520649293286219 0.7511901256380054 0.0033127208480565732 0.013496270121711814
1 0.17514871150933872 0.7390099958775028 0.005267948006057566 0.0157717239890066
1 0.8669331530612244 0.9488043611111112 0.011988285714285597 0.025630365079364854
1 0.6295496326530612 0.05107098214285716 0.005569102040816278 0.017401686507936547
1 0.08082874810701665 0.6398148004515115 0.007133518425037863 0.02521433313702401
1 0.12708266696113074 0.7332625616411464 0.008643853356890498 0.010089521397722715
1 0.6240400867346939 0.6440128690476189 0.011167275510203974 0.02819450000000007
1 0.9194462295918369 0.9484823432539681 0.008046316326530497 0.009533329365079347
1 0.32386930628470467 0.9229122356694149 0.00597163478041394 0.00807226992540243
1 0.27798812077233714 0.33939181134668234 0.005608816506814814 0.01382042127993715
1 0.4254016092882383 0.6387112335100117 0.004509754669358808 0.02312719925402441
1 0.22555435676426047 0.44115450736160183 0.009201735739525471 0.008444813309776212
1 0.4264206037354871 0.8371429087161365 0.005311240787481099 0.020109549666274082
1 0.22911821857647655 0.04509064036120926 0.007437464916708666 0.01288114566156262
1 0.8256385102040815 0.2456926626984127 0.006886244897959009 0.010102769841269873
1 0.22136204631499243 0.14716858460934432 0.00923090737001517 0.013982830781311363
1 0.27921087493690055 0.24590576639183354 0.006633777637556802 0.021046731841381984
1 0.3242395548965169 0.15570777179034154 0.004915640333165021 0.024764275814683937
1 0.2713367825593134 0.1482893037887711 0.007869090106007092 0.016902939340400498
1 0.030523224381625445 0.8378689087161366 0.004576973750630988 0.01988448331370238
1 0.7174159795918367 0.05248822222222224 0.00521906122448976 0.010846968253968303
1 0.12807029126703684 0.5379717874950922 0.0063531075214537935 0.026456307224185238
1 0.9255168163265304 0.45481278968253963 0.00866024489795925 0.009149222222222203
1 0.42162262178192833 0.5455785540832352 0.008912757445734495 0.009402373576756969
1 0.13329757698132255 0.33848031998429523 0.007887430590610808 0.008895268943855455
1 0.03504856953558809 0.0417391231841382 0.011301144623927303 0.01467644542599136
1 0.7741272704081631 0.7471602638888888 0.006273520408163335 0.018452289682539594
1 0.8242579489795917 0.15309408531746033 0.011879510204081558 0.02416897222222225
1 0.0361914868753155 0.2513522978013349 0.009599026249369005 0.016225404397330175
1 0.32267478546188794 0.6312573616018845 0.008676173649671881 0.01165586965056933
1 0.8648756377551019 0.3552207341269842 0.009406887755102084 0.011780753968254003
1 0.8685966224489795 0.6455197896825395 0.00866134693877539 0.019600301587301514
1 0.5773918103230693 0.5447779373773066 0.008770140080767114 0.011003606988614084
1 0.6230014438775511 0.2594232738095238 0.008439112244898135 0.01735845238095231
1 0.472836773977789 0.4448142081861013 0.005866078495709205 0.01584861542991748
1 0.27399814298334174 0.8250338074204946 0.008540816506814711 0.02592374754613264
1 0.23069646024734983 0.8398556083627797 0.008382445482079755 0.008549482135846078
1 0.13294063919737503 0.14893965331762857 0.00986329505300354 0.008854105221829611
1 0.9603534234693878 0.44181610119047615 0.007226826530611926 0.025842003968253893
1 0.7678813112244897 0.5489960932539681 0.006329214285714256 0.029115948412698302
1 0.3742120702927814 0.6335291322143698 0.013501654467440715 0.014473930310168685
1 0.038707188288743054 0.15968912190812717 0.003983907117617364 0.018028509226541013
1 0.7712196020408163 0.24748052182539682 0.005711306122448942 0.017067726190476286
1 0.6749812806122449 0.34955275595238094 0.005904785714285562 0.016916313492063524
1 0.5676509762746087 0.7462206801138594 0.008690980312973348 0.01361969199057711
1 0.17826143929833416 0.451208558892815 0.009769398031297324 0.009194582253631801
1 0.47355263995456837 0.14906227061248525 0.010113296567390202 0.020264740282685507
1 0.377102066128218 0.5397114533765214 0.009614646138313988 0.010094172163329517
1 0.2765787631246845 0.06255120965842167 0.005588056789500228 0.022743085198272468
1 0.5236039192327108 0.3491278457008245 0.009392363452801585 0.011525423635649752
1 0.12856316418475516 0.0583751924813506 0.005682858909641603 0.023733517667844515
1 0.42046250580514893 0.7408231297605025 0.0052385421504290266 0.021347458578720037
1 0.13611212948006057 0.25323268404004706 0.005728795053003515 0.02111610031409504
1 0.08269098700151438 0.5398891873773065 0.007826001766784454 0.020167640164899973
1 0.0814117439424533 0.7333655788182175 0.00722951564866227 0.02092588987043579
1 0.08094998422513883 0.05395552483313702 0.013200990661282181 0.014168848252846483
1 0.32873503129732456 0.06409051001177855 0.0072825875820293155 0.019051017667844523
1 0.3224070576728925 0.8352291083627797 0.009842623674911571 0.02025634943070267
1 0.8248039081632652 0.9360596349206349 0.00472891836734673 0.02135791269841272
1 0.47396094131751637 0.6468718484491558 0.01215711736496721 0.01589230310168826
1 0.1270842871024735 0.6445235670396544 0.010849093639575966 0.01150253219473887
1 0.37007021819787983 0.3475001454652532 0.009796464159515393 0.008646155869650623
1 0.12824962140333165 0.44261631330977613 0.007887430590610808 0.015950137416568477
1 0.8211897704081632 0.046531232142857155 0.005579642857142833 0.027721265873015925
1 0.3756807001514387 0.25326425039261874 0.008040416961130704 0.015531766195524196
1 0.4256675995709237 0.3572201140557519 0.008710232458354382 0.021719960345504444
1 0.8183495153061223 0.5408544365079365 0.008709132653061249 0.019357595238095052
1 0.6177952908163264 0.5442053908730159 0.012057418367346985 0.017106218253968346
1 0.9683704846938777 0.7542643710317459 0.005542193877550768 0.0247053849206349
1 0.42495035928823827 0.1573650549666274 0.0063587463402321525 0.019609308990969784
1 0.2317327107521454 0.7376938555162936 0.008833922261484111 0.017177071063996883
1 0.1807643122160525 0.06321607636435021 0.00413265774861176 0.020186418138987045
1 0.572362705451792 0.6460010344522967 0.007470449772841903 0.024497734786022855
1 0.034441203558808677 0.7341639627012171 0.005890434881373047 0.026690723989006748
1 0.1315315190560323 0.9299046367294856 0.010473054770318006 0.010651072045543941
1 0.030230716052498732 0.3433068782881821 0.009894448763250876 0.0121249556340793
1 0.6183832908163264 0.15990823412698418 0.00876913265306121 0.01674107142857142
1 0.7212602142857142 0.3478198452380952 0.004864775510203957 0.02596249206349209
1 0.9673556734693874 0.5513621726190476 0.008847326530612471 0.026863948412698235
1 0.7721385051020407 0.640131746031746 0.010475989795918393 0.014886507936507993
1 0.32732203268551235 0.3410743113466823 0.010424082029278076 0.009841954456223007
1 0.3285255340737001 0.7418054798782882 0.006124095911155944 0.019382758343148707
1 0.5246506678445229 0.049141107773851576 0.006352374558303962 0.0182764809579898
1 0.5226994220090863 0.2504850833333333 0.010254866229177192 0.015568898900667507
1 0.2312094533064109 0.6406279835100116 0.008933945482079762 0.019907166077738618
1 0.0313147021706209 0.9258506195524145 0.014667415446744065 0.012624438162544117
1 0.4256853537354871 0.05517844189242246 0.008359226905603225 0.0190846160188457
1 0.23185445885916203 0.5429565043188064 0.00701293992932861 0.019554207695327896
1 0.8132755867346939 0.8475311170634919 0.006420765306122332 0.025423876984126872
1 0.7719631785714285 0.15106207738095237 0.011239459183673464 0.009631797619047693
1 0.3772876918223119 0.8324227250687082 0.0067194169611307225 0.023415248723989122
1 0.0836067642604745 0.2461535630153121 0.007256436143361939 0.025458873184138208
1 0.42575709818273594 0.9323790040243425 0.010739715800100922 0.015517806635256863
1 0.7167200102040815 0.6407494206349206 0.005016612244898003 0.02232060317460317
1 0.8181276122448979 0.44674779166666667 0.011703959183673415 0.010398265873015806
1 0.7677714387755101 0.9441402738095238 0.009737734693877493 0.014497230158730228
1 0.030828714664310957 0.6352960326855123 0.009960440434124182 0.018301731252453872
1 0.6701668979591835 0.1480390873015873 0.013301408163265397 0.017537896825396894
1 0.029820843134780412 0.5358953864350217 0.00976770292781423 0.013432038280329708
1 0.6739605051020408 0.7420167460317459 0.01209174489795909 0.01013813492063499
1 0.2760863791014639 0.9297854708480565 0.011305283190307946 0.02438567393011384
1 0.6194196428571427 0.43830605158730157 0.011160714285714286 0.013640873015872924
1 0.4268732183240787 0.4463953248920299 0.01134695053003537 0.009005581075775352
1 0.5207311900555275 0.8407827925991361 0.0050419106511862466 0.02325871790341585
1 0.7196228316326531 0.2557980257936508 0.0078043367346940125 0.025608948412698326
1 0.921901107142857 0.6515795932539681 0.00898078571428564 0.016080813492063483
1 0.7162711989795918 0.7391233253968253 0.008146377551020326 0.023365452380952233
1 0.9168438163265304 0.3525389345238095 0.009743489795918237 0.023344749999999987
1 0.18006255249873798 0.8316498245975656 0.011846121655729444 0.018212914605418185
1 0.08417247867238768 0.9297732368472715 0.00991097400302878 0.014594672752257329
1 0.6720571173469386 0.8498951567460317 0.00824545918367353 0.023795996031745956
1 0.4735613326602725 0.3584179917550059 0.014512872286723827 0.013189536709854701
1 0.18423016292276628 0.23759963191990577 0.007296867491166076 0.018641529250098147
1 0.8745855612244897 0.542925611111111 0.015433877551020459 0.016406777777777708
1 0.6718261428571428 0.44547900992063477 0.006156387755101938 0.027196742063492034
1 0.5206348615598182 0.15651110237534352 0.012433276880363409 0.015490795249312923
1 0.37638293765774855 0.7416798625834315 0.011052903079252932 0.009205056929721166
1 0.8756311836734694 0.8345865714285713 0.010854979591836716 0.019070904761904747
1 0.7214604591836734 0.15835813492063497 0.011479591836734722 0.018601190476190466
1 0.6727253112244899 0.6479345496031745 0.010416724489795724 0.01601086111111114
1 0.9705660918367345 0.8365095198412698 0.008804040816326415 0.028245841269841122
1 0.6250329234693877 0.8427776488095237 0.00535507142857138 0.023770099206349152
1 0.768931443877551 0.3541981845238095 0.009012112244898013 0.016306011904761872
1 0.9181194132653059 0.550553244047619 0.008786683673469246 0.01980125000000004
1 0.8706510408163264 0.2528693313492064 0.011567816326530585 0.010630384920634986
1 0.9177838775510204 0.057819079365079386 0.007863367346938738 0.026226920634920686
1 0.37916605085815247 0.043654573419709464 0.01179662115093387 0.01145901177856301
1 0.9223771326530612 0.14417494444444445 0.012802734693877531 0.026197111111111053
1 0.17587482470974258 0.5450201542010207 0.010125666077738491 0.011746106988614101
1 0.37684293488137305 0.9340404204946995 0.012972383644623926 0.010354573223399931
1 0.8706951530612244 0.4486917162698412 0.007334183673469445 0.024491567460317415
1 0.18073055388692577 0.3476125625245387 0.009563627208480594 0.01516945681193555
1 0.5730088325340736 0.9484957563800549 0.0061781956082786645 0.020705778170396587
1 0.5230042977031802 0.9389800217903416 0.008698623170116195 0.021333242638398333
1 0.3261685312973246 0.4423809410090302 0.013362079252902602 0.011513147428346995
1 0.8173628826530611 0.7377852182539681 0.01068239795918363 0.01798115079365075
1 0.5727305755931348 0.8381758915390655 0.011782665068147426 0.010068515312131944
1 0.5280132039374054 0.45312607371417357 0.012361592125189296 0.014884852571652925
1 0.23157496214033318 0.34860252257557905 0.009149419485108544 0.020551138594424787
1 0.47495588162544167 0.5455779207891637 0.011408277132761364 0.01001710698861401
1 0.9716198979591837 0.06039186507936512 0.012117346938775597 0.01550099206349206
1 0.47040636042402834 0.2553555653710247 0.011673397274103995 0.009508735767569682
1 0.7678977499999999 0.8342473412698412 0.008209602040816374 0.020369404761904616
1 0.7183686938775511 0.5427840218253969 0.011673612244898074 0.02170395634920642
1 0.37378533568904593 0.44200284648606203 0.00962266532054521 0.015950137416568526
1 0.2278173373296315 0.9231331533176288 0.01382519409389195 0.024194038869257837
1 0.2772736277132762 0.742781513054574 0.010508272084805625 0.016817225166862865
1 0.32681690699141847 0.25361186768747546 0.005755383392226168 0.02526546760895175
1 0.9750270510204081 0.6426233809523809 0.010723959183673465 0.013612365079364943
1 0.22900133594144367 0.24954500039261873 0.01208819131751641 0.023583733019238304
1 0.5752555630994447 0.4470050748920298 0.012727137304391687 0.009626481546917908
1 0.9177502040816325 0.7387456865079365 0.013989387755101949 0.014820134920634942
1 0.5222897317011611 0.6434322311542992 0.013534536597678023 0.018828537691401692
1 0.775111607142857 0.049231150793650834 0.010044642857142856 0.02108134920634919
1 0.8277919285714285 0.6337507023809523 0.009913591836734627 0.02329720634920641
1 0.5776267332155476 0.04926225530035335 0.01126053356890446 0.015706489399293286
1 0.5724697122665321 0.15566720651747154 0.011357900050479637 0.012576069886140547
1 0.5208455518677436 0.5509602549077346 0.012385120393740375 0.010908308402041477
1 0.9713979030612244 0.9354258134920634 0.006821540816326481 0.03626642857142848
1 0.8713833877551019 0.1434073392857143 0.01233526530612242 0.011920440476190538
1 0.6728450306122448 0.9326533273809523 0.011452795918367236 0.009569337301587587
1 0.6693015918367347 0.06707962301587303 0.011434816326530596 0.017095753968253913
1 0.9675972193877551 0.25318484523809526 0.01300056122449007 0.01604230952380946
1 0.47248001564866227 0.060265092363564976 0.011943047955578124 0.01688638378484491
1 0.6234407397959184 0.9351289107142856 0.017608520408163335 0.016463178571428747
1 0.57461699432105 0.2568698985080487 0.01028901135790008 0.016218202983902617
1 0.1788241879101464 0.928864086965057 0.009274895254921743 0.01763990616411427
1 0.7199753367346939 0.9381105039682538 0.005840142857142792 0.02655676984126999
1 0.7236905255102041 0.449673125 0.012750948979591822 0.016533750000000087
1 0.5708114568399797 0.34497519522968195 0.012781427561837587 0.011855655869650563
1 0.4251900377334679 0.25661503180212014 0.015258924533064086 0.016321936395759726
1 0.8167251275510203 0.3443700396825397 0.011001275510204168 0.013640873015873023
1 0.7174744897959182 0.8380766369047618 0.01275510204081637 0.02015128968253964
1 0.6738261326530611 0.5385322777777778 0.014273755102040703 0.010981079365079279
1 0.37906273485613323 0.14713881802120138 0.012921027511357862 0.01330983078131134
1 0.6701280510204082 0.2537605099206349 0.010828081632653001 0.020628781746031725
1 0.774234693877551 0.4403211805555555 0.004145408163265378 0.009610615079365016
