0 0.04523754100586305 0.2609165989609968 0.045805229263720035 0.07250857564847522
0 0.045847 0.35772099999999996 0.04638599999999999 0.07113899999999998
0 0.046206 0.45633299999999993 0.044947999999999995 0.07171800000000003
0 0.1071939512544958 0.2606891910556329 0.046505096356200114 0.07219051529071097
0 0.16925565070417098 0.26058677161390703 0.0458202019829467 0.07124490557247996
0 0.2297371143204247 0.2601666554208629 0.043941808755770466 0.07185098046892381
0 0.29040252822398077 0.25919586412426265 0.04606291840161768 0.07215346063461363
0 0.10807400554069974 0.35786710871276184 0.04522549943259584 0.07053847132049755
0 0.17004858011492094 0.35716418117233284 0.045666999999999985 0.06998299999999996
0 0.23071335466518755 0.35683485820476124 0.043590709330375156 0.07052371640952271
0 0.29084124371239484 0.35629396640483957 0.04576780788447345 0.06973224009221113
0 0.10811404817810004 0.4551415573277677 0.04578609635620011 0.0715272447190015
0 0.17008606093401288 0.45398435613363836 0.0463430832470771 0.0717462244048301
0 0.23100451489502946 0.4534058561336383 0.044464190019900734 0.07149827946696385
0 0.2915671691433484 0.4529073266783823 0.04533501782701293 0.07202702339818709
0 0.04473010857240789 0.06339706347374345 0.044948 0.07460999999999997
0 0.04455744990666062 0.1630957749564935 0.04508319431730909 0.07183967686047392
0 0.10635368960569215 0.06350501208874937 0.045783061409789175 0.07290727807247259
0 0.16864399999999996 0.063621 0.044588 0.06940399999999998
0 0.228695 0.065067 0.045307000000000014 0.06998299999999999
0 0.290183 0.062174999999999994 0.045307000000000014 0.07113899999999998
0 0.10633347641869062 0.16235286627213485 0.04678451108139949 0.07229499267120171
0 0.167925 0.161365 0.045307000000000014 0.072874
0 0.229953 0.16165399999999996 0.04207099999999996 0.06998300000000002
0 0.289824 0.161943 0.045307000000000014 0.06940399999999998
1 0.05339877144143084 0.06756255842460786 0.013145372333260474 0.013009482111781073
1 0.1097572998200484 0.06209546165600311 0.013188382495280973 0.020852170975021924
1 0.177095 0.073453 0.01330500000000001 0.013881000000000004
1 0.300072 0.06940399999999998 0.014743000000000029 0.02660499999999999
1 0.174038 0.158473 0.01366400000000001 0.03007500000000001
1 0.23768399999999998 0.161076 0.022294000000000022 0.019085999999999985
1 0.30025199999999996 0.16599199999999997 0.014383000000000019 0.027761999999999995
1 0.11829787367068455 0.26304004774925577 0.01564804184535697 0.01003834004554815
1 0.1808520594975011 0.25560511353184423 0.012436776351820535 0.01119513233293445
1 0.053019441991032056 0.35883662175375913 0.01102096134123617 0.012694735717570373
1 0.11235590256805446 0.3616000590590103 0.010233564693685871 0.005879734159580823
1 0.16445459237240267 0.355103080081276 0.01072922336575401 0.014277112797175093
1 0.2371168324816897 0.3526621607502874 0.016662482550039468 0.012134226769820875
1 0.2874072601498456 0.36490642288784086 0.005176657545344619 0.023940113389593568
1 0.047997567812006224 0.4515080022210528 0.00969260067760154 0.0074321220416554016
1 0.11529873372803728 0.45051276820705954 0.004027561274517796 0.013544596301600039
1 0.23409282479287585 0.44718226584836424 0.008589226780335642 0.006907645944509375
1 0.29374659848349194 0.45174001110667505 0.009822014553644032 0.008563399951529424
0 0.04623708946766518 0.5531230686375224 0.04636886113373522 0.07007139117001855
0 0.10843312180409699 0.5520295678585275 0.04594880185221229 0.07122789117001853
0 0.17026828607766406 0.5514032301727145 0.04583305284485381 0.07102503524187291
0 0.23111369998122014 0.5506456651934257 0.04439139996244034 0.07113522026258422
0 0.29192469399969717 0.549657639586548 0.046075769263524705 0.0703013816006069
0 0.04621599254406092 0.6508478616841487 0.045770372782538864 0.0719628534317632
0 0.10837565092610614 0.6500436109051538 0.046864596356200085 0.07099510109477897
0 0.17030913139369666 0.6490387773911576 0.046479262787393345 0.07127544465804814
0 0.2316187800961411 0.6478753836670467 0.04454588065196595 0.07149481469947057
0 0.29211506971795304 0.6467663324532914 0.045695017827012976 0.07020055478231545
1 0.06008108946766518 0.5586588967102526 0.011793527500882955 0.007474657125081049
1 0.2343738544650149 0.5504772158147626 0.008172747550978523 0.008717911795215218
1 0.28524592017951483 0.5444759853528636 0.011246298865057455 0.0071392383196389585
1 0.11996096872770128 0.6475454381988893 0.020490549760985494 0.026269746334312706
1 0.16625327478574245 0.6465674185986611 0.01965174842227546 0.015805529914790083
1 0.30097238532769105 0.6479485810404199 0.011908564880801376 0.021846260925741077
0 0.045938095292067 0.7488319372466414 0.04584565563772306 0.07204762371428818
0 0.10847379817810003 0.7478000285622828 0.04698864295141468 0.07205043796702652
0 0.1707347460202036 0.7460817871613789 0.045773613649300424 0.07060351156386752
0 0.2313662400386806 0.7445152615545012 0.04490538065196601 0.07069251541224598
0 0.29254093434446 0.7433553146924459 0.0460079294933666 0.06973420428133548
0 0.0459754867196591 0.8471024485563962 0.0462513844313425 0.07259002406027913
0 0.10853317026589913 0.8464876954404171 0.04670972822621532 0.07227377795525294
0 0.17083151853733858 0.8437191296296892 0.04624520762427833 0.07162790022877132
0 0.23168758186236704 0.8422089732823148 0.04530167537353771 0.0731024605865357
0 0.29239782937319025 0.8407635981453556 0.04498391840161766 0.07278071612502121
1 0.056555569903232975 0.7488681368138952 0.006831775409656209 0.019934895901308848
1 0.11571619916326904 0.7420131607608194 0.011521498983317455 0.01277719145817248
1 0.23553181995342892 0.7447404107549704 0.007603777953201853 0.020366671717053413
1 0.2987956744890502 0.7357049735138608 0.005401487024444283 0.0168950571519892
1 0.11061044291746717 0.8564377048197306 0.005555785965198444 0.01347232538252061
1 0.23524956029819172 0.8422443417803696 0.00947851829796464 0.015728848747140402
1 0.06473691170371727 0.937396126273605 0.006806487868011598 0.02107298876405154
1 0.12411529817810005 0.9284528938535089 0.011861549760985511 0.007013905306567727
1 0.17905529115523292 0.9362969677331423 0.016215199782306625 0.019860101988338832
1 0.23339045559211447 0.938524215896195 0.0116236940394132 0.01340667633942646
1 0.2998498375919156 0.9413883752332793 0.02061719449430563 0.014133073142604211
0 0.045902129242054786 0.9446988288886281 0.046398099386551137 0.06984342935036236
0 0.10895582730010916 0.9436972377080484 0.04714577855460493 0.06875510703755285
0 0.1707415244601208 0.941817785840644 0.04562434303070775 0.06916488070889582
0 0.23170652757616306 0.939931452076203 0.04446293119793958 0.0693307927848144
0 0.29267538874112503 0.9383300154052211 0.04399205932098525 0.06989118060333004
0 0.351492 0.06333099999999998 0.042790000000000016 0.06998299999999999
0 0.41025203557140916 0.06223082474951002 0.04380507114281843 0.07129401184368582
0 0.47019177404401175 0.06193098416334357 0.04388360889247008 0.07095706305744116
0 0.5306430180624888 0.060953549142632346 0.04424935658466126 0.07220946062993046
0 0.5904030065350914 0.06036076169441042 0.04410507387462925 0.071990090588508
0 0.350953 0.159919 0.042430999999999976 0.06882599999999998
0 0.4104979001979161 0.1601042263196531 0.04389566234948831 0.07106871255646115
0 0.47034822987718866 0.1595771219679532 0.04429859780072108 0.07142044879092777
0 0.5306566842143209 0.1586692223357225 0.04451318451083892 0.07229961809681164
0 0.590546111506361 0.15752454707150934 0.04352770370224795 0.0710766062805722
0 0.35128828744356944 0.25885177161390704 0.04381267431253427 0.07167085820710292
0 0.41125997065759995 0.2578015097725628 0.043827322579330225 0.07189812197263633
0 0.470881054446235 0.25738803730362964 0.04439758958199579 0.0720225944415695
0 0.5309661230337585 0.25669615542086294 0.0440398869868847 0.07106478331065905
0 0.5910920369373146 0.25565303730362965 0.043746073874629296 0.07174607460725933
1 0.358324 0.065645 0.014743000000000029 0.014458999999999991
1 0.4120253765779064 0.07081865319812299 0.01929485258120824 0.015482369155136363
1 0.47177201418860193 0.07015698579132351 0.014955448262282862 0.013059184134425125
1 0.5327436643275582 0.06388768650175734 0.018647787161144045 0.016231483127782075
1 0.5961466735471468 0.06331263336381283 0.014274645370479414 0.02112810923798127
1 0.4811305971765465 0.16448411367877805 0.008175851709911145 0.012667550033601609
1 0.5348241739827954 0.1674587810855775 0.011720745667171838 0.0151478848472005
1 0.5986705989781004 0.15727793443063431 0.012866297381596052 0.015606191537314141
1 0.35461505655387116 0.2607248065455213 0.0038212897750350403 0.014068565725665755
1 0.4142675850839342 0.25724051909729945 0.005493308214212283 0.012139156015622985
1 0.4748911109411463 0.2599706884282881 0.016433000848004125 0.013937699532621601
1 0.534280723695493 0.2534674816490775 0.011351845092567047 0.018982758443133664
1 0.5970605671393652 0.2617379601867874 0.007205974048888703 0.023281817946064102
0 0.3519369725297602 0.3557228601289505 0.043679945059520386 0.0697036651957673
0 0.41200920994253953 0.35482899999999995 0.043869000000000075 0.07113899999999998
0 0.4710630295898862 0.3543762045634952 0.04403363929469342 0.07052371640952271
0 0.5316514531486795 0.35326025962562896 0.04397944779133126 0.07017987389916709
0 0.5915525714489006 0.35245129899804006 0.04311616508129904 0.06922206276825667
0 0.35241678333420684 0.4522670904439157 0.04403054448491571 0.07166839343960951
0 0.4122151419791908 0.4516779998577493 0.044391841889804544 0.07097331469478738
0 0.471891214676077 0.4503315942922941 0.04441539073120511 0.07155870841889837
0 0.5321607335509028 0.4496293718233608 0.044562268251014926 0.07085573594996522
0 0.5924280272820774 0.44865513366470516 0.04398569548352237 0.07116510983976597
0 0.35316600293198347 0.5486728108417258 0.043260005863966965 0.07016362168345187
0 0.4124909762034744 0.5476193521383261 0.043694593326316256 0.0694606492145186
0 0.47225516496337927 0.5465036572004598 0.044852131075968124 0.07028709415238502
0 0.5326658136658237 0.5456292634763489 0.04384326825101504 0.06875767674558558
0 0.5930041723108077 0.5445826984970601 0.0445803668051133 0.07061664921451861
1 0.4199622365181894 0.35509983304570986 0.007497375918428516 0.02716226879874864
1 0.3581894875306992 0.35247595204688764 0.004388173912188968 0.011570014218042787
1 0.47475597413114146 0.34735625903321043 0.005202445389259276 0.012911415638910392
1 0.5380693245574 0.3490984027573215 0.010034588310353422 0.00825634074246652
1 0.6002761805295331 0.3481382020468876 0.015041598530805465 0.01813809681124327
1 0.3448792922477133 0.4501677738413301 0.0091715472400194 0.015220236826884998
1 0.42050380344537175 0.44568688499647585 0.012237446660901713 0.00849346271041971
1 0.47604240099860673 0.44326714683782015 0.013984840618162237 0.015908671413819492
1 0.5380029599308931 0.4414897844931544 0.009730577218604456 0.00939462404844245
1 0.3582389834213365 0.5427409853528635 0.008365425348700816 0.01178002576786089
1 0.4720203539587601 0.5398831466908862 0.010673685734022147 0.008129403506040103
1 0.5953779276565094 0.5368597804978422 0.011299153589204965 0.0066830962235078905
0 0.3531632777883323 0.6457783068464137 0.043847776610953126 0.07170829101678196
0 0.41284875105982316 0.6441977437913141 0.04370694418822346 0.0711228972926711
0 0.4727879895324257 0.6431509288120254 0.04465996262740086 0.0711091098444489
0 0.5329186037232841 0.642114954418903 0.044647909170382624 0.0713077987135386
0 0.5933314775693798 0.6415812063430922 0.044071336402889995 0.0716728223962271
0 0.35327073773087186 0.7425943028511015 0.04377843684079499 0.06985128302615767
0 0.4130349264907768 0.7413096335201128 0.04435365413076282 0.070079046791691
0 0.47316281553798395 0.7398050941477019 0.04434705096104711 0.07004407817113631
0 0.5333233993266191 0.7394059091269907 0.04471179865323832 0.06990581825398107
0 0.593986588086524 0.7386933460718907 0.04436249663273181 0.0699259994263142
1 0.362999874340704 0.6335764320679852 0.0036477873023567824 0.013454446729171048
1 0.4179845783017206 0.6435996449159724 0.015092195224389848 0.018228714935501402
1 0.4862811401070305 0.6408143830746282 0.014470898949930686 0.018179458866724504
1 0.5360462789540651 0.6440910306471175 0.010441176643999753 0.006708856439213848
1 0.6019132744090538 0.6382736193090947 0.006089786289847129 0.02817829368032352
1 0.36832349184023455 0.7367520384931496 0.00406464103728741 0.015971714641633515
1 0.4169244221812414 0.7480792945619262 0.010806982408826712 0.01064485673776475
1 0.48677534450369553 0.7338322135967057 0.010279727628339844 0.014552482255545457
1 0.6014401390355608 0.7380984440586049 0.004852355313018973 0.021006100668987913
1 0.359369454455625 0.8372207963391818 0.012510008336645255 0.011258175271564076
0 0.3532405181330951 0.8399546375177666 0.044712356725874126 0.07322784993197723
0 0.4131121668355396 0.8390071669730227 0.04390801321139543 0.0730153736146655
0 0.47341535559544456 0.8381399169730227 0.04544335211025646 0.07404740114573248
0 0.5338282294415401 0.837440891366145 0.044430038998001145 0.07263556248375515
0 0.5945986281439845 0.836920930738556 0.044739797781941364 0.07320716875964421
0 0.3535319283629372 0.9372832004259323 0.045003016955716 0.07034570813439704
0 0.4136127966631582 0.93566872603281 0.04363465413076293 0.06889150712775403
0 0.47395733073909563 0.9361849897983435 0.0453784626274008 0.07020055449313085
0 0.5343382598437634 0.9351900704673548 0.04486577934276403 0.06961466076901997
0 0.5950739886611288 0.9348385842328882 0.04451697732225763 0.06938100327937559
1 0.41846765698012967 0.8273872390566495 0.008157253155812992 0.011490218196144517
1 0.4784854427164084 0.8258149266033347 0.009244337297479834 0.01580563055099599
1 0.5413525953043862 0.8356857924908034 0.0057973286551162035 0.020650435188719063
1 0.5969862343515934 0.8304455738702484 0.019001048818107793 0.022935360292275286
1 0.35759252347879694 0.9352775170332011 0.009949505463621729 0.03314535674244778
1 0.4162287163480646 0.9355249046885353 0.008558891202156825 0.022113494397781857
1 0.48490702958988624 0.9354218633919351 0.013434036996274556 0.025597781846003816
1 0.5423827818270887 0.9206228000406262 0.01218060227512605 0.018433182674453142
1 0.6013460299549283 0.9248612056060815 0.010281457611437913 0.014639521336430244
0 0.6502140898307543 0.05962535163377092 0.04298858294428882 0.07151386166774401
0 0.7095319143089814 0.058818854679928645 0.04219942533518259 0.07191179465227385
0 0.7690171920610748 0.0578780285259853 0.043341639858100786 0.07184934948311307
0 0.8287864271905095 0.05657099197209248 0.04316051339975042 0.07300534948311307
0 0.8882187670550435 0.056447592770055115 0.04309456727299792 0.07125218554011022
0 0.9473707951775941 0.056681193440608596 0.03886508107836276 0.07167137347014751
0 0.9505118889674186 0.1549519244619063 0.040986937910644373 0.07013555107928973
0 0.9523754631103782 0.34769387116775136 0.04139292622075638 0.06978779597978146
0 0.6503811151800754 0.15660195456115372 0.04367013093475521 0.06987774393590639
0 0.7097432334802963 0.1564371770300869 0.04228346696059279 0.07067561397732887
0 0.7692868269241687 0.15509421832668716 0.04257197430802111 0.0700833265291069
0 0.8301992596552371 0.1540115275310668 0.043149999999999945 0.07113899999999998
0 0.8901965170550438 0.15346161005907785 0.04464991606770635 0.07200819329601633
0 0.6509208651800752 0.2544682124071858 0.043318531509360034 0.0713058345244144
0 0.7103208536526778 0.2538316730347747 0.0425840277650395 0.0721105982899478
0 0.7704125976711548 0.2530330529933522 0.04279529476770487 0.07277120841421521
0 0.831224091689632 0.25216210613129675 0.04316844303450092 0.07287399971081546
0 0.8922095216934564 0.2508458018670682 0.04434372972730964 0.07268864396734544
0 0.9518512850607088 0.2509435786892075 0.04175242622075661 0.07138510373413644
1 0.6502920477791979 0.06640307945040365 0.01080259504017353 0.030741041355813584
1 0.7113901479396505 0.061693672340596147 0.011589784407398294 0.008325259388775761
1 0.7702608830690854 0.06810640689474169 0.013961084175633656 0.01494076505095965
1 0.8264188452547145 0.06049518126400357 0.01495909379220945 0.032350325974114365
1 0.8998966074129873 0.06131050542304036 0.0073394767690167844 0.020530856443717608
1 0.9554105256513371 0.0492077462987936 0.013073991011621737 0.00867645178123629
1 0.9621172822484536 0.24867426816433214 0.00579005522008287 0.02274036851523147
1 0.8974213361931193 0.14863217702689527 0.012703332868355819 0.020506199651427415
1 0.834408980972315 0.15588358007893446 0.006518000565578625 0.0183949002407139
1 0.6507583442329166 0.2508705680906564 0.00855876570773039 0.006614773836647101
1 0.7212766793758106 0.24984604145055878 0.007861326205730972 0.014517764357951874
1 0.7783162398268616 0.24430462507697925 0.012138838734355466 0.009443730319648383
1 0.8284344532429426 0.24642632993200062 0.004491364991912955 0.0194839274779131
0 0.6513189853524567 0.35194562581867306 0.04295903150935997 0.0702334091269906
0 0.7111198191410918 0.3511880608393843 0.04200515759265804 0.06964112167876871
0 0.7713657938490944 0.35055102146697326 0.04467398539977035 0.07068104293394643
0 0.8316563817470924 0.35012745841187354 0.04244944303450078 0.07059153908556814
0 0.8923279220586877 0.34884935268376516 0.044658013876317314 0.07190877930347529
0 0.6520127160419823 0.4483415056303168 0.043464111624280904 0.07062157846032076
0 0.7116226741123616 0.44788697809925 0.04187292833964418 0.07129647603281011
0 0.7721447330446478 0.4474189131199612 0.04471748827279371 0.07106181854316576
0 0.8315769162586784 0.4470194780992499 0.04246279389640812 0.0716265310949438
0 0.8920868224239193 0.44614213510400674 0.04348695850744186 0.07166406216137161
0 0.9527158422557419 0.44452866863168083 0.04167656646910297 0.07068064606808801
0 0.6530934411856335 0.5448163559867045 0.04363194317571373 0.06991517674558546
0 0.712334 0.5439486062758889 0.041712000000000006 0.06998299999999996
0 0.7721831032170294 0.5435356335177713 0.04405842746834715 0.06990088929736359
0 0.8327712767758224 0.5429642772418823 0.04298567516053837 0.06987281440091966
0 0.8925768076686217 0.5425465097691178 0.04374692899684661 0.07009379808052402
0 0.9527083062805766 0.5418817178157596 0.041967180859168965 0.0689858114915937
1 0.6571052904108562 0.3491778733020654 0.004454100132186662 0.01886864417662039
1 0.7177558107221937 0.34268369982648933 0.008934278801205843 0.005865509777245983
1 0.7772674594246383 0.351264359536532 0.012489438159750751 0.01516398668697596
1 0.8388704935005756 0.33948866237826736 0.010406025622100239 0.008509064839379582
1 0.6574756661291121 0.44080504633449863 0.005169149844884347 0.012871517772553426
1 0.7136285288834588 0.44879686545837505 0.009473096387866033 0.017025423634217832
1 0.7771473986201917 0.44045725696208754 0.007779835861331886 0.015206198944886366
1 0.8346659713170779 0.4374203533208215 0.007023080680499641 0.008401344296977248
1 0.8977079016788801 0.43413454594931183 0.010339176038553837 0.00792670262747947
1 0.9657700515677675 0.3537247185160071 0.005373077574840739 0.014071429679415196
1 0.6594709672783214 0.5456467728010854 0.009039873752196505 0.006905080829994628
1 0.7159318589983796 0.5350699379874866 0.004866436158024244 0.013540986099240544
1 0.7837669437056252 0.5434795334646175 0.007497375918428516 0.011473716992574913
1 0.8360447821215244 0.5373177548909644 0.01023424378336497 0.006703777395840839
0 0.653525731243094 0.64088562759827 0.04364084375031834 0.07072240498942774
0 0.7129559393134732 0.6403550763845146 0.04153567977615582 0.07201766490658276
0 0.7728359885905225 0.6398459563430922 0.04391729764072843 0.07209927503085012
0 0.8337219978101111 0.6393879819499698 0.04326793481577532 0.07137612138958417
0 0.8934454137679603 0.6387609297403545 0.044351827535920436 0.07134101388307192
0 0.6543647920475406 0.7378255960718911 0.043855263635397566 0.06978823950915898
0 0.7140458150317291 0.7372987417201912 0.042558690867905 0.06896868829540359
0 0.7740574967851087 0.73629243026554 0.04423236625101079 0.07017566589550797
0 0.8342239382020304 0.7356766517232516 0.04293381738287046 0.06941284712001056
0 0.894753114390066 0.7345530067055347 0.044229000000000004 0.06940399999999991
1 0.6556683173719295 0.6353260669110881 0.0029606427624116927 0.010657649511898707
1 0.7191490151188589 0.6413712019022955 0.004692068858666372 0.014255931335657527
1 0.785625494850866 0.6392214861363713 0.005055832730111502 0.009768881827516427
1 0.84430563648547 0.6317464161542228 0.005549018332527491 0.01999883230844568
1 0.6539646246351399 0.7429256902102265 0.0078238293852004 0.020015435482586816
1 0.7238694931355336 0.7338282667346504 0.01126492546662056 0.014794533469300722
1 0.7806886904301356 0.7441269989535066 0.00713555792384284 0.015062205953655271
1 0.851062838567262 0.729012154900957 0.005122880056376146 0.0071771553995510235
0 0.6552298721624615 0.8355300232489118 0.04372648466968596 0.07364740884248915
0 0.7149856603477617 0.8345208164697011 0.04359060253425855 0.07262177503553323
0 0.7752667320298109 0.8341136807907256 0.043742692839754335 0.07352755621702362
0 0.8353794216205753 0.8335836942017953 0.04255164762392893 0.07325794548816787
0 0.8948074921828612 0.8314905230355951 0.043969781443869926 0.07190435487591657
0 0.6550414715878567 0.933268611763955 0.043084225014448835 0.0687744283829317
0 0.7153560360660176 0.9323462692535994 0.04416007213203537 0.06827753850719916
0 0.7750826831255055 0.931065662831925 0.04300862088942351 0.06864610420613872
0 0.8350158727162696 0.9304562702080132 0.042589889333201264 0.06787051359388756
0 0.8954538695020672 0.9288683289252087 0.04267702680545756 0.06927361761720843
0 0.9544383687336484 0.8298819551088152 0.040986937910644373 0.07068954437375499
0 0.9543919548196506 0.9268739530651342 0.04080422329890431 0.06594965785041744
1 0.7212038893183501 0.8336592025064217 0.007133425631126223 0.014166528123485345
1 0.7811862116500031 0.8308094037935243 0.009309253541064858 0.020969626362546605
1 0.8536299151560053 0.8274609373211986 0.0046729483543916156 0.02035384782025799
1 0.9072506720586879 0.8264816201783194 0.013572572897507825 0.008795045721066508
1 0.6606870792319774 0.9248304911301142 0.01665267777442937 0.023833092384495814
1 0.7261536132256622 0.9239854541367432 0.012228729653359145 0.013815291889018618
1 0.7804594256748377 0.9227036945519191 0.010487283051660204 0.020885221290405487
1 0.8427668423175063 0.9224904576610474 0.007386665689645505 0.018209332623144
1 0.9138303016776401 0.9130917479374829 0.005924162454311676 0.014625422973880317
1 0.90594938144511 0.7203895172624312 0.008735508251807333 0.004921866711429137
0 0.9538871476246175 0.7333376265337305 0.04071166793002889 0.06855096455440099
0 0.9533282767699812 0.637320547174745 0.0407272398803596 0.06890344338742534
1 0.29745656981221613 0.8363520136373321 0.0031299724708003024 0.007844275903086895
1 0.17239083743938113 0.8406124458756036 0.005442335539422926 0.008753692964219326
1 0.17548560509725558 0.5436430218019819 0.003079629293221475 0.00505864558709224
1 0.2751464172005817 0.38319873180303604 0.005968784711758664 0.016391024275106983
