0 0.8777055449794768 0.3163643292867945 0.03688483317499558 0.0696674652937078
0 0.9272088737143391 0.840690897350937 0.03591417967039025 0.06772551504161847
0 0.744421719910348 0.584105153025073 0.03748956017930377 0.0715982810086976
0 0.2162993082173706 0.5035953134034619 0.03828640330835107 0.07224596025191941
0 0.7451004674424615 0.6735343744953963 0.037633738362774255 0.07082632563107313
0 0.8364923480029411 0.6693384055878405 0.03696398711336149 0.06971670126129685
0 0.6996889467080893 0.8547120674360432 0.038537453079216015 0.07100798949769047
0 0.7457908882222726 0.762655120839675 0.037315936289337055 0.07186485781647109
0 0.8828813712051998 0.844047179368842 0.03655929707578489 0.06861222832115958
0 0.16931048414983496 0.867878200880189 0.03773415499152499 0.07160941554579729
0 0.07400444316641738 0.8673927133171666 0.03664216979884418 0.07063844041975255
0 0.3135351566953252 0.866679930629289 0.03862739934323149 0.07212580042213142
0 0.837910758911206 0.8467636607133754 0.037131511792226735 0.06919031538000325
0 0.7926535649291364 0.9383120948727658 0.037130563132517065 0.06925837243935654
0 0.7886970871401152 0.4053779227734934 0.036740172215164645 0.07049169176394636
0 0.9702209571371547 0.837171112519025 0.03385154097310435 0.06845374638615195
0 0.7919301490850985 0.7601490176043859 0.037139711701349144 0.07170752697611642
0 0.9706249274812634 0.9247115065534752 0.033931491532867994 0.06827352420398258
0 0.5078395789723691 0.7714538807976319 0.03873217867911048 0.07101385033753535
0 0.1209182048036429 0.5048090323110178 0.037286956631201386 0.07321693537796416
0 0.9684620289124315 0.5764323557561833 0.03397363516592718 0.06790438798345469
0 0.12164619493209675 0.8672963808813783 0.037286956631201386 0.07044577554817624
0 0.41017424530173374 0.6829397439071311 0.03971618264422995 0.07167402462271572
0 0.6999318600842407 0.9437543983601442 0.03829528970306491 0.06897676546459929
0 0.7923225649291362 0.8499886544948866 0.037196553260970815 0.07029993974977984
0 0.9275811493432317 0.9276474568055646 0.03593074079972118 0.06734859882584837
0 0.4602656596691649 0.8647242963015558 0.03992170040476249 0.07258391983386624
0 0.790915327268569 0.6714808931508628 0.03680871170134919 0.06963228832014022
0 0.6040210116062861 0.6785243060920192 0.03866298665897429 0.07158192512689432
0 0.7465188783507264 0.9410938075618329 0.03804392641779086 0.06996692218726706
0 0.8339705286542982 0.404560935210471 0.036773615939101 0.07031417932696876
0 0.40992015867788506 0.5919979192015186 0.038722682644229976 0.07233369890789587
0 0.16833829735454456 0.5039040385295067 0.03845907853860829 0.0723779229409866
0 0.7900264114245311 0.5826582811343174 0.0369721870224836 0.07113197504229819
0 0.6517114383131499 0.6772218309659747 0.03819180649294398 0.0714044126899168
0 0.6975267981392573 0.49540391289928315 0.03809576995997264 0.07042778613423252
0 0.5557564215232708 0.6799150374365529 0.03992714708191217 0.07193595000084964
0 0.5564516665874978 0.770790880797632 0.03961899357730708 0.07114431302660237
0 0.6979395357998246 0.5851648843696065 0.0381932551526533 0.06983384319358579
0 0.5086145498533707 0.9524744087368342 0.038340813431903195 0.0694247215121967
0 0.8830514454896158 0.931390303822365 0.03592879214001174 0.06803746697713597
0 0.8376566722873571 0.7580629205875857 0.037108665296831635 0.07190472100971704
0 0.07333711888200134 0.6866699679820952 0.037248828239222403 0.07088118420126388
0 0.7462426609495177 0.852221226972718 0.038219481743827506 0.06991020907521907
0 0.5570697482755734 0.9512178175197896 0.03915651332039922 0.06982446445624187
0 0.5084741581925583 0.8631135960494664 0.03854535686258093 0.07227544470782148
0 0.6989007907355979 0.76538119298252 0.038902448143443145 0.07197663890891527
0 0.6987413050679033 0.6748968945788032 0.037855486679600606 0.06966746529370789
0 0.026976584114709424 0.8676276308813783 0.0362545148898247 0.07013730042213148
0 0.3623340661269834 0.8664465276460892 0.03940253112218464 0.07214448201875441
0 0.2160848156210302 0.5945697537813412 0.03858540824412415 0.07213700487429515
0 0.8817988028320637 0.667462167826375 0.036999394335872765 0.0699806643472498
0 0.8355709370946764 0.5802639589914724 0.03584915542528568 0.06974174369776462
0 0.9253459116826642 0.5784299465544948 0.0355855428731584 0.06995761932798816
0 0.3124533200714765 0.5016960696219508 0.038647696480895645 0.07281686075609846
0 0.5075966655962179 0.6815487625625976 0.038003688550656486 0.07229047487480501
0 0.026685084816916598 0.9567224249132797 0.03737015992729805 0.06869649016766322
0 0.0735473548490816 0.5054490074370626 0.03766930017338293 0.07158396025191964
0 0.6050475066705129 0.8594918709234215 0.03877466977821786 0.07134333277502257
0 0.6045345091383995 0.7689475275623427 0.038961991594747294 0.06939955680811351
0 0.41106387264055366 0.8652080192835659 0.03906880356035708 0.07063844041975255
0 0.26552997752057483 0.867749002772134 0.039197064701942584 0.0728074820187543
0 0.07440834991330852 0.9566924866794351 0.03720731991647521 0.0686366136999737
0 0.8381485980029413 0.9356843697467211 0.037121863223394544 0.06885779781749068
0 0.41052174283384724 0.7737827215959434 0.03944052420385171 0.0713021438669571
0 0.9263119909028533 0.6658613272265066 0.03606172105662891 0.06810290773187506
0 0.7895415846722286 0.49383616911777195 0.036730523646332607 0.0692342488232996
0 0.6522246858452634 0.8571630301251102 0.03873297480486824 0.07056955168257845
0 0.9226867631138322 0.40308144764744863 0.035120513258520114 0.06832617932696873
0 0.7426834822497809 0.40525630088273773 0.037410372124287265 0.07024844798243512
0 0.8809215419850107 0.5796666903360059 0.03603692590152467 0.06951818151287648
0 0.26415548492423446 0.41169285437011627 0.03887471327077464 0.07098436588163337
0 0.6517888516893012 0.7672811867640312 0.03858929662139771 0.07092175084171412
0 0.6022219472037293 0.40678638789970784 0.03773415499152499 0.07039569663824137
0 0.21741971418986228 0.8681363933183561 0.03834324486797293 0.07309677554817616
0 0.3122266542274387 0.4106100981516275 0.03867969154512264 0.07076080369674523
0 0.7438160271880049 0.4941741492437317 0.03724882823922248 0.07088118420126374
0 0.028593490087201103 0.23710545247987042 0.03487772268793363 0.07038963235119199
0 0.31423522604396825 0.9571782242424572 0.038571557783609746 0.07106455151508517
0 0.2657561433646127 0.9574766085701906 0.03940673301386693 0.07117583260752945
0 0.4113827378980741 0.9559086147886794 0.03946387069924662 0.07095277042264113
0 0.5572517458076869 0.8616247676881323 0.03903518163232376 0.07221071336328795
0 0.3627706502829455 0.9566042304609462 0.039305045929503825 0.0708875390781077
0 0.6530856809094903 0.9465692267214783 0.038756321300263 0.06975154655704352
0 0.6036567665420591 0.5870082376048956 0.03866248665897433 0.07060762428602999
0 0.8789411409482922 0.4040526727734933 0.03620140122265931 0.06978314201603575
0 0.12223635584036151 0.9572108399147241 0.03701129819082316 0.06967332017055179
0 0.45885842200859767 0.590476225167918 0.03929119546898942 0.0722032362188287
0 0.926602215273961 0.7523321608808687 0.03567151629423903 0.06772551504161847
0 0.12090653155594544 0.6864170722684648 0.03750627351195779 0.07183185546307022
0 0.4603869913572406 0.9541765426458346 0.03992170040476249 0.06991606395206305
0 0.025994507362406858 0.5960821070166303 0.03695965852288371 0.07176329840371697
0 0.1213593632440211 0.7766304156295438 0.036955956631201395 0.07165716874091216
0 0.026017760532500562 0.687034083654362 0.03676350148691984 0.07015295285673033
0 0.5554530923030817 0.5886095970586736 0.03907782526538267 0.07089741781545175
0 0.40979857698980937 0.5005480820589284 0.03896484602038131 0.07246283588214306
0 0.6494767006525825 0.40631603222727125 0.03784760856638119 0.07139693554545747
0 0.9691732715087719 0.6633223583189507 0.033454813349397525 0.06739435798396437
0 0.9699573531968474 0.7510192576464292 0.034052323220943564 0.06898360907691845
0 0.5544268472388548 0.40701139789953805 0.03920930552229043 0.07133120420092405
0 0.5070836680641044 0.5900000784032071 0.038919000495639955 0.07173643025242923
0 0.26426056908019663 0.5026344290757288 0.039084881582699016 0.07226614184854249
0 0.9666189570959018 0.4034455633197154 0.03465543230359128 0.06856892310847984
0 0.07382244563430392 0.41443281701731 0.037248828239222403 0.07112392798277492
0 0.36085523937468084 0.14036729941292414 0.03814352125063842 0.06916640117415168
0 0.7418062396534404 0.31603695752165867 0.037111867188514 0.07095467201552569
0 0.9243524116826642 0.4908771939917273 0.03529718650621744 0.06914214932747843
0 0.4598899913572405 0.7727232402514097 0.040141017285518873 0.07112513142997949
0 0.02779316086701201 0.32641305205943816 0.035703698009068294 0.0708308958811234
0 0.07333711888200134 0.7769706547042532 0.037248828239222403 0.07039569663824129
0 0.6509113590929607 0.5868871157141401 0.03829029168562464 0.07133635563056352
0 0.3611260735306429 0.4102462324793607 0.03892785293871409 0.07148953504127868
0 0.9651840486555237 0.3171067796645038 0.03396958580819635 0.06872492823401477
0 0.16845480475820418 0.5947470162183188 0.03723611308901979 0.0715205546222057
0 0.458907414604938 0.6816372687810863 0.040117170790124 0.07198199974876003
0 0.7847847776630182 0.14115117130367974 0.036923444673963406 0.07024865739264052
0 0.36106490768660515 0.5012436977311951 0.03904818462678977 0.07239760453760956
0 0.8825057028932755 0.7557990611338076 0.03629328720423876 0.07028992748029514
0 0.6965160506071437 0.40655877600878243 0.0382582452811072 0.07091144798243516
0 0.8351300286542982 0.4929309253362608 0.03666598217758819 0.07033668663841132
0 0.026386173206444676 0.7767186718480327 0.037015000082505495 0.07086270605184497
0 0.5067800888439153 0.4991568507143949 0.0390398321837156 0.07307878613423253
0 0.8760106582234979 0.2296096676479584 0.0364070201768529 0.06947720201501614
0 0.8329719543698821 0.3168309202107258 0.036717774379479255 0.07011515957854822
0 0.0733816048490816 0.5954752475628524 0.037580463549534225 0.07152055462220577
0 0.2648791507682723 0.7758693186127434 0.03910872807809392 0.07207692495940088
0 0.2650933933646127 0.6851474628146869 0.03808123301386696 0.07220556193364841
0 0.3125581542274387 0.5923296692015186 0.03861470141666878 0.07202622378185107
0 0.6487370372764312 0.3167983045384591 0.03806692544713758 0.0715063909230818
0 0.880028301856557 0.4920254315547496 0.03570642590152468 0.0699821617644561
0 0.6053622591383995 0.9494068299567674 0.03867618458553697 0.0686299271453089
0 0.3619094052187186 0.7756263248312324 0.03952386281026025 0.07304740008544572
0 0.07643316926195148 0.05891910033753524 0.03737434459534056 0.06939382419888494
0 0.5551660106150061 0.4983403631513726 0.03971697876998778 0.07290227369725488
0 0.26445906414442355 0.5937201505460521 0.03875388158269898 0.07140877352976166
0 0.921914354673454 0.3164569637401476 0.036244993515427815 0.0693672466373918
0 0.029708321775276738 0.06026812521149051 0.03637939593563103 0.06917894856866134
0 0.31301023591551436 0.684872103360909 0.03879087466436617 0.07262581815213742
0 0.21673589237333277 0.776686056175766 0.037703591363367706 0.07176844983335644
0 0.9673469472243557 0.48997145021021604 0.03344211542283473 0.06830163689050071
0 0.4088167502375068 0.13951769617763501 0.0389424995249864 0.07086560764472992
0 0.16877463151050676 0.7765320686127436 0.03860375672207883 0.0719459622703341
0 0.2166028874375597 0.6853244752516644 0.038165571620275465 0.07110312411853645
0 0.6957443921667655 0.31619144508468117 0.03865623540956113 0.07223462226761532
0 0.168520044886658 0.6864168222684649 0.03857991022668394 0.07183135546307017
0 0.026386423206444673 0.5057805074370625 0.03653017333020291 0.07127598512587478
0 0.8295726424248988 0.1420892807574577 0.03622839826944599 0.06969743848508464
0 0.12315776674862625 0.14607512155576918 0.036427486245839774 0.07087229419939466
0 0.12054278649171853 0.5951113818905857 0.037749436888109084 0.07127831084069465
0 0.45774334032052194 0.4082483916810492 0.03973032923050223 0.07186324151185687
0 0.12208227908805892 0.2349864897908034 0.03621781793391545 0.07100658260328142
0 0.07479976575734634 0.23620020869835928 0.03677683472379439 0.06955011991421434
0 0.2161944740614084 0.41208983571464974 0.03831939837257799 0.07177832857070042
0 0.07419360731696811 0.3251436926056603 0.03726316147609695 0.07120510235170183
0 0.16951379488665802 0.9575423399147241 0.03814077646517111 0.06887985748148442
0 0.36133574184256734 0.6841433720163757 0.03934718956256278 0.07311030571515982
0 0.458212169540711 0.4998524663866617 0.04018266091857779 0.07252806722667665
0 0.3130269834476278 0.7756822153774543 0.03833904297629061 0.07267369361486754
0 0.9614095683986159 0.14511373722803594 0.03321519982661687 0.06797855041788349
0 0.12081337064768073 0.4134150857146498 0.037805278447730906 0.07248687831861088
0 0.36104891015449175 0.5930576505460521 0.03974417969101678 0.07299669890789569
0 0.2162995582173706 0.3223617299165932 0.03828690330835107 0.07098154016681349
0 0.9203536333380654 0.230068914959571 0.03555018460616349 0.06796825882312958
0 0.6506082798727716 0.496949381806839 0.03792679662139785 0.07157677369725485
0 0.21738646912563536 0.9579949618054797 0.03900474486797284 0.06978510126299582
0 0.6012727764136053 0.3171624202107258 0.03826244717278965 0.0717491347045929
0 0.9189397036367355 0.144175877774258 0.036119612469621455 0.06901575688846172
0 0.7873177702593587 0.3161026888661923 0.03640817221516462 0.06962967201552582
0 0.21707171665774883 0.14332627453896885 0.03837523993219977 0.0712004509220623
0 0.8313717959295039 0.22931128332022518 0.03667208138868936 0.06936592092257204
0 0.16915487410684715 0.23377252088324751 0.03790826165785191 0.07003510747723674
0 0.8738229309610563 0.1428025255063028 0.03567151629423903 0.06869649016766312
0 0.26421615076827226 0.3209378828997929 0.03875338158269899 0.07153225907436941
0 0.7862191861033966 0.22931078332022517 0.03712296441705582 0.06887943335954969
0 0.16859238397839327 0.4134805670591833 0.0377539349055493 0.07213235344465573
0 0.3122545750072496 0.32024276722752615 0.03849286972859313 0.07208397798192537
0 0.6027679398000697 0.49732981840337703 0.037855486679600606 0.07136667176428611
0 0.599473872909 0.13918619617763503 0.03757660067739479 0.07020260764472995
0 0.5061178388439154 0.4079171416810492 0.0384433223121694 0.07217171663790162
0 0.7392844203047975 0.140511696177635 0.03667883263810259 0.07042616982961813
0 0.4092690819255824 0.40942924491633825 0.039361836148835164 0.0717975101673233
0 0.9591580832059352 0.060982672480380216 0.033322833588129694 0.06623865503923955
0 0.217011300813711 0.23262428332022517 0.03801174486797287 0.07065155772932617
0 0.7408850787451756 0.22825155197569164 0.03721085238119485 0.06918840848559442
0 0.8284529864524071 0.05635710655602403 0.03665838346212679 0.06669727445097429
0 0.7829696266262997 0.05507815630393461 0.036205103114341636 0.06705229932492958
0 0.3126032077671694 0.23019028685032655 0.03821948174382758 0.06966746529370785
0 0.4090618997873056 0.3187917671019062 0.03846214511997888 0.07160941554579722
0 0.26476239336461266 0.14150569617763503 0.03838988651847212 0.07144319470357344
0 0.5056655071558397 0.3175821764292147 0.038023985688320716 0.07210315957854829
0 0.45751742447648414 0.31782517021072587 0.03952116091857792 0.07210365957854831
0 0.3608392418425673 0.3190947796645038 0.039567506443319314 0.07221544067099238
0 0.6466900108834526 0.13964685634665752 0.03737015992729809 0.06966746529370785
0 0.026867082349030066 0.41503967647108797 0.03603551135846598 0.0718521593273084
0 0.6476501263681665 0.22773294874040254 0.03734908388751577 0.06960766470408328
0 0.07604100341791367 0.14720033424483625 0.03659001290726493 0.07020979419939471
0 0.8727329279665903 0.05738397222829081 0.03591814406681974 0.06680905554341841
0 0.5536871838627035 0.3169196764292147 0.038700632274593014 0.0712636471415706
0 0.12148069493209673 0.3244157112611267 0.03719862000735267 0.07120560235170177
0 0.600280640194519 0.22703461769068128 0.03773415499152499 0.06966746529370785
0 0.1699552033270362 0.1445304026482133 0.037324949712868476 0.07069578176241703
0 0.16866954735454454 0.32314585180734884 0.038150925034003115 0.07109332125925771
0 0.645801980267221 0.05244993117788988 0.03753540570404528 0.06762169982910834
0 0.6945242263227277 0.22788743630342487 0.037914547354544456 0.07040212739315027
0 0.31286123344762784 0.14106241508519093 0.03776487960013928 0.07007114495566288
0 0.5521119600284888 0.13867588122061278 0.03797681836767621 0.0711239279827749
0 0.552870607110401 0.22755593630342488 0.03828079565074436 0.06876815226710563
0 0.4570808403205219 0.1384579648331015 0.0388906559828047 0.07165907033379701
0 0.9636083801370321 0.23103989008561568 0.03397287266118004 0.06748277126010725
0 0.9170407902605842 0.059591691135846676 0.035719072983436885 0.06685510529132896
0 0.1702811376544401 0.05590025172530139 0.03773415499152498 0.06869649016766315
0 0.36061257599852947 0.22955352710173632 0.0391141747552436 0.06985040848559439
0 0.409086834393469 0.22939953953871398 0.03972533121306203 0.07002792092257203
0 0.457271 0.227303 0.038755000000000046 0.07157099999999998
0 0.02880838935824035 0.14838563248105988 0.036278174734617266 0.0711239279827749
0 0.5051355120916128 0.22731319252191368 0.037934649064471984 0.07022461495617266
0 0.5988672144686219 0.05154468739637872 0.03781926405354601 0.06823865008119781
0 0.21790454094216483 0.0545367781946902 0.03712892798721646 0.06888246848457488
0 0.5044846853393101 0.1391209648331015 0.03833163919292576 0.07055763251868521
0 0.265170806740764 0.23103326466475865 0.0379933963900183 0.07086793335954965
0 0.5042138511833479 0.0501537060518452 0.038275297633304055 0.0693405878963096
0 0.36100449184256733 0.05182054685015667 0.03771403605795765 0.06781939386270901
0 0.6929780498843103 0.14001097201892426 0.037491491615373775 0.06942472151219668
0 0.4565071769443707 0.050639193614867545 0.037743329230502276 0.06788412520724253
0 0.6920907435979335 0.053001650085445794 0.037172859299527856 0.06726867495515314
0 0.12362684596881536 0.057108362774512846 0.0376083080623693 0.06868527445097428
0 0.5512539511379093 0.051301943614867555 0.03844477097187896 0.06775316251817548
0 0.7382089326442302 0.05414963764846817 0.036954491078480915 0.06762269982910846
0 0.4085461660815446 0.05039644983335638 0.038158667836910694 0.06885510033328725
0 0.31339122851185475 0.05293591874091227 0.03761155284783672 0.06859367495515313
0 0.26515430920865046 0.05375290630393461 0.03868839145424516 0.06877118739213076
1 0.8383506678472241 0.6601640610919343 0.009550692061389084 0.016114758990622643
1 0.3535151974206097 0.5003693805882652 0.011087605158780706 0.021129238823469437
1 0.31161214731941905 0.7751847589487495 0.01253797775808161 0.009397642267275576
1 0.45158362043080036 0.5009522761344023 0.010687260604692798 0.029652139327648288
1 0.35303444520054317 0.6806636655876704 0.013654910144178469 0.01880943067116233
1 0.3634742944116444 0.7776217875621727 0.012673608566381294 0.019573699494122035
1 0.3537017694849592 0.5914445722265916 0.014504231960707962 0.01567526882295959
1 0.2644953839887065 0.7725896494949717 0.012618114472807822 0.012645910922741758
1 0.16898127563920567 0.7700276557134603 0.013640907645352324 0.01776989848576418
1 0.9274420706186827 0.7574994828143471 0.007784160980457012 0.009327602435448367
1 0.7419960518668702 0.6676145811334677 0.011526510367186004 0.015292858235204172
1 0.503389925963404 0.7644637303353263 0.013118544917597666 0.016275072603451436
1 0.8416611431683588 0.925460134704593 0.011665622960565857 0.023928319157096655
1 0.5428963129362633 0.0705163765138109 0.016368655487165068 0.03655131521251002
1 0.9247874963342665 0.8369822067636914 0.009453358907020065 0.008631100082047465
1 0.26232613645659303 0.2435297871015664 0.015500629280126972 0.014344698572909268
1 0.5539895135785325 0.7677542054613709 0.009227383524006191 0.012607047729495922
1 0.9643970361095238 0.7516039295363351 0.009585203357975799 0.01140895773102535
1 0.6986825239560318 0.6704749242851803 0.012008067655156133 0.018310948066181665
1 0.4565269992565401 0.23638802714360965 0.011963018256172532 0.011150666220018075
1 0.6515662606253193 0.4966615534873785 0.011844540993730938 0.012017256218488773
1 0.1200562102350559 0.7814070910495513 0.0073884500847502125 0.02511125672096844
1 0.6460812134876551 0.32082781701731006 0.011652119966099876 0.010735270841374175
1 0.7356261382428989 0.48944064550426375 0.008735881541446305 0.021604196554494772
1 0.6955890659101029 0.8561990177300058 0.004605834682541837 0.022144647392810506
1 0.07364044810219045 0.6948018846627196 0.010677188550656587 0.01917675873938299
1 0.028347802527824414 0.2440054338662773 0.016572961422589825 0.00950950453930865
1 0.8668008985997717 0.14723441512706423 0.007249490190333239 0.009342004371815467
1 0.6028259923588336 0.6788529280246481 0.015899677708457013 0.017576030166983454
1 0.35100505131966414 0.3139263965972176 0.01213389736067175 0.02158320680556466
1 0.5044783615505342 0.6784888123523813 0.004875089339555198 0.02024621176360642
1 0.8828126068935206 0.9296002130659267 0.011868243401679584 0.020503038064652403
1 0.16657188916198631 0.4195940223111878 0.013329221676027377 0.01833295537762447
1 0.7939493946449653 0.8474240326460043 0.006869145656871681 0.0188186523508522
1 0.6918587539651195 0.14180170243799714 0.005029220664121354 0.015838041682748417
1 0.7441549605344419 0.8467843075199596 0.012789950683522247 0.014757739409695759
1 0.6496528743959199 0.41036522630274513 0.004994124901873018 0.02197157697526681
1 0.26934560190618156 0.6769666183187808 0.012381550307757814 0.013580848570360581
1 0.2103284348230438 0.3259813269752668 0.00617223588457478 0.01936226588333245
1 0.02567190642687888 0.7766179467638613 0.015858169220698742 0.016726505460521294
1 0.4074196863202768 0.31956779836184357 0.00486173887904083 0.018110183782530664
1 0.736403955350849 0.404282947689322 0.004753613564033289 0.020056994874464888
1 0.5992517818450183 0.22463079205960812 0.010672266552372214 0.011847220925970391
1 0.4585144992565401 0.9496795613431742 0.007017364751567378 0.02403822218216951
1 0.8801532083246886 0.40171111310949925 0.01233377301631798 0.015490912773663205
1 0.8357783309755553 0.5798849702098763 0.0071443380488892495 0.018493059580247606
1 0.7867098623146205 0.7534347265958583 0.005575090867728091 0.0193990651245155
1 0.3090575829065491 0.4134127076472786 0.0115805221800393 0.018304052101311506
1 0.07553715470245226 0.4156870969330537 0.00791869059509548 0.02217080613389267
1 0.5018179380550167 0.8626696259233365 0.009945123889966715 0.022838748153326607
1 0.9718712646007521 0.5716074677308554 0.00968187569689901 0.012141084705442591
1 0.2657085103259334 0.5938204715540698 0.011405178679110433 0.01286542042009239
1 0.12105453451947196 0.414836304664079 0.008546425405884843 0.021282708823979146
1 0.8330920365535976 0.48724324999999996 0.009148102721834018 0.0221150870588435
1 0.9219689467287158 0.4922233407983114 0.00514125969591866 0.017495268655466512
1 0.21854979390569132 0.5016380510083576 0.007201280802172353 0.023911201512536513
1 0.5485534590372088 0.13674678949684066 0.011363611065207451 0.01332519092648018
1 0.7868476915348095 0.5839356033190357 0.00651274930810617 0.02778028125993724
1 0.9635778164263694 0.6588944516381564 0.009282335715074547 0.017683002772134016
1 0.2654332924290847 0.5112662326049806 0.011227624344353917 0.0138791020167152
1 0.02675551772959294 0.8685304965955185 0.005683055202278176 0.021756067812902846
1 0.49425832922018914 0.1457220618917751 0.010755351431167934 0.011395735716348988
1 0.26602345333734945 0.9523732678137524 0.013201926417791148 0.024962147560303596
1 0.45205904861427076 0.3177570607988212 0.004397809962423634 0.019304221093463646
1 0.4560043531555945 0.6778586780246482 0.005728409173524964 0.022962943108140066
1 0.5504247016335492 0.6860505785288272 0.009562432881736823 0.021629256553475282
1 0.4647483583391876 0.6027357513441937 0.01105075616455986 0.023193139495141412
1 0.3664834651914553 0.9571101148305527 0.004713959997549152 0.020828816719949014
1 0.7448126362500259 0.5838465971005469 0.008077311986236272 0.02844378125993719
1 0.07095372158320869 0.5087927450419583 0.004645462909509669 0.01834058957973763
1 0.07182968925286375 0.8632570537804917 0.010695621494272481 0.032266892439016634
1 0.9201700432241108 0.5753047649997451 0.00485645268670811 0.0188256294953114
1 0.8828567752054448 0.6753525747893591 0.01153724340167978 0.024576736637561703
1 0.9702434353805629 0.9193589244945468 0.01075356375191572 0.011370873863048737
1 0.17037836473094092 0.5054559701680029 0.009390749204974142 0.028898039831827114
1 0.5548106646152512 0.9538620961750862 0.012438348973594655 0.027810341593904147
1 0.019505062151550585 0.5108100174368926 0.0065948172938908745 0.030327134369606518
1 0.40233187931106656 0.858042620965295 0.00872810511752799 0.025254266804545147
1 0.9196291249121863 0.39693155962212073 0.006423616062859711 0.016311243614017926
1 0.16092769123542353 0.6023949105458821 0.004753748709334214 0.020476408150607767
1 0.20847876404323296 0.8609785712173844 0.011084894324952984 0.025208217056634452
1 0.6562752142414282 0.8700628949137896 0.008735881541446305 0.02645907218471826
1 0.023385719879538438 0.06818295251957641 0.006361439759076865 0.02105690503915283
1 0.02128582469755048 0.684970761511517 0.010555856862580943 0.027672791092274267
1 0.9637334178575373 0.32323247995846655 0.0038752019535616745 0.019034109160664753
1 0.3108745086221331 0.8678025152509848 0.005762700363509743 0.019813617560813606
1 0.6393178593407808 0.14376692756404186 0.006251084920048512 0.01676246706088256
1 0.8727108566457007 0.48863423134453343 0.007562742906039649 0.022246049747910578
1 0.59616062340464 0.14446229323630863 0.015155939800069688 0.01585722327937138
1 0.12265845008475022 0.9564796811317686 0.01650110957828745 0.029371997562852338
1 0.12055345998723592 0.2376653231520523 0.015931080025528146 0.013736353695895489
1 0.9638712470777263 0.39805652231118777 0.004327533641637464 0.022800094370286128
1 0.6053159052496582 0.8615668625608982 0.00558125765147955 0.024517121932629077
1 0.5118557231010681 0.9438081608389953 0.006621475816774654 0.019759933610789447
1 0.8828966192329533 0.7525949641588806 0.00757494132824245 0.02204956512451537
1 0.16619089681346588 0.24107907441249932 0.007331159865418967 0.013420273194775201
1 0.5007302773945719 0.3209028891601551 0.013341911156084803 0.020294877816131263
1 0.7838717658192256 0.23067036420245313 0.015133897876938258 0.010934290589794563
1 0.5525218600739276 0.41873004596656926 0.007552086386341813 0.03242924117687044
1 0.8336494523976358 0.3201746578156215 0.0075479442814556175 0.016410977311952478
1 0.8783119111870245 0.5744647525627674 0.003883198484081885 0.022933092184378442
1 0.8848724459852558 0.8435921794107151 0.00532193145669637 0.022112970754229376
1 0.5032193516789879 0.4130812076472787 0.010305069596462943 0.01702510184922214
1 0.06808465470245226 0.5974707102937927 0.004802339019542937 0.022071520083406647
1 0.21581653131843867 0.9579280414272606 0.006259937363122609 0.024500917145478723
1 0.023574997738680686 0.4266933257985663 0.005185004522638625 0.021365348402867423
1 0.7793101542686914 0.1335450705892848 0.007513348023567576 0.01633021580043544
1 0.16505779266659146 0.8616003037804916 0.006418414666817072 0.02895339243901672
1 0.9242628255544556 0.9311224070995274 0.012444007475851995 0.028139376383943062
1 0.6452973817995794 0.22726810798396435 0.013219783342251212 0.014340390085615702
1 0.12257168062041748 0.15373644995897628 0.011336054231624659 0.012359024287729059
1 0.6922603183779895 0.22917744256378697 0.010535339618315076 0.01634757168223866
1 0.8728481858658897 0.2377332087402326 0.008986728098720389 0.018170054287219232
1 0.8329823781132196 0.4003954539078107 0.006940785841077382 0.027346494874465017
1 0.9557103038391167 0.14670312781613126 0.004633637292871823 0.018657867565061367
1 0.9602226727933103 0.22795028958058727 0.009440711825107858 0.02511321596792862
1 0.02541427019747948 0.3334212212609568 0.007394896761899957 0.02196002958075716
1 0.8301783013609169 0.23171641147134284 0.01109295908877494 0.018551947312462274
1 0.45082288523811953 0.14189045865648597 0.006870136714726174 0.015660529245770778
1 0.021947943445176907 0.15727925966484366 0.01287157000959738 0.015954131262486113
1 0.7020587394056205 0.9405596421835288 0.014719508425879026 0.029169896299856547
1 0.5552665839184555 0.2322536089931716 0.006673242844160414 0.023788890588095368
1 0.8779575646916294 0.3160118045803324 0.009687822374048723 0.02279473353044126
1 0.829284561232463 0.13993507432875274 0.00948315207956465 0.01957129790123727
1 0.4070115229441255 0.23406493386627733 0.005678065631343449 0.030846967228375762
1 0.7327048637912271 0.05990138147185263 0.015063757197092626 0.014087424624414646
1 0.7953561323055326 0.404469800924611 0.008180947730308967 0.02356718890806552
1 0.9158757164718081 0.14598423726990925 0.011746462558254525 0.023494061598661947
1 0.7791819736173345 0.05912710037940852 0.012380313473156036 0.0238892753806829
1 0.86852111404936 0.061003319286964404 0.013515594337207797 0.022078787817660546
1 0.06818821393172911 0.24176244504280783 0.010692572136541775 0.021445109914384253
1 0.3654431579241119 0.24341982294268572 0.009463871669900113 0.02524535327716241
1 0.21366530599730404 0.24024025100920726 0.009237388005391969 0.027139497981585468
1 0.9142537362149004 0.06555356306847558 0.010137155549044347 0.01589122563277233
1 0.35840908389782905 0.06448424092563057 0.012612167795658033 0.009776581347082303
1 0.21347521860936905 0.14401624441385869 0.007158569596462928 0.026459072184718317
1 0.07073770406018295 0.15490505815230712 0.012879591879634058 0.021534883695385712
1 0.35982292052167786 0.1455877559253757 0.005901880529539917 0.020888611346572546
1 0.8284964052599715 0.06003209416091969 0.007176850006127314 0.022079287817660553
1 0.6444621261702103 0.020816146119526677 0.00654458110219813 0.024907246041467598
1 0.3091674913469274 0.14384199970688688 0.013059348932341865 0.02486561134657257
1 0.594002549120224 0.06004193495923116 0.016802791231237603 0.027399969414283507
1 0.26426896814466866 0.06702945735416559 0.012342956032429577 0.028960526641130004
1 0.4046044363202769 0.14491107184973187 0.010734902255192134 0.02952429294319551
1 0.1680974340795839 0.06275816630376468 0.018077887902260056 0.023909456977305853
1 0.9571764326648564 0.06524149466509853 0.012863894944351384 0.02865255151508527
1 0.07398523910623442 0.06456940386678706 0.017752834579409824 0.023199907229395272
1 0.26158323293136154 0.14887112004408223 0.011647842055261728 0.029857485125874786
1 0.6875525039651197 0.055098553110518804 0.014127047416423615 0.01835271815383641
1 0.1198935098406066 0.0605734722701641 0.017905712672002895 0.020025556473127024
1 0.45035203133906515 0.057936156345807927 0.014606419045071102 0.016075924624414647
1 0.4963978812936263 0.048275109076918205 0.015697455578042446 0.024231805212679938
1 0.21526978896991825 0.060242222270164104 0.015217270930626203 0.022144519162194076
1 0.3101726645946248 0.05779175958109704 0.009835685556190531 0.021705081347082322
1 0.40864797605428144 0.0634209163037647 0.016236971851655103 0.023069444540328197
1 0.16675948590520118 0.14834019621950834 0.006679308434250985 0.006159467060882549
1 0.3070294639523555 0.24261420252174376 0.002532937776257198 0.012291967228375746
1 0.26223450022719363 0.32949511428619976 0.007676010325933308 0.009907253446354802
1 0.30368269420926325 0.3191614762189986 0.014565071537769942 0.01115502705986298
1 0.2619425942547019 0.41428917903385537 0.005347861757101288 0.005870382941666251
1 0.21276801651111948 0.41200204470612223 0.002991716141482512 0.008988188908065565
1 0.07561584275746891 0.3284291354206871 0.0143853144850622 0.009807729158625834
1 0.12388018308830402 0.3359738742441565 0.009447039424305427 0.015398260925290683
1 0.3544312842922784 0.41340311684896724 0.009647915079951466 0.016866771008867354
1 0.40557686450374736 0.4147281168489672 0.006606075502889562 0.01373128344584502
1 0.40827915670563847 0.5059683258823129 0.013819986658974274 0.013308701512536523
1 0.11659186568096808 0.4957519838235543 0.012618495559866869 0.02403163436960648
1 0.021268945913063438 0.5985669005879255 0.013986901697673028 0.013082313612828463
1 0.11737346517082899 0.6010790013441937 0.012268613460901502 0.0303905399993203
1 0.21053150417168676 0.590585128192991 0.012803335095676164 0.012053793696914825
1 0.3151952314753812 0.5891946468484575 0.005371809446157327 0.011921831007847787
1 0.4087429116414115 0.5847463433610789 0.010708506402066546 0.008195761344023772
1 0.40928890423775194 0.6854799280246483 0.011315164842444821 0.009662393360229416
1 0.314754073035003 0.6861424280246482 0.004070155941552157 0.006395443108140098
1 0.21348305871301054 0.6846730312599374 0.014180127297567239 0.012247162015695645
1 0.16503647109788194 0.6932381382346945 0.012794635186553605 0.020847788906366394
1 0.11921171270294242 0.6849579815120267 0.009320108525128453 0.021872500334986597
1 0.06824838002358691 0.7786851121840387 0.013453433294871232 0.010650224368077265
1 0.12142842815253094 0.8644923585283174 0.015563866176608024 0.01235479167850032
1 0.21649197949282142 0.781620812436128 0.006463642104886428 0.011090162183188998
1 0.2585300843831558 0.8614216023098284 0.014599515261706409 0.020923741930589792
1 0.3522077198794084 0.8629471396207615 0.0085137862542118 0.013017791678500368
1 0.4132062879992648 0.7783308373100835 0.014400249246226961 0.01475718705714425
1 0.027481733179181445 0.9599052615952635 0.014665149477606467 0.01475303562750489
1 0.07485308313374274 0.9558772143263738 0.013833176139031605 0.010671941089725447
1 0.16756996369422233 0.9535245986541072 0.010882273883839501 0.012464247056124722
1 0.31111564731941904 0.9502902640742844 0.013288314381930328 0.013107065459501768
1 0.41309637955888656 0.9541221173095736 0.011222778860865333 0.007870796804035253
1 0.5493601372206793 0.3225925048324218 0.007080957560602129 0.02079954697577656
1 0.598484197689056 0.3241835234878883 0.013420751745053111 0.012762634034620097
1 0.690450491377867 0.3260674289501089 0.009626017244266037 0.0118811420997823
1 0.7370712796352649 0.3188757759669092 0.00778690576592466 0.005415089244751242
1 0.7912618252963225 0.321028354328243 0.009089660464190923 0.007906758404396535
1 0.6985121996716158 0.407507941470833 0.009922082462475333 0.01603444512655453
1 0.6021424205423042 0.407101369327988 0.015810841084608316 0.010050763529931566
1 0.5068001611560847 0.5825153495795677 0.011636668807564423 0.010230311091934252
1 0.5563174121473646 0.4905471592016885 0.010638170790124177 0.011623368151287585
1 0.599146697689056 0.49457495647057814 0.012338415121204288 0.013763012436977598
1 0.5523119417620032 0.5829775622686347 0.009185239890947012 0.020957587226336647
1 0.5992578808082996 0.584821415503924 0.007990771488145365 0.01872634344482545
1 0.6483672184234281 0.5888302811761906 0.006109456589948715 0.01022312453726962
1 0.6985593075357899 0.4904116206303084 0.011526510367186155 0.01917675873938299
1 0.7872792014063558 0.4961532910504009 0.004921739436559849 0.01837414428568994
1 0.6955377986348973 0.583145233907301 0.012230933893643159 0.009456029999490152
1 0.7884252534797929 0.6727286929406467 0.010637526702678141 0.013317923192226468
1 0.4541709299078971 0.4122452884876334 0.01327786968734042 0.011414626723177236
1 0.4563404274400107 0.769410705461371 0.009666864751567274 0.012692460670652661
1 0.5974379054871649 0.7668158460075931 0.004836147598178686 0.013998279074029603
1 0.6977706515632983 0.7649548375194498 0.003397287266117974 0.016749320924271133
1 0.7470453492317278 0.7610653173941698 0.015745054830396583 0.011905684536250096
1 0.83253487070956 0.7599499455034143 0.011475751290665965 0.011223502939627159
1 0.8246265349745694 0.8224783094895367 0.009879733325290492 0.009306156290006062
1 0.7949756397091923 0.9345044817213932 0.007728616042233177 0.00923803806465242
1 0.7409937376811938 0.9391861881919714 0.012075158481631045 0.00764242613185356
1 0.45684682600884274 0.8619632304190729 0.013022008384626294 0.018384023023034147
1 0.5577967388996672 0.8636430052930282 0.010106151047031844 0.011140572770944561
1 0.6096307152120818 0.9499491732759731 0.011996767048012186 0.008934371425901292
1 0.6508448694601467 0.9543876359650401 0.005764758663385892 0.005397809241013209
1 0.9651383808392392 0.8339251346208463 0.012955781421570802 0.009404881174491436
1 0.9621710787658019 0.48854906840337703 0.010154504026998988 0.008337236302575227
1 0.9174266323158459 0.3228812983618436 0.010585937879389272 0.01391062159764246
1 0.9134884267378034 0.22827579205960813 0.006086516851758281 0.00795563386712688
1 0.7381817870389246 0.14722457432875274 0.003139257197092661 0.005963273027281945
1 0.9226977615516867 0.6695826263420697 0.004654283554581871 0.01378420563311216
1 0.032660405773546355 0.07228891771635311 0.007145405810999904 0.023934897692352946
1 0.8367082824884776 0.8430211789978838 0.013175538811812586 0.010839547596699882
1 0.6412734920772313 0.059800157739768045 0.009677093287047168 0.012667303297597032
