0 0.42591777828944505 0.058495178882050566 0.03912860293650604 0.0750247580584352
0 0.7704442200908632 0.9392177071063995 0.039752650176678374 0.07791028661170014
0 0.819251299091368 0.938416392618767 0.039627134275618356 0.07767251511582253
0 0.02957786471479051 0.058125981546917935 0.03896390711761736 0.07330928543384374
0 0.47487881638061585 0.057095512956419306 0.04090364941948502 0.07905102355712602
0 0.37576756537102474 0.45068580182567725 0.04040438869257952 0.08116646034550445
0 0.22842921365471983 0.9401748820180604 0.03977109767794045 0.07798423596387928
0 0.029262367491166074 0.25198149784059676 0.03959490156486623 0.07883048684727129
0 0.5247204004290761 0.5490720819591676 0.0382721991418475 0.07794883608166467
0 0.868459148409894 0.9378944483706321 0.040489725391216674 0.07833110325873566
0 0.47442895002523977 0.4504380153121319 0.04022589601211511 0.08067088731841388
0 0.32567200908632005 0.4498245484884177 0.039910398788490654 0.08005742049469959
0 0.5737430623422514 0.2542958108559089 0.039459875315497224 0.07855137828818222
0 0.4751922565623423 0.5499536654888104 0.039544028520949126 0.07725813584609358
0 0.17767775252397777 0.449625129956812 0.03933152170620899 0.08168319120533955
0 0.5241992802877334 0.4509288859442481 0.039438439424533046 0.0798122281115037
0 0.8687216052498739 0.7435217903415783 0.039437152953054014 0.07913722025912841
0 0.42501471895507315 0.25346984403219475 0.040463562089853564 0.07935331193561053
0 0.3756783190307925 0.7456689242245779 0.039594901564866246 0.07913722025912841
0 0.819977284199899 0.742601590106007 0.040068147400302935 0.08036415390655666
0 0.22763124684502772 0.7453621908127207 0.04038364462392729 0.07975068708284253
0 0.47462138086824834 0.7461875735178641 0.03997976325088339 0.08140145249312929
0 0.07927611193841494 0.2527951935610522 0.03866327889954569 0.07861747781703965
0 0.4253691317516406 0.84336351590106 0.04022589601211506 0.07760355319984293
0 0.622806477031802 0.7451044070475069 0.039467068147400294 0.07862165272870048
0 0.8201604989904089 0.3539653232234001 0.040750074204947036 0.0791271521397723
0 0.47475925239777883 0.35184618992932865 0.039624511862695604 0.08041008696505697
0 0.5249085058051489 0.1541335394581861 0.04054139323573957 0.08128435414212799
0 0.7207534073700151 0.8425966823714174 0.038175164058556275 0.07791028661170005
0 0.7704913481827359 0.7437765231645073 0.03921591191317526 0.07903321908127214
0 0.42552688036345276 0.5502797408716137 0.04022589601211506 0.08097762073027089
0 0.07879543160020192 0.9392177071063995 0.03896390711761736 0.07913722025912841
0 0.42521138313982837 0.3515164899882214 0.04022589601211511 0.07791028661170005
0 0.7697343513377082 0.35412372398900666 0.039910398788490654 0.07883048684727129
0 0.4251694675668854 0.45034928582646255 0.04014206486622918 0.08049342834707504
0 0.475296567390207 0.6464406654888103 0.039121655729429605 0.07760355319984293
0 0.1784810642352347 0.7451264070475069 0.03957192150429074 0.07743871908127205
0 0.32624972299343763 0.9407187925009816 0.0390704681978798 0.07674851629367888
0 0.5737703248359414 0.7458931072830782 0.03951440030287736 0.07835865272870052
0 0.9178325533821302 0.2533753440321947 0.04080140156486617 0.08100471240675301
0 0.07877218702675416 0.44821032960345497 0.039010396264512866 0.07960505732233998
0 0.6721171292276629 0.6455919942088731 0.03933774154467449 0.07958701158225365
0 0.5739643220595659 0.9399182487239888 0.03990239475012629 0.0762440357283077
0 0.4746330065623422 0.8430810692972123 0.03937202019182234 0.0794925272870043
0 0.6719302120141343 0.8422899489595601 0.038648409893992916 0.07852375343541428
0 0.028631373043917212 0.5467523066352571 0.039279404341241796 0.07883048684727129
0 0.673040272968198 0.059807535531998426 0.039922040131246915 0.07851279387514723
0 0.525256296945987 0.7462218738712211 0.040605981070166615 0.07901618590498631
0 0.17765568715295302 0.84273410188457 0.039814150681473974 0.07941205928543393
0 0.5248332872286724 0.8433950527090694 0.03975996163553757 0.08012049411071853
0 0.6225548965169106 0.35259005692972123 0.03927940434124184 0.07821702002355711
0 0.12848624432104996 0.4485976148409893 0.03864840989399293 0.08005742049469959
0 0.17754606259464914 0.9393710738123282 0.03959490156486622 0.07699008637612871
0 0.5738105754669358 0.6461339320769532 0.03896390711761737 0.07760355319984293
0 0.9177978158758201 0.7423631730467216 0.04010093210499731 0.07988731978798588
0 0.12856511862695608 0.9399845406360422 0.03912165572942958 0.07760355319984293
0 0.22757608657243816 0.45025301923831956 0.03995782685512366 0.0790739615233609
0 0.47514212392730937 0.2532114773262662 0.040705752145381115 0.07945004534746762
0 0.37577682508833926 0.8433568192972123 0.03979191367995963 0.07881709363957601
0 0.0294989904088844 0.4479841480172752 0.03912165572942958 0.08005742049469965
0 0.4257861057546693 0.6478322442088732 0.040428849570923776 0.08038671063996863
0 0.8684849823321554 0.8413697487239888 0.03959490156486619 0.08036415390655675
0 0.07832218576476527 0.7436751570475069 0.039279404341241796 0.07821702002355706
0 0.32621584035840484 0.05898424577934825 0.03945373069156989 0.0740466242638398
0 0.9669201161029783 0.5446051727522576 0.038648409893992916 0.07883048684727129
0 0.32654192011610295 0.7453735237534354 0.039441740282685496 0.07915988614055752
0 0.573889449772842 0.3509030231645072 0.038490661282180635 0.08097762073027089
0 0.6227083485613326 0.6455328775029446 0.04021730287733466 0.08008224499411071
0 0.771075214538112 0.2544353651354535 0.04006814740030283 0.07944395367098546
0 0.32614525492175667 0.5496662740478995 0.03896390711761737 0.07791028661170005
0 0.7705765773599192 0.05952416882606987 0.039070873043917126 0.07487872634471925
0 0.27763755678950025 0.8427500490773457 0.03975265017667847 0.08067088731841378
0 0.6716147147905098 0.44997791519434627 0.039910398788490654 0.07852375343541422
0 0.22775958518425035 0.058654286120926574 0.03937833240787479 0.07375242775814685
0 0.5742116824835942 0.5496764320769533 0.038188635032811745 0.07731713584609344
0 0.6224749742554266 0.5490739486650961 0.04006605148914691 0.07733910266980754
0 0.3264896534578496 0.8428560527090694 0.039337206966178685 0.07842902728700442
0 0.277479808177688 0.3513631232822929 0.03880615850580514 0.07821702002355711
0 0.7205956587582029 0.7438285237534353 0.039121655729429654 0.07852375343541418
0 0.8193462897526501 0.8407562819002747 0.04006814740030283 0.07975068708284262
0 0.22758659906612821 0.843285902826855 0.03966335461887933 0.08051566117000399
0 0.9676287083543663 0.8395277517667844 0.039750097173145045 0.08097442775814685
0 0.42552688036345276 0.7458222909305064 0.04022589601211506 0.08005742049469965
0 0.5731988206713781 0.4509740192383196 0.039317883644623915 0.08174289517078916
0 0.5246192816759213 0.25322549391440907 0.040909436648157535 0.08070501217118181
0 0.9175984318525999 0.5471901317235963 0.0403331585058052 0.07786573655280717
0 0.3258297576981322 0.6472074990184531 0.039594901564866246 0.07791028661170005
0 0.47524424823321554 0.941259482135846 0.03996350908632011 0.07708610208087939
0 0.8188801191317517 0.4509580020612485 0.04102878950025247 0.07925699352179036
0 0.5244789032054518 0.6464873277385159 0.0390511935890964 0.07831034452296827
0 0.8689805171630489 0.35313265616411466 0.039639479555779844 0.07684835119748726
0 0.5252345372286724 0.05827396917942677 0.03961596996466434 0.0778995284648606
0 0.2768587498738011 0.45043813535531996 0.03914152801615346 0.08067112740478993
0 0.9171504290762241 0.05873944837063211 0.039437152953054014 0.07453621908127209
0 0.128490956587582 0.7442589674126423 0.040531968702675454 0.07827633294071458
0 0.6720756375567895 0.744474323517864 0.03988575265017675 0.07920188614055737
0 0.8696173859162039 0.2539413434432666 0.03870473649671869 0.08029631075775426
0 0.7698920999495205 0.4502846486062033 0.03927940434124173 0.07975068708284253
0 0.9670229583543665 0.3509439731056144 0.04011608329126699 0.0779921864939145
0 0.6720387576981323 0.35285225687082844 0.03981199293286234 0.07751448625834317
0 0.028712532054517917 0.645381221633294 0.04006357799091368 0.0797224409108756
0 0.9673144876325088 0.44737068119356105 0.041014639071176105 0.08005742049469969
0 0.622598035461888 0.25402048851590103 0.03950862367491165 0.08027370691009028
0 0.8684849823321554 0.4502846486062033 0.03959490156486619 0.07913722025912835
0 0.1283782724634023 0.8418705355319984 0.040009952296819785 0.08075226069886149
0 0.22882246365471984 0.6466668271495877 0.04055759767794045 0.07928281016882602
0 0.12809187279151943 0.252901698076168 0.039437152953054014 0.07883048684727129
0 0.32598750630994444 0.254588731841382 0.04022589601211511 0.07852375343541422
0 0.6228626013377082 0.9395437653121317 0.03957931675921254 0.07672200255202198
0 0.37591494194851083 0.940751374165685 0.038490661282180684 0.07545641931684344
0 0.1781461885411408 0.6463583603258736 0.0404796562342251 0.079279343345112
0 0.37591494194851083 0.3522833235178641 0.039437152953054014 0.07821702002355711
0 0.07863768298838969 0.6462872987828818 0.04054139323573952 0.08036415390655675
0 0.5244352599697123 0.35166985669414996 0.03927940434124173 0.08005742049469965
0 0.5245930085815245 0.9409047408716135 0.03927940434124184 0.07576315272870045
0 0.7703020731953558 0.6462957939733018 0.039783853609288294 0.07976767746368275
0 0.02973561332660273 0.9390643404004712 0.039279404341241796 0.07821702002355715
0 0.42525303571428574 0.9414895590891245 0.040142590863200364 0.07704738358853547
0 0.8686282643866734 0.0583560692972124 0.03925047122665321 0.07560986140557517
0 0.7219305522463403 0.06005670200235569 0.04052945381120645 0.07717072634471922
0 0.22768046087834423 0.3512794731056144 0.039535581019686995 0.07866318649391443
0 0.32645052637556793 0.15654916519434628 0.039889947248864285 0.0756866696113074
0 0.37654593639575973 0.549819640753828 0.03880615850580514 0.07699008637612881
0 0.12824962140333165 0.3510563898704358 0.040383644623927316 0.08005742049469965
0 0.475289251009591 0.15452078131134667 0.04005351463907105 0.0777645700824499
0 0.17857142857142858 0.5487460738123282 0.03849066128218071 0.07545641931684334
0 0.27750114083796057 0.940270248723989 0.03947981827359922 0.07633456890459378
0 0.2780112582029278 0.7445891398704357 0.03955356133266033 0.07881805202198668
0 0.8691913997980817 0.6447398775029446 0.040061244825845575 0.07849624499411068
0 0.770456585689046 0.8424926860031409 0.03977738137304385 0.0795426943462897
0 0.622081650681474 0.45166494895956016 0.03896390711761737 0.07637661955241458
0 0.7699691988894498 0.5483255819591676 0.03943360222110042 0.0764558360816647
0 0.17790843437657747 0.05846178612092658 0.039057656234225135 0.07275396093443266
0 0.9176438033821305 0.8405506024734981 0.03979290711761771 0.07933932822928942
0 0.7213055275113579 0.2542819984295249 0.039594901564866294 0.08097762073027091
0 0.12824962140333163 0.058892815076560655 0.039437152953054 0.07422948566941501
0 0.7213844018172639 0.9389109736945426 0.03912165572942956 0.07791028661169995
0 0.9672593284957092 0.2525599939144091 0.03838034300858157 0.0793740121711818
0 0.22679571504290763 0.2526958606203376 0.0399745699141848 0.07903227875932464
0 0.12864776968702676 0.1541521314291323 0.0389714606259465 0.07764073714173536
0 0.7212019126703685 0.5478002484295249 0.03907217465926302 0.07847250314095018
0 0.2772170012619889 0.6467529106792304 0.04048902523977788 0.0794549772281115
0 0.0288987152953054 0.743268590106007 0.0401295860676426 0.07801735296427173
0 0.5744673262241292 0.8428962695327836 0.04122390030287732 0.07973639458186119
0 0.3762304391721353 0.6461339320769532 0.03975265017667847 0.08005742049469965
0 0.17772555451792024 0.2519608606203376 0.03932289096415949 0.07756227875932468
0 0.7214227939172135 0.35290585639968586 0.0395139371529531 0.08068901943462903
0 0.0786376829883897 0.548439340400471 0.039279404341241796 0.08097762073027089
0 0.9176332082281675 0.44859955182567723 0.0404027112569409 0.08006129446407545
0 0.32651777915194347 0.35174042334118566 0.04065544724886426 0.07835815331762856
0 0.9679815909893993 0.7403205895170789 0.04014036521958632 0.07825602002355718
0 0.12871702523977788 0.6471782939733018 0.03974096617869762 0.08030574381625448
0 0.376216057041898 0.2533107273262662 0.039723885916203926 0.07964854534746764
0 0.2771016186269561 0.2531668606203376 0.03994276274608782 0.08058774558303887
0 0.9674295840484604 0.05847670259128386 0.040613837455830394 0.07646459481743229
0 0.07878518425037859 0.35023275029446405 0.03961539626451288 0.07863736552807227
0 0.8203716557294295 0.25566229878288177 0.04022589601211511 0.07821702002355714
0 0.6729920689045936 0.15443272555948176 0.04062616002019175 0.07945904829210833
0 0.9176191790762239 0.937121181782489 0.04005915572942941 0.07617110325873572
0 0.8190817337203433 0.5473233817235964 0.03985453255931343 0.07813223655280715
0 0.02902715358404846 0.34840346652925 0.03943433493185259 0.07800166529250098
0 0.27755868248359417 0.058125981546917935 0.038648409893992965 0.0739227522575579
0 0.6228907284199898 0.8432139194149979 0.039951068147400244 0.0779178270514331
0 0.22771012115093386 0.5479792402826854 0.0389639071176174 0.07760355319984293
0 0.7210785411408379 0.45129706900274824 0.039771923271075184 0.0780947269336474
0 0.9670652166834931 0.15489961484098938 0.03988510272589606 0.07790877031802121
0 0.6718513377082281 0.254588731841382 0.03912165572942956 0.07975068708284253
0 0.6720561431095406 0.9397253654299175 0.039215769308430126 0.07708520278759323
0 0.3762104369005553 0.0591968027090695 0.04065913730439173 0.07606439458186101
0 0.8198984098939929 0.15520710639968588 0.03959490156486619 0.07668335296427169
0 0.868958228167592 0.5475191401648998 0.03927940434124184 0.07729681978798592
0 0.12848624432104996 0.5470590400471143 0.03959490156486622 0.07699008637612871
0 0.7211477788995456 0.6462872987828818 0.03896390711761737 0.07852375343541428
0 0.9181757950530035 0.6441401648998821 0.04085689045936403 0.07791028661170005
0 0.721384401817264 0.15582057322340007 0.04038364462392729 0.07668335296427169
0 0.8195040383644624 0.05843271495877502 0.039121655729429654 0.07453621908127207
0 0.9671410826602725 0.9354426148409892 0.04003683467945507 0.07649477031802121
0 0.8195443635790005 0.6456856109148017 0.03983330060575462 0.0779338445229682
0 0.9176144332407874 0.3517736733411857 0.03910317238768286 0.07903812014134276
0 0.4255059745078243 0.155760214958775 0.04049958152448256 0.07778957008244997
0 0.3756783190307925 0.15643404004711425 0.04054139323573952 0.07729681978798587
0 0.0789018647147905 0.1542836314291323 0.03949227057041898 0.07790373714173536
0 0.9675509583543663 0.6419463935021593 0.03927909994952025 0.08027087887711026
0 0.27700656234225135 0.5485927071063996 0.03912165572942956 0.07699008637612881
0 0.574239708859162 0.15391621436984687 0.03950667667844527 0.08207663761287788
0 0.028789121655729423 0.8412163820180604 0.038963907117617366 0.08005742049469965
0 0.17770381120646137 0.15474700628190025 0.03896390711761737 0.0763766195524146
0 0.07905573902069661 0.05823041941499803 0.039484521958606765 0.07351816117000393
0 0.02927046113074205 0.15401506389870434 0.03961108884401817 0.0779800689045936
0 0.7708385916203937 0.15566720651747154 0.03927940434124184 0.0763766195524146
0 0.1778319316002019 0.3506007225166863 0.039851142352347296 0.07975955261091479
0 0.5746283234477537 0.05988576953278367 0.038706419737506284 0.07621539458186101
0 0.6718322549217567 0.5488684486650961 0.039083490156486635 0.07692810266980762
0 0.6229492680464411 0.155513839811543 0.03912165572942956 0.07852375343541422
0 0.07863768298838969 0.8424433156654887 0.03833291267036851 0.07821702002355715
0 0.9173870519939425 0.15474700628190025 0.039594901564866294 0.07760355319984295
0 0.6237430368500757 0.05798842942677661 0.03942710146390707 0.07910559108755398
0 0.22751908657243816 0.15537071495877502 0.03984382685512366 0.07701057008244995
0 0.2776402401564866 0.1555946817824892 0.03881152523977792 0.07684503690616412
0 0.868865148409894 0.15516698154691794 0.04003973649671896 0.07721657008244999
1 0.5177815151393964 0.362499102472161 0.0037275497134217515 0.00630666941232352
1 0.37232259389197375 0.16553862308598347 0.0037142266532054435 0.015531509226541044
1 0.5706933450277637 0.5554349723203769 0.004183728924785462 0.01545514369846875
1 0.7690217135285209 0.06425620965842167 0.010416946491670841 0.021786952493129168
1 0.6696832820545179 0.45633879289360024 0.007806580767289261 0.009363050255202232
1 0.4740433968955073 0.5558765054966628 0.00408382710752144 0.012118210051040338
1 0.32246868753154967 0.5459070374950923 0.004986905603230695 0.006905006281900346
1 0.37559523809523804 0.2634548611111111 0.003571428571428622 0.006076388888888888
1 0.27180665686521954 0.2628699180408323 0.003774369257950535 0.011043634668237186
1 0.5211311845027763 0.46175199371809966 0.008343385663806149 0.008965584609344329
1 0.9660568459111559 0.8372622914212798 0.010087216809692125 0.00882838142913241
1 0.37331446125694095 0.9485958055555557 0.007724939172135237 0.007622876521397654
1 0.6710512737253912 0.6564753851590105 0.00696358076728915 0.011524102080879494
1 0.36977610499747604 0.5628800398508048 0.005336734982332101 0.012220878288182153
1 0.6705642820545179 0.5526427051433058 0.003836100201918161 0.012451142520612536
1 0.966254727158001 0.5478258716136631 0.00779847097425537 0.02147134275618365
1 0.9673829688288744 0.4485933083038869 0.009643451539626214 0.010130815665488778
1 0.9178235666330137 0.06769337612877895 0.0074876471479049045 0.009391418138987041
1 0.8156343865471983 0.9458152386140557 0.009001292529025814 0.007662808990969654
1 0.17100822816759212 0.3561695797016098 0.005976981322564383 0.006030491166077715
1 0.07155041961130743 0.6563317352767961 0.004551861433619386 0.010584468197879972
1 0.8186467497476022 0.5498206879662347 0.008971013377082317 0.010120108166470427
1 0.5214673074204946 0.7439603128190028 0.00893312872286722 0.009551891048292028
1 0.023939372286723874 0.9517611064978406 0.007648766784452295 0.01662894522968175
1 0.6671157903836445 0.26092450098154685 0.008209105754669313 0.011253667844522999
1 0.12527542251388185 0.6468592003337258 0.010049861686017155 0.008671666077738492
1 0.8166860080767289 0.45195169218688647 0.008160038364462403 0.010162182960345371
1 0.8691515290257446 0.8423089756576364 0.00671208581524486 0.016525550844130283
1 0.7690902218576476 0.3559688468786808 0.006493963149924298 0.011953158225363136
1 0.6188672569409389 0.2518124666274048 0.007217530540131228 0.014141065959952915
1 0.7649937315749621 0.7413112962308599 0.006799513124684507 0.01669032469572043
1 0.9155188277385158 0.5549255392618767 0.004209694346289845 0.022608678052610957
1 0.6708356549722362 0.3624095477031802 0.005186337708228247 0.017475761287789528
1 0.7170838266027258 0.9391984216725558 0.005761675416456313 0.021509909697683502
1 0.4186868856638062 0.6544744017471534 0.006581301867743505 0.014912602080879583
1 0.8190518782180717 0.6484592844522967 0.004374789752650088 0.020808168433451
1 0.5210513101968702 0.6479897340989399 0.008187637051993895 0.016839534550451556
1 0.27128252839475014 0.7522341143502159 0.010186079000504783 0.017542960934432687
1 0.9653806097930338 0.7491618809383588 0.005445241797072039 0.024300894581860945
1 0.8233161018425037 0.16225615508441305 0.010990209237758716 0.00921364193168434
1 0.7129197231196366 0.3617148142913231 0.0046249656739019785 0.017638294464075364
1 0.2341549380363452 0.9415309382606989 0.008406428823826419 0.007642874165685024
1 0.9686879660524985 0.3498003457008245 0.007664451539626376 0.010180423635649749
1 0.5656928602978294 0.16373985531998428 0.009452240030287636 0.011767442873969407
1 0.08035512380111055 0.1570464880251276 0.007134275365976769 0.01717910875539847
1 0.17346145873296312 0.6585279686886533 0.010535436900555263 0.012940136435021602
1 0.8706934628975265 0.739534255987436 0.007414184755174144 0.017177071063996883
1 0.7171346126956083 0.17214188790734197 0.008221774608783506 0.012398224185316071
1 0.6217621173649671 0.45793257665881426 0.004267284704694622 0.018444819199057605
1 0.27135102839475017 0.656950035041225 0.0103645762241292 0.009961335492736563
1 0.6183335124936901 0.6513220012760109 0.004183555527511272 0.018763535728307898
1 0.07035104808177688 0.5407964533765214 0.004742123927309435 0.007924172163329461
1 0.7694879704694598 0.5543923390263055 0.006329460373548556 0.018153877110325862
1 0.9179035680212014 0.6482918010404397 0.005750158253407481 0.018689267962308617
1 0.7187529425795053 0.6558010018649391 0.007471399040888522 0.018394070082449962
1 0.47494563579000504 0.7519878471731448 0.008589293791014642 0.008833492932862124
1 0.8675214033316506 0.4589335097173145 0.011865320545179258 0.010308284844915564
1 0.8164783052751136 0.8481908743619944 0.010354389449772888 0.013642251276010991
1 0.21731589424533065 0.4641432437180997 0.00832631347804139 0.009090819199057716
1 0.9670901014639071 0.9387241550844128 0.005812225138818405 0.02307190969768354
1 0.12438068361938416 0.5594698562033764 0.004582903331650659 0.017200845111896394
1 0.6226668618122161 0.5634888733804476 0.006243762493689989 0.015910945818610064
1 0.5704603380868248 0.6474444005692972 0.009382201161029766 0.014249400667451714
1 0.7182689398031297 0.746441763054574 0.009070399040888332 0.009496725166862853
1 0.869280657496214 0.16579375579112682 0.0051918399798081185 0.01624817746368275
1 0.36905287733467945 0.6501214664310954 0.012146643109540634 0.010735669414997989
1 0.47173889689550735 0.6525312678641538 0.010270313225643486 0.01082380113859433
1 0.8660135401312468 0.6466436008048684 0.009202096920746985 0.019531801138594516
1 0.6189932513881878 0.7471131297605026 0.010436011105502171 0.008767458578720027
1 0.5239436692327107 0.2635238345111896 0.009974852347299239 0.0072819344326659294
1 0.9177594339979809 0.3654105311150373 0.011401879101463765 0.012087261287789511
1 0.915227320797577 0.7411016623478601 0.01047165825340731 0.009134523753435313
1 0.0728507786471479 0.8516529270710639 0.009207579505300347 0.018082053199842955
1 0.46981065522463394 0.1727601396741264 0.00939433821302375 0.008450077934825304
1 0.5697567234982331 0.2641239186297605 0.004479485865724391 0.020804969964664334
1 0.7203486828621907 0.2533423167451904 0.008065885159010732 0.009854432076953282
1 0.9156725763503281 0.2552726508637613 0.006426174911660557 0.021330434432665888
1 0.2726090311711257 0.5563067892618766 0.0059555873296314845 0.019232711228896703
1 0.42018800858152444 0.8536675271888496 0.0048410449268046765 0.016506720259128273
1 0.4239674877587077 0.36208936405575187 0.008008992175668896 0.012594927169218678
1 0.17849868929833415 0.1670267392029839 0.0051934341241797 0.015009144287396943
1 0.7685513419989904 0.4667484273655281 0.009149208985360957 0.008174719670200226
1 0.41688651829883894 0.9439411053199842 0.007658058808682507 0.015091876521398045
1 0.2708991610297829 0.4639121441892422 0.007166847046945993 0.02059542108362776
1 0.5233934247854619 0.5534368722025913 0.004449899545684031 0.0200648107577541
1 0.2723837770065623 0.8502041433058499 0.008930073447753678 0.014231485669414961
1 0.6675269133013628 0.06516129259913624 0.009910837708228116 0.010774784255987423
1 0.5197918143614336 0.16523545543776993 0.007867153710247163 0.008776242638398107
1 0.4198910016405856 0.1660530057911268 0.010483014386673364 0.015729677463682788
1 0.027842629984856135 0.3493693561052218 0.007414184755174159 0.013496270121711814
1 0.4752741344018172 0.46113417677659985 0.009509782685512391 0.012041618963486458
1 0.021548249369005554 0.7466093803494307 0.01211551539626451 0.020203893404004723
1 0.42001425996971226 0.7489295639968591 0.004557547703180224 0.019857793875147262
1 0.9694233375820293 0.2582398842756184 0.008402189045936431 0.014782500785237523
1 0.5686242221100455 0.7520588471731449 0.010214958101968616 0.009918426580290468
1 0.5682439804391721 0.07131422683549273 0.006873977536597664 0.013192119552414602
1 0.8173068837708226 0.07237929377699252 0.007549281423523573 0.014742786611700056
1 0.4686914163301363 0.8499429934236354 0.006269363200403737 0.016594185904986267
1 0.7688128419989905 0.9363875875539851 0.009257203432609629 0.011794907341970725
1 0.7222538377082282 0.0698273240086376 0.007102324583543609 0.024936351982724776
1 0.6188478041393235 0.35780452493129167 0.010726905603230717 0.015029937180997283
1 0.07023741128218072 0.7484970799960737 0.010017353104492673 0.008453425402434236
1 0.8697292005300352 0.07372065871613663 0.012426598939929383 0.011251682567726733
1 0.9664565917465925 0.6507523176285827 0.012758194598687567 0.011927834314880216
1 0.22513698384654213 0.3552221300549666 0.009405487127713207 0.015286992343934021
1 0.8669741630489651 0.2656799518060463 0.008542839979808191 0.014625569493521832
1 0.4705577795305402 0.9497154897919119 0.00726909515396252 0.022560579112681525
1 0.5173725782433114 0.8500119436592068 0.0048181953558808135 0.020750553199843067
1 0.6151760694093893 0.16345922025912837 0.011901861181221765 0.010369559481743229
1 0.569883593639576 0.9462751390851984 0.008327209490156357 0.016558477228111497
1 0.9620038681221604 0.07161131036513546 0.009990244573447576 0.011984485669414987
1 0.1253576697375063 0.3527646294660385 0.011147356133266 0.010999991166077687
1 0.5715057110045432 0.36096971417353746 0.008237946996466303 0.019741961523360864
1 0.9186165652448258 0.8380007422457793 0.005901649924280556 0.023915084020416186
1 0.023295866733972742 0.6528490848056536 0.01209075012619889 0.01632283549273645
1 0.7671314992428067 0.24906753042795443 0.0053634528016153074 0.019630938358853593
1 0.17031810663806157 0.4528940760698861 0.005779738263503274 0.01993328484491558
1 0.12535542529025742 0.7547544312917156 0.007365878344270601 0.018636995288574886
1 0.1226265607016658 0.9452714554377698 0.008722143614336198 0.014885043580683148
1 0.22366149495204443 0.8534037606007067 0.0073085093387178085 0.016420786611700024
1 0.3726742140333165 0.44744489183352965 0.007427947501262011 0.0167219163722026
1 0.22481449217566885 0.7514936475265017 0.0059490065623422385 0.018410427758146792
1 0.5680072276627965 0.4573011098351001 0.00860947198384636 0.014186551433058506
1 0.2734515172892479 0.9461195057911267 0.010896056789500211 0.0187101442873969
1 0.3682668591620394 0.7481477138790734 0.007724232205956533 0.01835415999214756
1 0.5709824665572942 0.8474123601295641 0.006444960878344424 0.02410931978798588
1 0.17435595734477535 0.947129722614841 0.008430942453306426 0.01914357793482541
1 0.9167688194093891 0.9396543719081273 0.008019655477031862 0.02305187652139769
1 0.7219932217314488 0.5598300540832353 0.010682556537102527 0.014192891833529724
1 0.8674160345784957 0.3545988302905379 0.006712605249873909 0.02144132646250485
1 0.025929241039878845 0.5492254551433058 0.006193007067137806 0.021126042991754898
1 0.22191429353861683 0.6505639989202984 0.009073412922766292 0.0159150021594032
1 0.37597469321049976 0.3698094149980369 0.010607403079252821 0.011878029053788737
1 0.47186164967188293 0.3527139795838241 0.008762818778394786 0.01355515822536314
1 0.9185925666330137 0.16436255614448372 0.005318652700656352 0.02524524499411071
1 0.46910291355376077 0.26988676933647426 0.005446368753154778 0.02277553867294853
1 0.8208467428066633 0.3562396804083235 0.006779507824331026 0.02122696034550447
1 0.17439583303886924 0.7463818797605025 0.010244174406865245 0.010229958578720024
1 0.27468827006562335 0.3642507645268943 0.007791556789500272 0.015020261287789586
1 0.22476223939929327 0.1655422392029839 0.007000003785966667 0.01859161111111112
1 0.32408930489651694 0.1632882723792697 0.0058471347804139075 0.02064567746368278
1 0.07130237253912165 0.94550574204947 0.010411408379606257 0.0131895367098548
1 0.32334292364967193 0.7508343637612878 0.010810366733972693 0.012367393404004624
1 0.6652051674659262 0.8523940935414211 0.011714854366481627 0.012305452493129148
1 0.8192473796062594 0.748206563996859 0.004614781423523441 0.02130379387514717
1 0.17521607609793033 0.8489241764821358 0.011127666077738496 0.015564485669414966
1 0.07743999949520444 0.06506290930506478 0.012964523977789 0.010358084020416183
1 0.3204663048965169 0.9504134766391834 0.00899167087329629 0.011962603062426346
1 0.22103475050479557 0.5477287211425205 0.009407025996971186 0.013077108166470452
1 0.024788745204442197 0.16357123920298391 0.0065810153962645125 0.021306677463682755
1 0.8172470511105502 0.2592196656851197 0.009998897778899516 0.01294266862976058
1 0.12521579820797576 0.4536313094817432 0.009222618626956093 0.019072284844915532
1 0.32356692920242297 0.8508445769532784 0.006576388944977296 0.017858352964271518
1 0.22467448245835436 0.26223600157047505 0.010330489904088807 0.015378801727522607
1 0.669669161913175 0.7509457476442873 0.005626340484603633 0.021960094817432305
1 0.41994587178192827 0.5578702223203769 0.011635262998485578 0.01058464369846865
1 0.5193426942200909 0.9483868896741264 0.007187907874810609 0.022150445229681952
1 0.12491816557294294 0.26051863427561833 0.012972856133266042 0.010838467608951685
1 0.12862803293791017 0.8519152606007068 0.009023590863200402 0.021238187082842468
1 0.07660101615345787 0.2607204683941892 0.008017048965169086 0.024544536317236024
1 0.4713965336951034 0.06719439330585 0.005591586824835965 0.01897791931684335
1 0.021453811206461382 0.45779961719670204 0.006940938919737505 0.024231939536709803
1 0.7711336280918728 0.6544325996270122 0.009581743816254524 0.012609800745975716
1 0.22654864146895506 0.07207680800942284 0.006037717062089826 0.019006383981154285
1 0.9666834931852601 0.15566720651747154 0.010411408379606257 0.02055113859442481
1 0.7188024842251388 0.8458507073027091 0.009980031549722261 0.015096585394581967
1 0.07495964740030286 0.4555695097173144 0.007829317011610305 0.01949015213977232
1 0.17399083303886925 0.5545406387907342 0.010738677183240774 0.014789943462897427
1 0.32448379795557797 0.36010239723203763 0.00947510979303381 0.014114993521790303
1 0.07040641961130742 0.35647741382018056 0.006524364209994956 0.021364960345504513
1 0.6219272805401312 0.07355222447978013 0.00773643891973746 0.02502455104043973
1 0.6714417709490156 0.16641788908519828 0.009653055779909079 0.014999910875539842
1 0.12531304820797573 0.06485530918727914 0.009659113074204966 0.00954635060855909
1 0.1245189197375063 0.16646860590891244 0.011878364462392734 0.016738877699254008
1 0.32068044169611304 0.2645694020416176 0.007301408379606247 0.021754403612092587
1 0.37596007168096923 0.8477710100117785 0.008428165572942906 0.021551619552414556
1 0.02362449242806663 0.06372067648213585 0.011433498738011107 0.022244552021986642
1 0.2722749415699142 0.16986216990577147 0.006627116860171662 0.028696660188456992
1 0.27164902561837456 0.06767651001177856 0.00850659288238264 0.016173285433843727
1 0.3721810897274104 0.07135911071849234 0.004628229429581004 0.022917820965842148
1 0.32455542642604746 0.46468984442481354 0.006807875063099392 0.02272082155477031
1 0.1761193288743059 0.06785622683549274 0.006166188288743056 0.020108119552414597
1 0.3264132069661787 0.6541644491558696 0.008265586067642617 0.019435101688260716
1 0.3203999416961131 0.06691344307027876 0.008808900050479553 0.014632085198272476
1 0.02449736673397274 0.25729365086376127 0.009056755678950023 0.016674967608951805
1 0.42024230186774353 0.2568892324303102 0.008518425037859701 0.024231939536709855
1 0.4205621731448763 0.07133935836277973 0.010735653710247359 0.012010283274440524
1 0.6214506562342251 0.9409047408716135 0.003943715295305391 0.009508735767569831
1 0.421377964141122 0.4623186572199729 0.0030725853094273653 0.0052715924426451405
