0 0.04416899999999999 0.045062 0.027978999999999993 0.054321
0 0.08285217298073616 0.04522768622333616 0.02719663667011306 0.05567931732177994
0 0.12052417334390966 0.04619042183462533 0.027421653312180657 0.054733700401952315
0 0.15796899999999997 0.046914 0.027978999999999993 0.054321
0 0.19618100273298342 0.04743631235117412 0.028531896289355388 0.054960690313953925
0 0.040989354419043285 0.11586806503014643 0.026631918666793413 0.05591786993970714
0 0.07999068544336647 0.11786328919035313 0.026591256618147006 0.05308948392190638
0 0.11765260302632634 0.11793165963250071 0.027161650201413923 0.05645619896640824
0 0.15563971998713289 0.11933505211024979 0.02692027253386757 0.056033009761699636
0 0.19406744541169424 0.11963731875297653 0.028922000000000014 0.05678999999999999
0 0.03844710597442663 0.1887939168102211 0.026847788051146734 0.056779622308354864
0 0.07633163793197983 0.18915280282802185 0.028411724136040303 0.05749739434395637
0 0.11539373364197303 0.19117681194372665 0.027761506455480593 0.057238780361757086
0 0.15339179998062621 0.1918441979615274 0.02662817128956082 0.056779122308354864
0 0.19184155943743317 0.19322914029014177 0.028461042693682815 0.05638537879620471
1 0.04056418247062116 0.05005261460105573 0.018180361896441215 0.025445527679623124
1 0.04654896948085653 0.11293955512489234 0.01653191270113973 0.03391847803617573
1 0.07926321861269309 0.12299549813379272 0.013976724717252845 0.012371047947172016
1 0.07720144235211977 0.038277093166810224 0.0064029171863462355 0.02641021217341374
1 0.10941677493182628 0.063420366709733 0.015811837355519307 0.01954887324145853
1 0.11386569493833296 0.12986446848980765 0.013676533622599258 0.024114014498995133
1 0.1544709503373957 0.11742750502440427 0.011605974426646591 0.03319695664656905
1 0.14743155844476286 0.05179957263853001 0.007590404381392398 0.039919373241458535
1 0.18976149179125507 0.12083921846723082 0.015251442092188741 0.03051264633476208
1 0.04388783696621655 0.1902254923916164 0.0099740464275531 0.018594378409417203
1 0.07670614829510974 0.19481565690496697 0.014704355332899533 0.014079567614125753
1 0.10979351681129963 0.19063813106517372 0.015423896098199295 0.03391897186333617
1 0.14795582814019284 0.19461847947171979 0.013121630019812366 0.014832808498420877
1 0.18844835532049065 0.20424520345642377 0.007803059974048571 0.031118341301241883
0 0.03539548043250986 0.2618791271892047 0.028420929501473142 0.05580677576801609
0 0.07419502511276985 0.26244809115704854 0.028525008517140318 0.05694470370370375
0 0.11260629963701627 0.26348867850990526 0.02770991302647256 0.05725319135802471
0 0.15075231622167953 0.26423147071490094 0.02811174005176079 0.05728148865920184
0 0.1903042079079979 0.26670688388833935 0.027811719556584517 0.057537297834926907
0 0.03311932314870998 0.3351150789549239 0.028072353702580023 0.056929842090152165
0 0.07103472604599985 0.3355246009905254 0.0284186329112536 0.05739000014355442
0 0.1109103202006097 0.33760618001722653 0.026471072106913907 0.05616986792994543
0 0.14874405965653623 0.3385424805483779 0.027933423188554164 0.05624803890324431
0 0.1879183848110116 0.3405336687822837 0.027519769622023273 0.05637633756456753
0 0.031008970412989893 0.4081251794430089 0.028603700752286475 0.05580677576801609
0 0.06973540572841652 0.40940835436405404 0.02856156103828691 0.05621980950330175
0 0.10851972206706972 0.40992533232845246 0.027538555865860567 0.05689487941429793
0 0.14679455780323575 0.41189348262991676 0.028238158250659815 0.05652454780361756
0 0.18582001628735906 0.41396490456826757 0.028358288316105346 0.05531743415027298
1 0.03571648226753323 0.26198139735859893 0.01608156577937315 0.0344279603789836
1 0.028500472248013258 0.3311710975452197 0.013150316991146532 0.036731878983634954
1 0.07081350265018312 0.27139848930519667 0.007846979039792932 0.014876004450186647
1 0.07152129359642645 0.3320359109962676 0.015569959687972893 0.025312329600918743
1 0.10981533367450631 0.3430682894056848 0.009897124847385993 0.040930604651162814
1 0.11144595305885963 0.2761822639965547 0.01376396486039928 0.017510579672695963
1 0.14698220720045616 0.2674687769164513 0.01433778689603238 0.03242535170829744
1 0.14989534783562283 0.3429749512632788 0.015456813156605695 0.025685182170542685
1 0.1849418815164595 0.2778043837692787 0.011084653856307514 0.0374967019269516
1 0.18531501688903984 0.33597115866212407 0.013323466091789436 0.02850095483020113
1 0.025329723803396608 0.4035514364053976 0.012912048851099889 0.04270332873959243
1 0.06493066108178645 0.4083958482629917 0.014677838404626293 0.020094608383577413
1 0.10577229929340631 0.41332023047660066 0.012317284834372685 0.0274723728107953
1 0.14693163624134573 0.4136879127189205 0.01845989633214654 0.022071490094745874
1 0.18447063151645948 0.4182750717569696 0.011467450797436992 0.04340003416126311
0 0.028395996265983322 0.482204649153029 0.027033177474539972 0.05718133390755092
0 0.0670011638489432 0.4836291426930807 0.028393443552926917 0.057518118863049
0 0.1060795586257064 0.48550274375538327 0.0272275102534672 0.05803534682744756
0 0.1447099974594796 0.48737609481768596 0.02827277633185413 0.05819318877404532
0 0.1838800130979844 0.48784731875297654 0.028922000000000014 0.05864199999999994
0 0.026348303517249927 0.5572423198392191 0.027872615749033144 0.05616566178581683
0 0.06456487290269988 0.5588265670399082 0.029003999184840243 0.05753972609819114
0 0.10448006018108973 0.5605099245621592 0.02804948088212718 0.05659980892908412
0 0.14278192714189628 0.5617948105799597 0.028803145716207453 0.05809292291128335
0 0.18233299999999997 0.563272 0.02829300000000001 0.05864199999999994
0 0.023891999999999997 0.631481 0.027664 0.05925900000000002
0 0.062873 0.633642 0.028921999999999996 0.059876999999999965
0 0.101855 0.636728 0.027664 0.05740699999999997
0 0.141465 0.638272 0.028922000000000014 0.05802500000000006
0 0.181075 0.638889 0.02829300000000001 0.05925900000000002
1 0.026151694432056602 0.4867340252655757 0.01455799010841987 0.02132810221073795
1 0.06765930327233646 0.49087151500143555 0.012327665287352938 0.033868511771461385
1 0.10681334668781935 0.47810795291415453 0.011331817550426584 0.03893913293138098
1 0.14327161718744286 0.49165765747918455 0.008233894361872406 0.033372884869365536
1 0.17838152779065614 0.49506967784921413 0.009279946404700794 0.05026801507491666
1 0.029169065371793257 0.5528871114699971 0.011264816991146535 0.03114079285099063
1 0.05653198762090316 0.5625199640396211 0.012101432740179684 0.05565918188343385
1 0.10049193647419635 0.5687569678438128 0.016298245443512688 0.022010899224806278
1 0.13432150747899957 0.5612962151880563 0.009867472456372458 0.025806937984496185
1 0.17765768001216425 0.5727735648606074 0.009048532785073107 0.037733084221709394
1 0.024325959117726604 0.6326747003301751 0.015650663225693223 0.019785540482342937
1 0.09966971584553633 0.6452284776772897 0.014287261684566038 0.02159443712316982
1 0.14014778874933287 0.649251528208441 0.015760949993785755 0.018931626327878488
1 0.17634285857493076 0.6398814127193464 0.010931904914379497 0.04162780356815757
0 0.02232 0.706481 0.026406999999999996 0.056172999999999876
0 0.01985005166674342 0.7854483127113312 0.02908772930537006 0.05957320008649838
0 0.060201 0.710494 0.031751 0.055556
0 0.05814306611108553 0.7874871107179366 0.02923599999999999 0.06234600000000003
0 0.100912 0.712346 0.02829300000000001 0.05802500000000006
0 0.09896367895966696 0.7897717724109459 0.029330774302837086 0.05917710619643006
0 0.13936401485179284 0.7134430042979941 0.027864029703585685 0.0602200085959885
0 0.13815620128670028 0.7913442203743021 0.02902406437105666 0.060749304159786154
0 0.17939757578985763 0.7155752493863794 0.029132848420284654 0.057739501227241155
0 0.17743601309798443 0.7939898734293145 0.029865000000000013 0.060494000000000124
0 0.018462817152800168 0.8620642382637413 0.028607000000000004 0.061111
0 0.05686226458400495 0.8646656862860738 0.029626470831990093 0.058379103955335576
0 0.09780994937497121 0.8672270637729023 0.03017900000000001 0.061111
0 0.137221 0.869444 0.030493999999999983 0.059876999999999965
0 0.177146 0.8712959999999998 0.02923600000000001 0.05864199999999994
0 0.015246999999999997 0.9385527617362586 0.029236 0.061111
0 0.055364555071213024 0.9412400723441062 0.028633386528692448 0.05779665015333808
0 0.09573993388891446 0.9437131275458048 0.026407000000000003 0.05802500000000006
0 0.13466783350887135 0.9463807578241723 0.029255733815629032 0.05785548435165543
0 0.17502247971123056 0.9487281692218925 0.028218499087217554 0.05842640841484441
1 0.018705 0.705247 0.019176 0.030247000000000062
1 0.0574805873098265 0.7074880703416595 0.010935318365586352 0.03381082457651448
1 0.0946564330198197 0.7191446326442721 0.013713094788826083 0.03561972121734136
1 0.13471232123143956 0.7112419563594602 0.01091355745962579 0.02702082457651459
1 0.17455314131989177 0.715597793823497 0.008541173463172123 0.03050350016485327
1 0.020573989271490557 0.7880986081623023 0.011513424653145565 0.012581583706849184
1 0.09622212788361229 0.7837815892899268 0.01399645410048116 0.013352131634819474
1 0.1302447385091016 0.7970081612605173 0.00742290882368842 0.03643897353935677
1 0.1762913858690836 0.803230393633 0.013646797934136066 0.04060665604278857
1 0.014749966493431339 0.8646733738499647 0.016753999097948204 0.03282200279153877
1 0.09168907517515423 0.8682807899268695 0.008645749516936726 0.03582970739954379
1 0.13590846927517486 0.8719430683337265 0.007708988680801814 0.030864197530864196
1 0.16942111292755485 0.8704126075667655 0.009663413619627725 0.03812485263948421
1 0.010845663784973278 0.9398916165565778 0.007342525903203133 0.03808261575057
1 0.12988018014104444 0.9504853698789023 0.008952959448717194 0.02869034383109221
1 0.17140089677069995 0.9608115597501555 0.006636684364788384 0.014853416382752612
0 0.23413928384314509 0.04833117031175587 0.028607000000000004 0.054321
0 0.2738129999999999 0.049074 0.02829300000000001 0.054938
0 0.31252722014847056 0.050384836667033 0.02654810119338017 0.05534343601861011
0 0.35103563069905974 0.051869996043521265 0.027258738601880366 0.05428400791295747
0 0.3895389604653744 0.051927836667033 0.02758607906925111 0.05293432666593398
0 0.23301414030193182 0.12001600371835733 0.028156719396136287 0.05576267381030882
0 0.2723152135192543 0.12136568496538082 0.02877357296149145 0.05479863006923838
0 0.31097096250129436 0.12268212168003809 0.02772664268370153 0.05596614100450598
0 0.34929995139911774 0.12382313074696852 0.028078436786670158 0.0549510935267612
0 0.3875405205044883 0.12500524510935268 0.02732055287328227 0.054018256639923795
0 0.23116761955677115 0.1939179285635784 0.027075625513877315 0.055564911602007536
0 0.27008072925483934 0.19550597812946477 0.02923600000000001 0.05493799999999998
0 0.30904823214827093 0.19579352465472394 0.0272394003308777 0.055286356925669494
0 0.34751000077728755 0.19683470590174745 0.02748361852365248 0.05443799443162253
0 0.3866734801123509 0.19669592856357843 0.027265581265619124 0.05562580224933144
1 0.2323928826948676 0.07525310527713669 0.007787385467963186 0.035594826189691176
1 0.27385197775553477 0.05385692251895813 0.014048549393328615 0.024535120049822327
1 0.31011141450209284 0.05449141937758727 0.009626881396123367 0.03755341064952192
1 0.3487465903470345 0.06983563343041359 0.01948363920374784 0.016023498131662827
1 0.3851231329756519 0.06244463110415064 0.0034471305787236468 0.017250899714254305
1 0.23012841653801272 0.1384629129757849 0.013622291585704126 0.018344716598893633
1 0.2930212277956468 0.13838147626112762 0.016754940296941186 0.015210524416602538
1 0.31314688830612397 0.12557450127303368 0.00933953206305621 0.030933277557973395
1 0.34724688618997995 0.13056399266402902 0.012594960144478006 0.032677194728358415
1 0.3815790117992401 0.14555911295197274 0.012960752853319563 0.026132754057222415
1 0.2673454286180372 0.19846494019489322 0.015681018804623532 0.017401364801992853
1 0.35107827156256033 0.1994863245594754 0.008476975438830563 0.03404196787192733
1 0.3841835467405693 0.2130937198593252 0.014841255049687658 0.017451055354068167
0 0.22917299999999996 0.266975 0.027664 0.056173000000000015
0 0.2680917866563526 0.2688234909147525 0.02853569743245546 0.05664174315858885
0 0.3076092452462553 0.2690645018500201 0.027906212566359726 0.056757424405612364
0 0.34674599999999994 0.269444 0.02766399999999993 0.056173000000000015
0 0.38478499999999993 0.27037 0.02703599999999994 0.05678999999999996
0 0.22678085152943525 0.3417918296882441 0.028607000000000004 0.05432099999999997
0 0.26643058078427456 0.3417918296882441 0.028922000000000014 0.05679000000000003
0 0.3059250552853693 0.34313564935707225 0.02808261868410072 0.056531766897461325
0 0.345174 0.344444 0.02766399999999993 0.055556
0 0.3844295870925944 0.34495365482470597 0.028561393501101116 0.05577169035058801
0 0.22532572385930189 0.4149723412829248 0.028451572159250444 0.05623328570905226
0 0.2647084143817567 0.416029887487636 0.02867195727599973 0.05468497188335719
0 0.3042184603049262 0.41646446717588015 0.028027647076437647 0.0555541312598455
0 0.34350245928696627 0.4172509398377111 0.02805064911235748 0.05602805471297215
0 0.3825241809748534 0.4180315632670256 0.028668502677712586 0.05649027970106598
1 0.22682400277309547 0.2696705517547716 0.008850490251838466 0.03618001602740221
1 0.2651700825394101 0.2752777931457669 0.010516758961079198 0.04254988317397513
1 0.30725817760007723 0.2810837025222552 0.010855730729190577 0.030205383173975205
1 0.3416830870524824 0.2786349994046965 0.012715064928353392 0.02154818633915812
1 0.3841526471718204 0.27816082595156977 0.008186617480739233 0.042645267538557304
1 0.22541616543982865 0.34002425161189875 0.015584086330465537 0.038711800106238745
1 0.34419783705248247 0.3464519601970913 0.008058700300933702 0.035747579770670695
1 0.3836654048189967 0.3597848500293072 0.013452158971060604 0.018972996941055777
1 0.22235212394950735 0.4193089045865846 0.016115138722403225 0.025946062314540014
1 0.26246693297066126 0.4172539373923874 0.009952892137291504 0.036650127926145755
1 0.2983894646976624 0.4238544178481151 0.009376684846133037 0.037003770084624736
1 0.34273161434663524 0.42510261549804 0.011364281085208325 0.04073516538447448
1 0.3828210194464164 0.42621433583360807 0.013648388225899886 0.015432265432098765
0 0.22404198198782274 0.489745092812397 0.029055739083224945 0.0585098581162765
0 0.26350829694112954 0.4911646812470234 0.029550000000000007 0.05864199999999994
0 0.3026912703440402 0.4918954443711763 0.029077756253049154 0.058780814375206054
0 0.3421154450907978 0.4930386092152984 0.028821406759533773 0.058502759698868124
0 0.3816104986611436 0.49413738108583366 0.0281471118543242 0.058135919075356327
0 0.22166332155756965 0.5654035808239001 0.02961964311513938 0.05796816164780013
0 0.26178196677369436 0.5658415121899842 0.029722066452611273 0.05720597562003162
0 0.3009775126968639 0.5680017621899842 0.02844875625304915 0.05749672876140237
0 0.34055228384314506 0.568827 0.029549999999999934 0.056173000000000015
0 0.38094526830812026 0.5702000559310547 0.028309192638598674 0.05676454751437891
0 0.22094636849869917 0.6406658353573653 0.028814736997398352 0.05910867071473052
0 0.2601675676862902 0.6429491921822911 0.030808000000000016 0.059876999999999965
0 0.299812872610651 0.6443931567571528 0.02929112674755618 0.05971352163241379
0 0.33945893744362154 0.6447628737498625 0.029665125112756797 0.05825491187676301
0 0.380226 0.646296 0.02923599999999994 0.05925900000000002
1 0.2148861675960847 0.5003846669139466 0.007912658329267776 0.03304390572224051
1 0.25941829869626504 0.49050081849653804 0.021087488215918517 0.037791636993076146
1 0.30047635771741904 0.5078058645638714 0.012479038571936342 0.026993685386672597
1 0.34272953246417664 0.5083589247078433 0.006890820379161589 0.03980850879217491
1 0.380812167916981 0.5061035403432612 0.018598929716221322 0.029299311957357955
1 0.22033503825103992 0.5750631937575557 0.01492541490321335 0.020698245228413376
1 0.25268128885272073 0.5674179550683225 0.014225630097379077 0.02389948203099238
1 0.2956604112075407 0.5742115042770267 0.01781987480701908 0.022401624189471312
1 0.3775243283873462 0.5775834073707733 0.01192830304888919 0.042400683518335314
1 0.25893805414707316 0.6375882346136938 0.011413619195762755 0.02313470049822308
1 0.29784383697225836 0.6499248353573653 0.015691835513065838 0.03509556136205427
1 0.3386980040718397 0.6567663267483607 0.008237440457389405 0.03863058788511558
1 0.3806789048189967 0.6525973025515625 0.020544565088801512 0.02315649575044871
0 0.21911867630133294 0.7183086064127926 0.02891064739733405 0.05844378717441475
0 0.2589315563434412 0.7197229250467083 0.029150545000592457 0.05778827819906972
0 0.2989222692458561 0.7211439470363042 0.028815893821997556 0.05935204031578552
0 0.3386140520710412 0.7217751446862293 0.029467895857917502 0.05768371062754158
0 0.37897439172101227 0.7231455703465582 0.028990918814604864 0.05863614069311648
0 0.21741914847056473 0.7954486375059532 0.02923600000000001 0.06172799999999987
0 0.25793799999999995 0.796914 0.029865000000000013 0.060494000000000124
0 0.29746620810855817 0.7991200117137413 0.028515719155464 0.060708426548704904
0 0.33762999999999993 0.7993145109352674 0.02766399999999993 0.060494000000000124
0 0.3780086591315087 0.8011549320254974 0.02971211405069228 0.06001583906656426
0 0.21635181057572925 0.8729602967267466 0.028787378848541496 0.058922022181924924
0 0.2562026759403245 0.8753709198813056 0.02938441059070128 0.05751547789134335
0 0.2963121535202524 0.8765323678059859 0.02881955758691487 0.05837301124665702
0 0.33662228384314513 0.8772284890647324 0.02923600000000001 0.05925900000000009
0 0.3771003076020735 0.8791746396765212 0.029014817109562798 0.058895126882075065
0 0.21506450111334272 0.9505623328570905 0.028265004472960282 0.05879767007363443
0 0.25536770147934185 0.9512547598454043 0.02902043547276713 0.05944984280323847
0 0.29584548430452695 0.9527637653130381 0.02956532833207547 0.057705425632853344
0 0.33563080097285725 0.9549283145217422 0.028165585818803518 0.0565394146975857
0 0.3756992790091763 0.9556911015862548 0.028451572159250406 0.05843132945012263
1 0.21468385755697078 0.7183215024086896 0.013914308996200624 0.036046301699820454
1 0.25899643951965357 0.7280389281880792 0.014468499117534884 0.01477974702348241
1 0.30092012191358747 0.720396766485328 0.015509431591692928 0.0157767861120269
1 0.33438312524825164 0.72113704614976 0.013322412065052495 0.03297959858226171
1 0.3753289091716208 0.7344635867494596 0.015572870735179396 0.03123767978166109
1 0.21432479751785685 0.8055766139685681 0.01873691817281214 0.015765481078506827
1 0.2582160203039281 0.804698556150859 0.013417389940923398 0.021917684196065507
1 0.29368762516802754 0.799726311618493 0.009265411904604245 0.037357282613473854
1 0.33819917406485284 0.8053998607905629 0.01725751098184044 0.04103014983331509
1 0.37847149215226344 0.8092874623859764 0.021228036696464798 0.025195452925229796
1 0.21508472873338266 0.8811509177107374 0.00938121291757352 0.023608704198263386
1 0.25170688928397195 0.8822935825548593 0.011323669391332234 0.02242239638055469
1 0.3398538905426041 0.8821243598930285 0.012642104222306659 0.027889610433380823
1 0.38381224325044755 0.8815712997490567 0.01894208038315408 0.0209362370040663
1 0.213687552968665 0.9624473940909257 0.0116158613881383 0.04052265695864005
1 0.2547217899509047 0.9517116339707661 0.016487929234876637 0.02975620232992643
1 0.2940143686190353 0.9642917956735172 0.009171628061459176 0.019982185111916947
1 0.3286375892087384 0.9598015730116862 0.010074636927155552 0.03299237729420804
1 0.37372301070105607 0.9627825402058834 0.021023479911790873 0.019703630435578733
0 0.4275590467806813 0.05404419369344617 0.028252906438637374 0.05240461261310767
0 0.46576482956575443 0.05513426383851704 0.027985152943525025 0.05385207165622595
0 0.5044084563133105 0.05643580618749312 0.028779655059668847 0.05242540949554894
0 0.5427769410991822 0.057568822590394544 0.02846417019357325 0.055057782924863546
0 0.5815087030588706 0.05889265937648826 0.02892199999999994 0.05308600000000001
0 0.42621728384314506 0.12529885155877934 0.02797899999999994 0.056173000000000015
0 0.46510499999999994 0.126852 0.02923599999999994 0.054938000000000015
0 0.5039004323137097 0.1285680218705352 0.02923599999999994 0.05370399999999999
0 0.5429408537659153 0.1297542255650804 0.028605427840749532 0.05472404258709747
0 0.5812502273793676 0.1310583580613254 0.028544856002395542 0.05513426383851706
0 0.4250422148982226 0.19858522230464884 0.028070002517264422 0.055008302249331426
0 0.4639924365459978 0.1992892991903872 0.02891799137497586 0.054951093526761176
0 0.5032839694112949 0.2001520683957944 0.028769493491119826 0.055211269443528624
0 0.5425906234128919 0.20178665355167238 0.028464670193573186 0.053718011649631886
0 0.5806905243204971 0.20304429058138257 0.027985152943525025 0.05403524196798186
1 0.4272767760756327 0.06410686155987838 0.009625172229493177 0.026015679378686297
1 0.4528419671748148 0.08393214901820713 0.01185314831011661 0.02226648556617944
1 0.49848825874536024 0.0648633888980474 0.014590679059269855 0.029631393431512606
1 0.5440685022765921 0.06783825685972816 0.011117004553184352 0.03430553558999157
1 0.5848641988666945 0.054904202998498 0.01534674706645639 0.016579109114554718
1 0.42307550423228796 0.13542410515807599 0.008512763915384072 0.027353057222405407
1 0.45741104360646523 0.13215113563761585 0.01950608721293074 0.028037546287137772
1 0.5021780513338657 0.13174675127303365 0.021017102667731342 0.019321458804996874
1 0.5439941245511881 0.13981309422280835 0.014623978357215522 0.02040678221049933
1 0.577334526356417 0.1473669699783859 0.01118962039912425 0.03277457746272485
1 0.4261831887423658 0.2064769917298604 0.01386459144521865 0.035813280342162135
1 0.4578065839986026 0.20936637376817963 0.015170220389142898 0.023440385042312353
1 0.5043249967455599 0.2143832604590248 0.010006775137896964 0.037951433435908705
1 0.5393373450606671 0.2087328760944426 0.008825554748753956 0.04229173031834998
1 0.5836171104352437 0.20313198393596366 0.014669273262425304 0.020522858519251168
0 0.42476211336878733 0.27259852918818916 0.02881577326242513 0.05723134785873904
0 0.46338829466453724 0.2729415237205554 0.029202249102376128 0.05571929318240104
0 0.5030041178818598 0.2733073643440671 0.029515764236280537 0.05681731505293619
0 0.5419679999999999 0.2740638515587793 0.02892199999999994 0.05740699999999997
0 0.5810835416106575 0.2758243065263582 0.028771187523845665 0.055989749441330526
0 0.4234197367816794 0.3453841328351101 0.027600473563358874 0.05620026567022015
0 0.46261045192057443 0.3469512289262556 0.02869687764517993 0.054165095358464345
0 0.5021299148229891 0.3472435337216544 0.029259899608860638 0.05595536066234391
0 0.5419272249423271 0.34804370403341023 0.02919011780163556 0.056090338791808615
0 0.5813491453765729 0.3493661875114481 0.029279858439435983 0.05556296878777894
0 0.4222282072510464 0.41914073357878157 0.028412153184197243 0.05541155471297213
0 0.46195413854679623 0.4203171429552698 0.029505587533827024 0.05556632972487817
0 0.5015011648229892 0.4214976015404624 0.028935238040311683 0.055362862530681074
0 0.5416937653344646 0.42260702185221816 0.02946946933107081 0.0561163406601458
0 0.5815134804733596 0.4235568679433638 0.03000420062183009 0.05655067034838992
1 0.42585852717381667 0.2764744994046965 0.01955124211215156 0.028799911327252087
1 0.4687929246264215 0.28118288609554165 0.01166774007623161 0.04722502533245408
1 0.49916340066693277 0.2849269798604242 0.013240395216124723 0.025815894109242774
1 0.5445175972570352 0.28577864156317545 0.011151653023749169 0.03839985502069821
1 0.42415701297764824 0.3523299078470162 0.01903634909239488 0.02509070634135615
1 0.4561323056062657 0.34914167424991754 0.009936663604469041 0.03732862351174133
1 0.49924469105907016 0.35160102580869695 0.011398705255238624 0.029845536029600234
1 0.5379274258449417 0.35588828127633065 0.009033445572142494 0.02566711257647363
1 0.5779286278858523 0.35920134456167335 0.010934255771704643 0.020872689123346874
1 0.4217420446244252 0.4323066483038429 0.010246844699658766 0.028525143513939293
1 0.4600382335673513 0.42983029988643445 0.017983061016961895 0.01919055603179829
1 0.5049361725102776 0.42258592331574896 0.009344126667332227 0.03917441852584525
1 0.5406102522765921 0.4359528076803311 0.01672753074915322 0.02306452787852147
1 0.5786474128271814 0.42861914597757994 0.01565341953662197 0.024543588837601125
0 0.4212316526627406 0.494513870150566 0.028657856243067763 0.058888897204821045
0 0.4607955031742159 0.49593533967102604 0.029240561337858188 0.05696940814008868
0 0.5009429999999999 0.49691399999999997 0.02923599999999994 0.05802500000000006
0 0.5412640764717626 0.49736340842400256 0.029169794664537303 0.05872652377550649
0 0.5809142981596497 0.49852002091804953 0.028992403680700534 0.0581090237755064
0 0.4203763557216111 0.570406822333956 0.028812939223710452 0.05717808032018176
0 0.46038263854679623 0.5725475254515149 0.028974535141889336 0.05669705844964659
0 0.5007551440778285 0.5737005887368575 0.030241711844342777 0.05753782252628497
0 0.5409426638050293 0.5741922590486134 0.029086672389941406 0.057788481902773116
0 0.5811056966302144 0.5753930145162471 0.02993490368070053 0.05725926784994683
0 0.41966473344701527 0.647887167490933 0.028882236164840012 0.057909368135692474
0 0.4597469758800631 0.6489861893614682 0.029195751298744205 0.057909368135692474
0 0.5001141506268207 0.6492913901527639 0.0298925633737781 0.05742074784774893
0 0.5408320557266018 0.6502204393614682 0.02942515929195691 0.056714461900575115
0 0.581152588551787 0.651112694829102 0.03040182289642599 0.05703361034179572
1 0.41473417780063754 0.5125748919020405 0.012881949483534088 0.02295074006301056
1 0.45706031325344193 0.5062689637963879 0.01554335576172322 0.01614654322819349
1 0.5445196791394938 0.5014121505110453 0.017490790592697578 0.0309889385280433
1 0.5789323451408912 0.4975592247316555 0.014896987222912023 0.03539772447521699
1 0.42181475533047197 0.5847602948767263 0.019056672229493282 0.024383502271311912
1 0.46040237439073994 0.5796528222148953 0.01165774878147982 0.0444896444297909
1 0.49749328603951315 0.5819386519031395 0.017140327529834607 0.03075946946550902
1 0.5408885219235687 0.5805273308239 0.013932179219717948 0.026255299153753225
1 0.5809107119646789 0.5835016987855808 0.021761179380166275 0.023603628841997334
1 0.4199786461538605 0.661001840824999 0.01489304775852922 0.01916934102648639
1 0.46015392243005343 0.6578100580191962 0.015326303369785601 0.014196347309228169
1 0.499860030588705 0.6626407251895813 0.01930984282418711 0.01808961603839247
1 0.5399595972570351 0.6549886650456095 0.02008108533745899 0.023502539491519033
1 0.5809259543175027 0.6550739009689709 0.01781277326242517 0.037985692585265844
0 0.41877320615286234 0.72475001264791 0.02821858769427519 0.05667297470417991
0 0.4588771353725803 0.7254921703117557 0.029864999999999944 0.055556
0 0.5001016571758129 0.7265000290508115 0.030986982589503477 0.05687594189837707
0 0.5403653865108764 0.7273006993625672 0.02961122697824703 0.05774460127486545
0 0.5808327577675123 0.7278974024801259 0.03032186438674726 0.05783898563944755
0 0.41844188191757997 0.8025865499871782 0.029981319145482643 0.059582009378320075
0 0.45866558078427444 0.8038973187529764 0.02923599999999994 0.059876999999999965
0 0.499057 0.8036456593764881 0.029864999999999944 0.061111
0 0.5395676430598686 0.8045199867018353 0.02894857850768229 0.057587432831446454
0 0.5801308212616266 0.8065904678169761 0.0296642621201365 0.05879767007363443
0 0.4172582596429841 0.8803611974942301 0.029293183772902243 0.059436539399933895
0 0.4580689125062849 0.881965051104517 0.02919784290441112 0.05934718100890206
0 0.49874066811754136 0.8825145620397846 0.030690384394732474 0.0586144997618786
0 0.5396729203540215 0.8835326834175916 0.02953226846856838 0.05845269877642236
0 0.5806685951007792 0.8831429967029343 0.03111294517102188 0.06023770971168988
0 0.4166817323488312 0.957903182483423 0.03000580604749815 0.05845940376231828
0 0.4573063536054672 0.958703352795179 0.028792131220516465 0.057129019397736
0 0.49815010913649943 0.9582451770157892 0.030255537177809256 0.05657900846246837
0 0.539363751138296 0.9598701137304465 0.029473633095988064 0.057264497527200774
0 0.579692 0.959877 0.030807999999999943 0.05802500000000006
1 0.42183899223248755 0.7402699961259479 0.019567901484332646 0.02035754227570797
1 0.49733212227459594 0.7364543640876288 0.00925367686290177 0.039345365681210304
1 0.5396737500802241 0.7245721399146425 0.004794526356417029 0.01548553297065615
1 0.41459864160067605 0.8042092537641498 0.009794803530233749 0.03498552954537133
1 0.45175187874336403 0.8125472342565118 0.011048242192375508 0.025270040407370704
1 0.4938884476080623 0.8155997397241455 0.02043208298064268 0.0220957544601969
1 0.578871489379168 0.8172143458988167 0.015205266432648572 0.03498552954537133
1 0.41687096164378257 0.8885320215957798 0.00767554336579304 0.0359557025680475
1 0.45811783509678655 0.8885754145693666 0.02145072258551106 0.024878697915521653
1 0.5021693067846739 0.8858793512840238 0.009840530588705026 0.04089470256804777
1 0.5317487020409105 0.8927411395574605 0.01374161804230802 0.030101851009268373
1 0.574643370238676 0.8929479059603619 0.008922657496709504 0.034084405685606396
1 0.41610919854579814 0.9588179823881745 0.011997584856114404 0.0378902835293255
1 0.44886907415505817 0.9641837128439023 0.014575039133505142 0.03778270069971044
1 0.4914972161568549 0.9549473097501557 0.014207052391937739 0.027314597629776085
1 0.5490968352572348 0.9660255644026816 0.011508129024148403 0.03959410693482795
1 0.5795800012586322 0.9683859823881745 0.01714646102694326 0.020219646023372347
0 0.6199163803630048 0.06026303256768142 0.027705301414089768 0.053485731032714215
0 0.6577932753785692 0.06144534446092977 0.028645449242861706 0.05365231107814046
0 0.6961354323137098 0.06358000000000001 0.02829300000000008 0.05432100000000001
0 0.7340995545883056 0.065432 0.02735000000000008 0.05185200000000001
0 0.7710828481796124 0.06713191925852657 0.02742544988465458 0.053668901344470096
0 0.6200563061277223 0.1322489650877386 0.02817172062981522 0.054951093526761176
0 0.6584753299668747 0.13375632712385974 0.028517016929151894 0.05430241136388615
0 0.6969080309096014 0.13510625837088325 0.028329964376765826 0.054071548869839184
0 0.734795433196175 0.13682822288163535 0.027798585257234974 0.054218412279737685
0 0.7725753896699338 0.13774407444041467 0.02705231451207419 0.05495109352676116
0 0.6199254192157253 0.2036355109352676 0.02860699999999993 0.054321000000000036
0 0.659227 0.20572902187053524 0.028922000000000083 0.05246899999999999
0 0.6978939999999999 0.20672251093526756 0.028922000000000083 0.05308600000000001
0 0.7360547650786335 0.20716562259588964 0.028451572159250406 0.05385207165622596
0 0.7735548700229571 0.20908891086932627 0.026585895296348735 0.052936220097446605
1 0.6172685133386567 0.06996451232736198 0.01788905287328238 0.02822132153716524
1 0.6543256935362225 0.08120869043301462 0.015976387072445152 0.02661438086602923
1 0.6922887263614076 0.07342090215957797 0.01710277585991398 0.03376412307213246
1 0.7332347602847769 0.0821821326153057 0.02103184370665221 0.019905068395794413
1 0.767813005972265 0.07935034120049822 0.008218793591306683 0.038024232424808596
1 0.6163527491424882 0.14122416530204782 0.01356384761804378 0.03370362748653699
1 0.6538696858890463 0.15646029652525917 0.00830628879745 0.028142527438912695
1 0.6983759982047525 0.14334482153716527 0.014256616487732741 0.04301691808623655
1 0.7354744895396164 0.14444004419899623 0.01282103147117014 0.03386600091585157
1 0.7726529393841586 0.1517833543429681 0.0073076080231568915 0.030902280580283558
1 0.6256065908684911 0.21854163702971022 0.019123395697469375 0.02084250533025607
1 0.698852578989027 0.21269083467963515 0.01218404880144247 0.04170262561819978
1 0.7361014070002062 0.2158662124042935 0.014925414903213242 0.02875773894567171
1 0.7725134284825422 0.21283291204161625 0.022512044729602967 0.02420046158918563
0 0.6206007502005602 0.27675030652635824 0.028514338030330173 0.05747540881781881
0 0.659375446013375 0.2782357035571674 0.029011275218120924 0.05568377477378467
0 0.6979807951057699 0.2789584987086493 0.02805011284733078 0.056396683829724896
0 0.7365678262159315 0.28061691760999374 0.02891799137497586 0.055317434150272904
0 0.7745796707952541 0.2815429299556728 0.027702658409491876 0.05607043697109573
0 0.6209738855731405 0.35065223137157925 0.029447176461781154 0.056178624738982275
0 0.6592302579680727 0.3514586984467157 0.028928515936145316 0.05577403439938455
0 0.6987323966352051 0.35261941261860275 0.028060774415879883 0.05571689975088837
0 0.7379817471466802 0.3535690087097483 0.02913388562841119 0.0550517075685973
0 0.7760604688345677 0.3547022751126497 0.02711946844860565 0.05218947164523566
0 0.6210898244358426 0.4236246070080961 0.029305918814604873 0.05558712660731951
0 0.6600767161568549 0.42438299999999995 0.02829300000000008 0.05493799999999998
0 0.69978 0.426235 0.028922000000000083 0.056173000000000015
0 0.7383402192356883 0.42660365607942263 0.028358288316105346 0.054951093526761176
0 0.776957 0.427778 0.02923600000000008 0.05432099999999997
1 0.6252193801624445 0.2902764626424149 0.012248541971665953 0.04259247530864199
1 0.6998909447146306 0.2919173970308092 0.014958077193779472 0.024656981591383617
1 0.7383233956573573 0.2889194329779829 0.013279952883263732 0.02845486595596585
1 0.7768267254236718 0.2939804626424149 0.012579477043312522 0.037748859673224215
1 0.6231346729515101 0.36240246180899 0.017723930197565824 0.03681723266293004
1 0.6559805658108184 0.3511529984705279 0.01602486087647645 0.030008909458914868
1 0.6963112602045527 0.36397772031725095 0.01017711429136459 0.03330037502289626
1 0.7405774502456629 0.3576078523555702 0.01082408825584412 0.037980617228999515
1 0.779345139188589 0.3593167758086969 0.017430736886856906 0.020275486005788195
1 0.618700087573939 0.42536342331574895 0.014093065971266729 0.03288673727882179
1 0.6616898714973084 0.4310107584716269 0.013374930759134564 0.023057429461113017
1 0.6998144851067679 0.431828675642012 0.01623040252724597 0.03973862629592985
1 0.7372333072259064 0.4294302147305565 0.011542208334071937 0.019990726343554276
1 0.7778299426787109 0.43226935456277243 0.015983505435649543 0.02456998413745098
0 0.6210034532594306 0.49879452638568345 0.029506311834361407 0.057192672216727185
0 0.6604015682879709 0.4998717807817709 0.029011275218120924 0.05788181851485508
0 0.7005615931450835 0.5006023834120965 0.02929378751386445 0.05604595816390073
0 0.7392264157455665 0.5017034838993295 0.028824707531830657 0.05751547789134335
0 0.7780517461287204 0.5018612295032421 0.028303507742558916 0.0578309690991684
0 0.62119993251427 0.5752912809191486 0.029526134971459728 0.05668946003223793
0 0.6604948521311159 0.5762538007839688 0.02919784290441119 0.05714913726783162
0 0.7009333981345097 0.5759790453163351 0.029477694433846378 0.05623328570905226
0 0.7396461930397193 0.5762538007839688 0.029477694433846378 0.056416456020808164
0 0.7787787652390817 0.5769864820309923 0.028078436786670158 0.056050115397296436
0 0.6210309999999999 0.651543 0.02923599999999994 0.05864199999999994
0 0.660798 0.652778 0.028922000000000083 0.05864199999999994
0 0.700723 0.65216 0.028922000000000083 0.05740699999999997
0 0.740707551734986 0.6521541260761256 0.02954816727518839 0.05911647283584279
0 0.7798172264817439 0.6526019034142946 0.029222520840543487 0.0581803243946221
1 0.6180955744759545 0.509990210655017 0.019220013579329124 0.022258652580869568
1 0.6589880538110181 0.5079410926933362 0.019151701504295227 0.0215944603985785
1 0.6987283104402344 0.4987899255229512 0.024559485507888685 0.02341146668132031
1 0.7406914720890078 0.5066492520698245 0.022722944178015358 0.023079119775066888
1 0.7836997472670164 0.5034031778492142 0.007228979239680804 0.029204927592775713
1 0.6209890406328095 0.5799273276825292 0.010634565971266784 0.03331675541268274
1 0.6534519219736622 0.5905410851009268 0.021268716237078975 0.028208228010404117
1 0.6953042940476979 0.578505858162069 0.01293731735023511 0.037258716324138165
1 0.7395305048339686 0.5796048800326042 0.018141874295357217 0.03322896946550894
1 0.7816703226004829 0.5840037675385572 0.01893710371064481 0.018203403853903375
1 0.6226956356132527 0.6507795470839286 0.009646755932152732 0.02825736917976347
1 0.6682848736936764 0.6660628704894311 0.01567004432848213 0.031027719108326884
1 0.7016510942833796 0.6602732087866797 0.018527350135308273 0.025755373832289114
1 0.7334051707551418 0.6611350189306516 0.010243232333672636 0.03428929100267427
1 0.7842580333065297 0.6644247361248489 0.020478119004997103 0.021482066014580338
0 0.621020527494713 0.7285727431036377 0.029167324932345823 0.0558926012748654
0 0.6612997491826004 0.7287221688830273 0.030434501634799476 0.05582511221013301
0 0.7014059785176637 0.7290984079477598 0.03004971982757418 0.05621124971608615
0 0.7408645517349862 0.7287181196743231 0.029675599588898118 0.0572823762867714
0 0.7805045163372658 0.729017840788365 0.028731423688685736 0.05568377477378463
0 0.6209376552201171 0.8057202421694691 0.029374715755734356 0.05815624064915569
0 0.6603047764767532 0.804929970298934 0.028257988536814903 0.05694203753159686
0 0.7015339108313736 0.805686247637103 0.029372746023543023 0.05808825158442316
0 0.7415868355781311 0.8056626515459574 0.030000761157447365 0.05840740002564377
0 0.7808191118543242 0.8045199867018353 0.028427776291351695 0.057221092207934934
0 0.6206820405926975 0.8841060404440049 0.028490351128314672 0.05850039095871355
0 0.6605463157707064 0.8834175021705681 0.029114202497301834 0.057123314411840084
0 0.7018601542823815 0.8833160185734694 0.02946552986668808 0.05728668784115472
0 0.741557517891841 0.8825257467029343 0.02938242272599646 0.05790418784115459
0 0.7817638482197244 0.8825145620397846 0.028638139845540676 0.05714913726783169
0 0.6207923986711249 0.9606365395098362 0.029643905716620515 0.057331986591933025
0 0.6610545551899865 0.9598124336007618 0.030130681335861956 0.05641645602080809
0 0.7019883365960912 0.9598021246657141 0.029535326807817577 0.057861200644759456
0 0.7417540747166269 0.9594524792468037 0.02973955555099507 0.0571363647287247
0 0.7821768083642027 0.9588525285745687 0.027971518644175474 0.05669468970949209
1 0.6184548845150686 0.7356980867494597 0.01290436291239628 0.03243208601677831
1 0.6608189173402537 0.7418269437758728 0.008213834680507575 0.026768503187163388
1 0.7391109775398158 0.7345825672051873 0.014689872098989051 0.04858406879876892
1 0.7829795453063302 0.7284763070850276 0.015572387553789722 0.02745959229951995
1 0.6177450941229312 0.8178553740887278 0.014137376010380632 0.028941045059896506
1 0.6632043180071866 0.8130427037769719 0.014823662210341948 0.034536638824779316
1 0.7020149851067679 0.8222994037531597 0.012575673272406456 0.04203342314173717
1 0.7402303836575569 0.8165054428417041 0.01898092888366291 0.026878479448291054
1 0.7809949306789103 0.8115395475418544 0.020287887553789734 0.025820051342638192
1 0.6150292011031746 0.8978661090779206 0.012106454598287105 0.033040174414770855
1 0.6647781498896451 0.89581724111624 0.01652675828896907 0.026880372879803518
1 0.7045318169892266 0.885095428646005 0.010340524801841777 0.022680154174451284
1 0.7396360321281216 0.9029913285983807 0.016997981275600746 0.03268093220866758
1 0.7873791282869727 0.8879581645693666 0.018900121201365253 0.03160830726819796
1 0.617663803730794 0.9673379519086346 0.016352201343847125 0.027444475711616564
1 0.661900426085614 0.9694611581675642 0.015379201504295358 0.0122078444884051
1 0.6972805789890268 0.9739889245704656 0.015701184174022876 0.0093801022823019
1 0.7384909720890078 0.9721846167527566 0.023019455079631775 0.01885016789390768
1 0.7792620169139931 0.9722873495347473 0.012746221592504466 0.04392220535223658
0 0.8089872560123768 0.0689515280342162 0.028420623347826524 0.05327837203722019
0 0.846908977700264 0.0701185389694838 0.02814445071721293 0.053780690790196706
0 0.8829867030588703 0.071605 0.02703600000000008 0.05308600000000001
0 0.9210376634288622 0.0728184014635308 0.027893943887436188 0.05331896580210284
0 0.9566286209205809 0.07471809364582184 0.026874164276579182 0.052355922061032276
0 0.8102346899608861 0.13905187342931455 0.02923600000000008 0.05432100000000002
0 0.8476358423276837 0.14078123882661098 0.026426529305119312 0.053698609828918935
0 0.8849754559371436 0.1429551864765359 0.026851817380552593 0.05181871452906915
0 0.9222872838431451 0.1428335109352676 0.02735000000000008 0.051234999999999975
0 0.95929 0.14382699999999998 0.028607000000000077 0.05308599999999999
0 0.8114457025222552 0.21071100743671464 0.029046459582909436 0.053982369491152926
0 0.8498799853474401 0.21241738086602924 0.02811630005027996 0.053731710114664634
0 0.8870893347607316 0.21331903477488368 0.027907924360795693 0.05333697419130312
0 0.9242592049191836 0.21455353477488368 0.026128048671311712 0.05287524920320911
0 0.9619527977834826 0.21536815273656448 0.028940404433034833 0.05340546325603551
1 0.8085103379349475 0.0735807263801883 0.01842886363441308 0.02611766216067701
1 0.8517621491524696 0.07499839669194418 0.019052350696877045 0.02584670590174743
1 0.8889459297812867 0.06639674045682675 0.009983479640801332 0.03205979966663002
1 0.9457230333233173 0.06250609799005502 0.013185525156313615 0.02464585535659834
1 0.8166029624059115 0.15261371997838588 0.019780977203760933 0.020083033721654413
1 0.8514911273091249 0.14984001918709014 0.01157198387308911 0.03808601650364507
1 0.8862577725653616 0.1522986207458695 0.0065911128170135684 0.03353515400959811
1 0.9177105073512332 0.1338435614170055 0.016073905525855012 0.025019035351870153
1 0.9523771209606928 0.1367166957815877 0.023419997372194103 0.03282736969264022
1 0.817631485909009 0.21293548741619958 0.013619441099182228 0.022896288969483848
1 0.8465694035050937 0.2078467198593252 0.015818400892446582 0.02428164911895073
1 0.8841470575066908 0.23531416902040517 0.01734241195451124 0.02576320681759898
1 0.929513497547801 0.20645974487123125 0.014669479801249444 0.015332699142762932
1 0.9574639667834891 0.2174231600542184 0.018097065570146214 0.04908964355057332
0 0.8126754667184237 0.28330689400849907 0.0290806080534741 0.05373691510056055
0 0.851147 0.283642 0.02923600000000008 0.056173000000000015
0 0.8880863893490374 0.28480625103491225 0.027849788988215596 0.05453758541231636
0 0.926169691821199 0.2858910752555226 0.027337074867280275 0.054509190112466535
0 0.9637799899808488 0.2860232017071473 0.02878597996169772 0.05476240341429461
0 0.8142266256342136 0.3560830860534125 0.0288247075318308 0.05458475290324945
0 0.852804351073044 0.3561772860479173 0.028368000912782326 0.054040471645235774
0 0.8902716469962135 0.3575510633860864 0.027556112125313788 0.05275827946294469
0 0.9276968817820852 0.35814446729494087 0.02703323643582966 0.05284606541011834
0 0.9658790488816666 0.35890124463310985 0.029143631491506044 0.05399327946294472
0 0.8150661802225192 0.4286185295087372 0.028265004472960282 0.05385207165622599
0 0.8538997702887695 0.4298381999578708 0.028133459422461055 0.055192390683957995
0 0.8919884035452057 0.4293330819961901 0.029123948360396543 0.05381581413708467
0 0.9293983959782538 0.430706859334359 0.02633177572978307 0.053632643825328764
0 0.9680050410588834 0.4306334029380518 0.02891799137497586 0.05678279664431989
1 0.8100809209155901 0.27565048300179507 0.02629519116424759 0.030447944133054933
1 0.8527104799367441 0.2939627157837858 0.016409418383167017 0.01910098159138362
1 0.887799037859714 0.2905948610836355 0.013023534229106898 0.04085665655566542
1 0.9244939091163501 0.30023439935707225 0.02079073525205767 0.025240986243909552
1 0.963760833863108 0.29751803918928815 0.022480990863313975 0.0460600127669707
1 0.8163510966803079 0.3556368718998424 0.015433948811423914 0.03166504068212627
1 0.8552099875839203 0.35803863283511006 0.016820865991229325 0.022099090705938386
1 0.8929049123306781 0.36257019844671573 0.019416309367003722 0.03391737502289635
1 0.9305516132734045 0.3809161757610726 0.01986938811535864 0.025067307781074882
1 0.9651720849612918 0.36362887655236836 0.02730776380484278 0.04865168749313117
1 0.815889758248857 0.4301801428362091 0.01393124575255354 0.03570887943730077
1 0.8493734995837209 0.44525315063010584 0.017672916186799007 0.02241453253104737
1 0.9302080455871145 0.43486368425101657 0.01757144050729618 0.018282302890427527
1 0.9688757880201624 0.43744556547422797 0.021766034550003397 0.03949506533685008
1 0.8154542386018803 0.5141318395519654 0.01853363877231017 0.02716365723339554
1 0.8545814875839204 0.5085283973696743 0.01957040748155089 0.02994470725720783
1 0.9255731711161505 0.5070290403432611 0.010236665369399368 0.02891367445140482
1 0.9725759493729926 0.5060079862255925 0.02705231451207419 0.03938161702751221
0 0.8157658090461073 0.5023445799904751 0.02891799137497586 0.05806498882661097
0 0.8555421491123575 0.5019388670091951 0.028433134088994706 0.0565208816170276
0 0.8941094450355271 0.5033603365296553 0.029634677615235902 0.057165776916877326
0 0.9315777003107285 0.5029856760816207 0.027332166041509374 0.056782796644319816
0 0.970290495215938 0.5028940909257428 0.028638139845540676 0.055866945085540534
0 0.8173046731119583 0.5772310143971865 0.029571616969077362 0.05629373191193161
0 0.8564805683280831 0.577272159816097 0.028630863343834082 0.055156108473458705
0 0.8945761142512525 0.5772247176338059 0.028515771497494874 0.05542756473238826
0 0.9334645728411551 0.577224467633806 0.027561125062849967 0.05579340535589992
0 0.9720715980191642 0.5796361270102941 0.03052123627538129 0.06025038348536466
0 0.8185643243404599 0.6523610653185332 0.03022396517900702 0.05806498882661104
0 0.8579435421321142 0.6526120518555153 0.02875829565754381 0.056002577535993
0 0.8957869999999999 0.650617 0.02923600000000008 0.05432099999999997
0 0.934982560585524 0.6524526504744111 0.02742544988465458 0.05678279664431989
0 0.9735967836675381 0.6517499392424076 0.028928567335076573 0.05782187848481521
1 0.8195499831510722 0.5806661081620691 0.01836456018440348 0.030740172583067688
1 0.8585197321331123 0.5867888659559658 0.01952976120735409 0.03534632567681425
1 0.89330603350709 0.5763996495768765 0.01749466089643918 0.02608482730703014
1 0.9378398316266277 0.5872566901765761 0.017419851017773363 0.03477701785910536
1 0.9710141537457659 0.5836381760999377 0.02196692756976015 0.05007353972964062
1 0.818719008248857 0.658994565813093 0.008832448811423898 0.032708747261603915
1 0.8633169373883508 0.6538792447338535 0.025420468658960773 0.028652105103124704
1 0.8954364272568412 0.6613396624819059 0.018564474591910823 0.01965421561113561
1 0.9390656820578788 0.6433347533428582 0.010490525684307013 0.03618648481518114
1 0.9747487563733852 0.6622852821921822 0.02326640357015946 0.04993945503168858
0 0.8192584754637838 0.7283218337271496 0.030119725935333626 0.05575712314540063
0 0.8589851567595337 0.7277964188830275 0.02897584804948165 0.05617165595120348
0 0.897655725664344 0.727340990658314 0.029504289760139347 0.05574040942228075
0 0.936708311683708 0.7270945525149284 0.028451572159250406 0.05659962633256406
0 0.9752345389026275 0.7271861376708063 0.03031724902215208 0.0586144997618786
0 0.8203348161317148 0.8048007889328498 0.02985463226342993 0.05907996223028165
0 0.8600289926184495 0.8043008389200278 0.0288247075318308 0.057149137267831544
0 0.8993281222745959 0.8038186812470234 0.029865000000000086 0.05925900000000009
0 0.9380699999999998 0.8019676812470234 0.02829300000000008 0.05802500000000006
0 0.9763776899608859 0.8029307249880939 0.028922000000000083 0.05802500000000006
0 0.8208427189147917 0.8824476091969814 0.030489697542996925 0.058114253452760556
0 0.8610299886419924 0.8811418209235446 0.02914759040230528 0.058067061270469365
0 0.8998136699377424 0.8808566670146903 0.0292893631833857 0.058595775323295796
0 0.9395068269780605 0.8805912737663478 0.02938441059070117 0.057698648203099175
0 0.97867909366654 0.8796424638971316 0.030489921843531373 0.057999072205736975
0 0.8223534323137097 0.9578519781294648 0.031122000000000084 0.05864199999999994
0 0.8616494323137098 0.958025 0.02923600000000008 0.05679000000000003
0 0.9008426186841008 0.9571085589350478 0.029287237368201654 0.057428117870095455
0 0.939973246193786 0.9555995164303769 0.02789186910037989 0.057149137267831544
0 0.9799654113528302 0.9554879738982307 0.029517771176598536 0.056926052203538836
1 0.8266188172298988 0.7424918859581638 0.022510525283186516 0.029102025057698672
1 0.8616135913097237 0.7538613937520607 0.018565938070256038 0.022848337527933454
1 0.9006383118994269 0.7324860070612156 0.011785353053693267 0.0392225860167782
1 0.9355141482147337 0.7272796008260981 0.015914484193985612 0.0375461579111256
1 0.9752100948048361 0.7283484273729712 0.02738105423709229 0.0548245578635016
1 0.8200423062881704 0.8133613522181925 0.008797800340859368 0.0313349575777558
1 0.8606135378196019 0.8103968826977322 0.02373769571743198 0.03140244664248819
1 0.8972807584093052 0.8104983662948309 0.02036613689683835 0.02204096386049761
1 0.941270095822796 0.8068623553595633 0.015596650155270855 0.029312985731032738
1 0.9792923860794386 0.818130197457596 0.018843336315306856 0.03974795765102387
1 0.8234178488766759 0.8977166832985308 0.01398704708641918 0.028210257244385934
1 0.8547366557014618 0.8823453239458549 0.012916769912602478 0.038071560409568724
1 0.8979369942131367 0.8851093762959299 0.016255149994822762 0.027048346356742584
1 0.9453263611171485 0.8853460880224934 0.01923788380284666 0.02181249479796305
1 0.9858472869620903 0.8906856723632632 0.02513657392418087 0.042272279114921096
1 0.8198489907982485 0.9735583940909256 0.021871033988434787 0.01683529446459328
1 0.8625291055058921 0.9563748785031323 0.020839398776302632 0.016766307030076387
1 0.8963630495234594 0.9667729054474851 0.011753764236280554 0.030772612374986283
1 0.9361757148028398 0.9686102456497051 0.009554023487938861 0.034791085064292744
1 0.9825943459030202 0.9674333362732167 0.017649879570558462 0.036778563193757705
1 0.9069657822940013 0.6808072060869822 0.018327871497206355 0.01550611362761623
1 0.9587897113934126 0.09336974864552801 0.01995888356903279 0.030198063771205253
