0 0.5258618990408884 0.6490530113859442 0.03992420191822309 0.07853397722811145
0 0.7736553134780414 0.6471854610325875 0.041442378596668404 0.07847967746368281
0 0.3276438667339727 0.7487362583431487 0.04069914184755175 0.08036415390655675
0 0.32757877776375566 0.5524647490184531 0.039937969459868834 0.07982643561052219
0 0.7238639057294296 0.7461796570475069 0.039663702423018775 0.07954521908127206
0 0.5258950261231701 0.8459649365920691 0.04093694775365983 0.07851212681586182
0 0.0795092404088844 0.15964514860620338 0.0410225191822312 0.08065170278759323
0 0.4762296211509338 0.8455424697683549 0.04161875769813227 0.08012106046329018
0 0.9702684500252396 0.2530604939144091 0.04092811660777369 0.07914807852375341
0 0.9211564096415951 0.059229602473498226 0.03987718071680969 0.07981079505300352
0 0.7236201571176173 0.35491122369454253 0.040753691317516424 0.07917855261091479
0 0.5260407747349823 0.1608290656654888 0.03965095885916209 0.07811180231645072
0 0.22909295671378088 0.06141383588535532 0.04046758934881373 0.08172539458186101
0 0.5265402691822312 0.9435136989595602 0.039072461635537487 0.08036760208087952
0 0.22868483657243818 0.1592429151943463 0.03933585184250382 0.08046070278759325
0 0.5258142733467944 0.4535137028857479 0.039513453306410894 0.08068759422850405
0 0.3283962722110045 0.06255001953278366 0.04031096945986872 0.08031696093443266
0 0.5256767761231702 0.35472162357675696 0.04050044775365984 0.08063975284648607
0 0.47660299545683993 0.9440388156654888 0.04205000908632001 0.08080436866902237
0 0.02998470835436648 0.2573791775618374 0.04103958329126704 0.07981037711032583
0 0.4766452426804644 0.5521692490184531 0.040872514639071156 0.07800850196309374
0 0.029014961130742048 0.6483659610325873 0.04004658051489147 0.07961374381625437
0 0.17905305312973246 0.3554150904004711 0.04134689374053512 0.07957281919905772
0 0.9226716304896517 0.9392177071063995 0.039437152953054014 0.07913722025912841
0 0.8725722491166077 0.45123353582646253 0.040197501766784424 0.08226192834707498
0 0.4761084954568399 0.35591010698861403 0.04106100908632005 0.08178978602277191
0 0.9717314487632507 0.8387625147232037 0.04006814740030283 0.07392275225755786
0 0.4767881169863705 0.06117020259128386 0.040842766027258955 0.08185159481743227
0 0.5756946824835941 0.4532090861798194 0.04115463503281162 0.08069182764036127
0 0.5259188976527006 0.25710662779740867 0.03940720469459872 0.07987874440518254
0 0.47671086698637044 0.6493848946800157 0.04068826602725894 0.07981121063996867
0 0.02883886148011371 0.35491822795652267 0.0393617507239831 0.07954585402847512
0 0.2786632401564866 0.06118420259128386 0.041488519687026736 0.08187959481743227
0 0.7724413231953559 0.25604676109148017 0.04059188414941945 0.08021287828818213
0 0.1289277724634023 0.3551893404004712 0.04079345507319535 0.07912131919905772
0 0.5264056462645128 0.06134991941499803 0.039749707470974116 0.0797571611700039
0 0.5754116824835941 0.35482035698861397 0.04058863503281163 0.07961028602277187
0 0.8715153817516404 0.05985970259128386 0.040923242049470024 0.0786171279937181
0 0.5258704004290761 0.7472172571652924 0.04057219914184752 0.08039348566941494
0 0.5755318067895002 0.16086056566548879 0.03956689475012628 0.07878826914016487
0 0.67469624659263 0.35465312357675693 0.041341004038364555 0.08050275284648606
0 0.7239634057294296 0.25632402767962303 0.040493696870267624 0.07954047781703966
0 0.9707849570923773 0.9341566058107575 0.03975265017667868 0.07760355319984293
0 0.17840468160020193 0.6497512779740872 0.04131213957597173 0.08115744405182578
0 0.9217060339475012 0.4501525855908912 0.040976429328621986 0.08071349469964659
0 0.42749873801110544 0.061653415783274435 0.03975265017667842 0.08036415390655673
0 0.17770381120646137 0.8465842167255593 0.04054139323573952 0.08036415390655675
0 0.178177057041898 0.7481227915194346 0.040856890459363956 0.08036415390655675
0 0.6248260888440181 0.6486286612681587 0.0400358223119637 0.07952567746368278
0 0.6748367521453811 0.8444393696505692 0.04162201514386672 0.07914179387514725
0 0.17930167882382633 0.15959853190027484 0.04089765345784956 0.08055846937573613
0 0.9698793215547701 0.05923721917942677 0.04046535689045945 0.07921256164114644
0 0.22859196226653203 0.35616195710639964 0.04072758934881373 0.08106655261091476
0 0.3276438667339727 0.35596412446014913 0.04006814740030288 0.08005742049469965
0 0.17892317743563857 0.25805547791519434 0.04077164512872289 0.07993604416961132
0 0.9710215800100958 0.7430616902237926 0.04054139323573947 0.07883048684727129
0 0.1290246467693084 0.2578091112092658 0.040671706461383114 0.08005677758146837
0 0.12878140509843514 0.5522632324303102 0.04081621756688542 0.07880993561052217
0 0.12795852940434124 0.7481787737534353 0.04137894674406863 0.08047611837455834
0 0.5758550637304392 0.8451454697683548 0.04273738642099951 0.07932706046329022
0 0.12919364538112066 0.45427955300353356 0.04037870923775872 0.08037889399293287
0 0.773334940560323 0.4515760192383196 0.041117129984856046 0.08049302787593247
0 0.37731530426552246 0.552048749018453 0.04066039146895507 0.0777675019630938
0 0.42682558493185263 0.6499004947978013 0.039983830136294835 0.07900201040439736
0 0.17966180174154467 0.06074833588535532 0.04193339651691067 0.08162132822928937
0 0.5757864310954064 0.061102936003140956 0.040707137809187395 0.0804901279937181
0 0.42669996201413424 0.1607652321358461 0.04067907597173144 0.0798245357283078
0 0.22850758240787478 0.25802134462112286 0.039927835184250374 0.07925431075775423
0 0.32819089512872285 0.16032124872398898 0.04053120974255425 0.08016350255202198
0 0.37821192718324076 0.061229686003140944 0.04150714563351841 0.08074362799371809
0 0.12939827801615345 0.06037008588535531 0.04110347173144876 0.07963789458186099
0 0.7232650369762748 0.060920552709069486 0.04067444548207989 0.07951189458186099
0 0.42651058632004035 0.45430543629760495 0.0399848273599192 0.08104412740478986
0 0.47628374406865215 0.747591123871221 0.04078051186269559 0.08052775225755798
0 0.27748187140333164 0.8449619863564978 0.04070326829883898 0.07834662681586183
0 0.6247633770822817 0.3542770906949352 0.03959490156486619 0.07791028661170005
0 0.8221751010853104 0.15771854848841774 0.0391003283695103 0.0786389030231645
0 0.42631562342251383 0.9447389085198272 0.039910398788490654 0.08220455437769934
0 0.22823846365471978 0.45457341970946213 0.04096708379606253 0.08096662740478999
0 0.8710878344270571 0.15704750687082839 0.04038364462392729 0.08097762073027091
0 0.22833583379606257 0.5518793823125245 0.0402153324078748 0.07804223537495097
0 0.772494952044422 0.15827444051825676 0.04069914184755175 0.07852375343541419
0 0.27825411446239273 0.35579945710639965 0.040354771075214554 0.07972808578720064
0 0.07963875845532559 0.06079066882606988 0.040335063604240266 0.08170599411071847
0 0.27803111585058055 0.160415998723989 0.040539768298839006 0.08035300255202202
0 0.42669258493185264 0.3559590904004711 0.03971783013629485 0.08066081919905767
0 0.6740892535335687 0.45234123606203375 0.04075801236749105 0.08018306105221838
0 0.921156285335689 0.2543568108559089 0.040192429328622124 0.0786733782881822
0 0.9708339430843007 0.15689533166470354 0.04079711383139823 0.07944633667059287
0 0.7727315749621403 0.35274342363564976 0.039910398788490654 0.07852375343541418
0 0.4265522463402322 0.7475093246957204 0.03975265017667847 0.07975068708284253
0 0.9218040131246845 0.744288623871221 0.04054139323573957 0.08067088731841388
0 0.7733278120898536 0.06079893600314095 0.04078737582029289 0.07988212799371809
0 0.8227355927561837 0.2561280110914802 0.03990581448763249 0.0779215109933255
0 0.3773503042655224 0.6498016280918727 0.04073039146895506 0.07941774381625431
0 0.03010289941948511 0.05979727954456221 0.03980682104997476 0.08039562544169611
0 0.6248623374558303 0.7467620237534354 0.03947732508833914 0.0807099524931293
0 0.8226383483089349 0.4510876525323911 0.039080331145885945 0.08074322811150386
0 0.3275440235991923 0.6494693946800157 0.04081495280161533 0.07998021063996871
0 0.42705783354366483 0.25841147791519437 0.039817332912670415 0.08064804416961127
0 0.575390682483594 0.2569576277974087 0.0405466350328117 0.07958074440518259
0 0.1289926481574962 0.1597371486062034 0.04123870368500757 0.08083570278759322
0 0.27799024432104996 0.45417743629760504 0.04014252801615343 0.08201506105221841
0 0.3274817735991923 0.8464303032979976 0.04069045280161535 0.07882939340400479
0 0.4268605849318526 0.5519421323125245 0.04005383013629482 0.078167735374951
0 0.128653149545684 0.6488099112681586 0.041190700908632014 0.07988817746368276
0 0.0796630489651691 0.2578094326658814 0.04069914184755174 0.08067088731841382
0 0.17899255174154466 0.45433955300353357 0.04059489651691067 0.08049889399293288
0 0.07808556284704696 0.7481227915194345 0.04069914184755174 0.08097762073027089
0 0.4759988697627461 0.45373493629760503 0.04052626047450783 0.07990312740478996
0 0.029862831272084802 0.4534828361798193 0.03984933745583038 0.08123932764036126
0 0.625004590232206 0.8450886030624263 0.041023819535588146 0.07982679387514717
0 0.32802002221100457 0.2579188612092658 0.04113595557799086 0.08027627758146841
0 0.47630062392730943 0.16083398213584604 0.040183277132761167 0.07996203572830778
0 0.3777568028773347 0.2583318446211229 0.04091239424533062 0.07987531075775424
0 0.22739946365471983 0.9440715656654888 0.040551072690560346 0.08086986866902258
0 0.625222340232206 0.9433925656654887 0.04051282786471485 0.07951186866902245
0 0.029705958354366485 0.5517572490184531 0.040166586067642604 0.07963836925795063
0 0.8733490088339222 0.8415244691794268 0.04143552397778894 0.07760626069886149
0 0.8219491418475517 0.059966382018060455 0.04022589601211511 0.07944395367098546
0 0.5758094310954064 0.6492006446800157 0.04075313780918738 0.07944271063996863
0 0.6248269631499243 0.45319095288574796 0.03972207370015133 0.08004209422850418
0 0.9219355339475013 0.5485266317235964 0.041119932104997654 0.08053873655280726
0 0.37735217995961634 0.35567947369454256 0.041049640080767294 0.08071505261091477
0 0.07887430590610803 0.35473719081272087 0.04164563351842504 0.08067088731841382
0 0.17909405174154464 0.551871765606596 0.040797896516910646 0.07864046878680812
0 0.6743979993690055 0.2565308777974087 0.04042901236749127 0.0781137775814684
0 0.47655149268046443 0.25814209462112286 0.040685014639071225 0.07949581075775418
0 0.03051570557799091 0.16005088201806042 0.040839588844018164 0.08023623596387905
0 0.029341241797072183 0.7472025912838633 0.03912165572942958 0.08097762073027089
0 0.624059721479051 0.06151653612092658 0.04008057370015144 0.080090394581861
0 0.723737652953054 0.4517776193561052 0.03972669409389187 0.08028276128778956
0 0.22844495810196871 0.7483389574008638 0.04011808379606259 0.07895608519827244
0 0.871876577486118 0.35243669022379265 0.04101463907117621 0.07913722025912835
0 0.2783144901564866 0.25730801109148016 0.04079101968702672 0.08089497781703968
0 0.37691693273599186 0.8457642031802121 0.04144113452801612 0.07933759363957597
0 0.9206208985360929 0.3515164899882214 0.039752650176678374 0.07975068708284253
0 0.6746482479808177 0.6487541612681585 0.0415605040383645 0.07977667746368272
0 0.028631373043917212 0.8461241166077738 0.03896390711761736 0.08005742049469965
0 0.3771769308430086 0.7482761582253632 0.04006814740030288 0.08005742049469965
0 0.07839674457344774 0.6489871446800156 0.04069051085310449 0.07901571063996855
0 0.2779877429328622 0.6499961280918727 0.039822028016153456 0.08103367746368276
0 0.7742301867743563 0.9412114742834706 0.041330136294800666 0.07883048684727119
0 0.07915799179707218 0.4544839528857479 0.04095101640585562 0.08262809422850416
0 0.27787417970721856 0.5524268747546133 0.04085689045936393 0.07852375343541418
0 0.7732253190307925 0.5497923153710247 0.041213384149419496 0.07816236925795057
0 0.8730017491166078 0.7440315735178641 0.04105650176678444 0.07892985296427163
0 0.7739910634780413 0.8434359360031409 0.041798381373043925 0.07958879387514736
0 0.376945057041898 0.944498049077346 0.041181885916204 0.08049590184530823
0 0.4264330877082282 0.8467271700039262 0.0404608245835437 0.07880965999214773
0 0.37756167718324074 0.4551160695916764 0.04052214285714279 0.08205192716921865
0 0.8230487170620898 0.6464256440910875 0.04053206309944477 0.0781869772281115
0 0.6240219673144876 0.15953826531213192 0.040005065371024835 0.07982446937573617
0 0.8732361331398283 0.9403441817824891 0.04152526981322556 0.08077670278759323
0 0.8235674642857141 0.7444660735178641 0.03999207142857131 0.07979885296427161
0 0.5761989283190307 0.7468235071652926 0.04027014336193844 0.07960598566941504
0 0.32732836951034827 0.9453523753435414 0.04069914184755175 0.08036415390655666
0 0.6743976250630995 0.5499903153710248 0.04074376097930344 0.07855836925795057
0 0.07922886610297829 0.5515670321947389 0.0407772677940434 0.07925793561052222
0 0.1284081564866229 0.8466484863564978 0.042278200908632005 0.08110615999214765
0 0.5261457733467946 0.5509405487828817 0.04017645330641092 0.07923190243423632
0 0.5755793123422513 0.5519663989006673 0.040923894750126116 0.07944320219866509
0 0.9221983846542149 0.839989448370632 0.03912165572942956 0.07699008637612881
0 0.9705483341746591 0.35059628975265017 0.04022589601211511 0.07913722025912841
0 0.17762493690055525 0.9436653415783274 0.04069914184755175 0.07944395367098561
0 0.3276022735991923 0.45400956959167654 0.040931452801615364 0.08106586081664711
0 0.7245907758707724 0.8449605864742834 0.040486448258455404 0.07895729387514727
0 0.8225643427561836 0.3519448066352571 0.03956331448763249 0.07938038672948568
0 0.9218795395002524 0.6463229776207302 0.04069244598687526 0.07982204475853945
0 0.6749906208985361 0.7474792405771497 0.04129875820292779 0.07969051884570098
0 0.27749286862695605 0.747880857283078 0.04072526274608786 0.07988028543384364
0 0.6246862173144876 0.550374965253239 0.03975607925290256 0.08116806949352175
0 0.871882254669359 0.25447706085590893 0.04134149066128216 0.07891387828818217
0 0.7243747800353357 0.9420467321358461 0.040369953811206366 0.07866060208087945
0 0.9711004543160019 0.5478258735767569 0.041645633518425026 0.07975068708284262
0 0.9709427057041896 0.4505913820180604 0.041014639071176105 0.08281802120141336
0 0.6738812521453811 0.15928164860620336 0.04065750681474002 0.07931123596387908
0 0.9206208985360929 0.15658740675304278 0.039437152953054014 0.07883048684727129
0 0.22795108657243818 0.846047436592069 0.04070782685512369 0.07867712681586189
0 0.029020157748611806 0.9427566094424813 0.039448326602725896 0.08003448429524931
0 0.6247020874558304 0.2566823612092658 0.039156825088339224 0.07780327758146839
0 0.971889197375063 0.645213731841382 0.041330136294800666 0.07944395367098542
0 0.22817633518425037 0.6502427613859442 0.04052732963149927 0.08091347722811153
0 0.8729843748107017 0.6455486772673733 0.041337250378596785 0.0764330435806831
0 0.7234245328117114 0.15855158166470357 0.04004694548207987 0.07907803572830782
0 0.7239791529530539 0.6480391778563015 0.04020969409389191 0.07957364428739705
0 0.6735580035335689 0.0609720692972124 0.041903992932862115 0.08084186140557517
0 0.07816443715295304 0.8461241166077738 0.040541393235739534 0.08067088731841378
0 0.27733124432105 0.9438508156654887 0.04071751135790004 0.0804283686690225
0 0.0778556230439172 0.9432543322536315 0.041185753912165564 0.08046233549273651
0 0.7737286850075719 0.7451736736356498 0.04064262998485617 0.07937365272870048
0 0.127776375567895 0.9438187082842557 0.041330136294800604 0.07975068708284262
0 0.8235712142857142 0.842630669414998 0.03999957142857135 0.07981866117000387
0 0.8231322564361433 0.5492061739301138 0.04006814740030283 0.07883048684727129
0 0.5759689324835943 0.9432021989595603 0.04170313503281174 0.07974460208087958
0 0.8727586248107017 0.549302731841382 0.040885750378596694 0.08025053631723593
0 0.72417352725896 0.5507424154888103 0.03933645381120639 0.07822216902237913
0 0.823684376577486 0.9401379073419708 0.039910398788490654 0.07852375343541418
0 0.37777980426552243 0.16036949872398898 0.04158939146895513 0.08026000255202197
0 0.6748138722867238 0.9437555656654888 0.04157625542655227 0.08023786866902248
1 0.4844767281675921 0.9594184903808399 0.0030934896516910727 0.011129646643109817
1 0.5312972783402455 0.4569213689902263 0.004681190827814317 0.005407908014379378
1 0.6775448730439172 0.2629262847467609 0.004387790509843471 0.010317434432665874
1 0.3832688954155385 0.07914709614549499 0.006189481896195709 0.006767886833589136
1 0.28551585133770824 0.16477647202591283 0.005381724886421019 0.00785380899096978
1 0.13172742131703805 0.3601864811398574 0.005070273147897554 0.005139645090747763
1 0.33341763755678944 0.06620239271692187 0.004542816759212595 0.010532984491558693
1 0.7772358086824835 0.6527025012760109 0.0062931479050984 0.008027467020023573
1 0.8787257387682987 0.4600857265410286 0.003654024734982337 0.009844251668629825
1 0.9789910542655222 0.9421763049666272 0.003148633518425064 0.007579074401256294
1 0.03255508897021706 0.7558869976442874 0.0046147084805653734 0.01269106164114654
1 0.384688665446744 0.9531044062622693 0.004537358657243828 0.00842114428739688
1 0.3310732771327613 0.370195398409894 0.005761068147400243 0.006198327640361137
1 0.3871867786471479 0.660856052218296 0.0036425961635536907 0.008283969375736215
1 0.3302009028268551 0.657075035041225 0.0059283306410902875 0.007257468197879744
1 0.5844897811711257 0.8545623601295641 0.008140579000504796 0.009195852964271722
1 0.18469154555779907 0.7493795634079309 0.004165621655729445 0.00730192540243419
1 0.93133576249369 0.26702681851197485 0.004441044422009302 0.009477968786807968
1 0.4340243245835437 0.16554417226148407 0.005563163048965082 0.007545342167255602
1 0.2818399950782433 0.8557952606007068 0.003899515143866645 0.012251253435414097
1 0.07657022009086319 0.4572225712603062 0.004923668854114092 0.006982026698076163
1 0.23237033455325593 0.46440862701217117 0.005665691317516419 0.009173519434628987
1 0.6777718702675417 0.3612488972320377 0.002987304391721324 0.010595059874362019
1 0.9287449520444219 0.9421316745190419 0.0048902069661788715 0.01380300353356883
1 0.18011856499242804 0.5656100736160188 0.005108654972236286 0.011668545347467467
1 0.43038283846542147 0.9592496906164114 0.004643207470974277 0.013921113466823539
1 0.8792153644623927 0.059633225657636436 0.002990270570419032 0.013855849430702788
1 0.028078065244825843 0.46108186042402827 0.0050503308934881416 0.007238517078916354
1 0.7278398618122159 0.5525421255398507 0.0028639411913174632 0.007131100314095127
1 0.6306525812720847 0.6569515350412249 0.007309173649671813 0.007504468197879828
1 0.48653583581524473 0.550684472909305 0.003076738263503387 0.01084640557518658
1 0.9274587749873803 0.06680289271692187 0.00651606940938925 0.010558918138987041
1 0.7786899302120142 0.14830541990577148 0.0059088826350328005 0.009509105221829609
1 0.23416932483594144 0.16167043826069885 0.006484671882887381 0.010998542402826864
1 0.027128738263503278 0.6538628513937966 0.00600249318525997 0.014908769140164837
1 0.978421301489147 0.24967213309776204 0.004288139071175984 0.01412746525323912
1 0.18560390969466148 0.8535243153993358 0.005548620891707452 0.007318400166720115
1 0.23292208455325597 0.06295000942285041 0.004562191317516349 0.018264684727129943
1 0.13511939898775205 0.27538376774016904 0.006311953904195125 0.012463458671708751
1 0.08132517009864149 0.1619193443828354 0.006936362408287535 0.008097020528529045
1 0.6287717083543665 0.36281438064389476 0.006022963907117632 0.009304493521790351
1 0.7312853870519939 0.3606436140557518 0.006384299091368055 0.01425949352179037
1 0.7833035714285713 0.8491319444444444 0.005178571428571489 0.007291666666666647
1 0.7820987235198261 0.9497055872412336 0.004583107007061419 0.006931242078580387
1 0.08319805194805195 0.2632575757575758 0.004870129870129869 0.006313131313131295
1 0.23634113619541078 0.36349489061600465 0.004047927461139926 0.005622121473805376
1 0.0320844459279039 0.2614307502596054 0.003755006675567423 0.00527323468328141
1 0.780979982718894 0.4543220766129032 0.003780241935483884 0.009100582437275998
1 0.03259561803444777 0.35609362687155244 0.0050658561296859144 0.005540780141843991
1 0.13135822510822512 0.07452125420875425 0.0037878787878787685 0.008154461279461277
1 0.18506493506493504 0.16619318181818185 0.002976190476190459 0.006313131313131295
1 0.5813466494845362 0.16687249427262316 0.004832474226804147 0.007159221076746849
1 0.8317286097721297 0.7530927807600545 0.0022965052585451166 0.008789728186775727
1 0.9792675544794188 0.7503567855461394 0.005372276029055862 0.007246056967985007
1 0.829890724946695 0.45638128800442235 0.002887348969438465 0.00950110558319513
