0 0.9658299157730645 0.4426469596851846 0.03566185967466005 0.0736726025290564
0 0.7783412723614602 0.6356122385341036 0.03810451801810878 0.07573716435636214
0 0.96574419864243 0.34948374806451404 0.03817668836831366 0.07313990624525418
0 0.9680149115438794 0.7240016841910542 0.035834565349222684 0.07221536064016437
0 0.6802541204755357 0.5415208589809456 0.03886686712903964 0.07625620793387676
0 0.18093973532458452 0.7393865963527949 0.03916006833826371 0.07459047613809536
0 0.3804461065237575 0.7404373137442121 0.040470066824148894 0.07729834058413557
0 0.08752261817972028 0.0741708197099602 0.038750010304416764 0.07326343295485263
0 0.18392063292226635 0.07074180567629412 0.038545483640389684 0.07425138864741178
0 0.03917080550037123 0.07606319305410728 0.03804702709048219 0.07241372245394505
0 0.23262326003525288 0.06917030412459552 0.038862603126722524 0.07477217613506729
0 0.9595619028181417 0.07266415106564822 0.034374559888553896 0.07365069786870353
0 0.9612025228395311 0.16461591446703053 0.034633754107044376 0.07272985628935996
0 0.7761518480574122 0.3496466584206564 0.03825873814644503 0.07572756363354366
0 0.28188809069174 0.0686704463167247 0.03874656604113179 0.07477167613506729
0 0.18211014198153352 0.9324786362120164 0.038900252021362214 0.07570199994004036
0 0.9636548622198942 0.2570948969733395 0.035173255566020724 0.07221721386958249
0 0.13158002153851453 0.4518659227170452 0.037206916053002234 0.07572069929405678
0 0.6286197196343156 0.25405819976783867 0.03901918921112857 0.07583740521288733
0 0.2319776652441963 0.9321579998093196 0.03926839362900979 0.07411399949872016
0 0.03711420430738667 0.26312125541652187 0.03810776566732887 0.07391948916695633
0 0.4807079283632432 0.641525675803679 0.03985977175327368 0.07657797504063231
0 0.13568334038187546 0.0732243830378867 0.03810759541869845 0.07384227011161319
0 0.23007244689140582 0.5469037644149343 0.03964510621718842 0.07732047117013129
0 0.1325638522802737 0.3560476391634399 0.039010605746227396 0.07563869052262519
0 0.3310609241368438 0.06699901922373393 0.03937710757004761 0.07438055813768925
0 0.08337965536409117 0.4521902543857158 0.03771351176743553 0.07573821087411363
0 0.038027142641422346 0.16958245161819796 0.03768613566311479 0.07345602438883096
0 0.3798543709695562 0.6431419496385907 0.04029394432384242 0.07787180555959461
0 0.42897782987454675 0.06601459450522772 0.03895063850960698 0.07397281098954459
0 0.6277789910476089 0.15951852897816685 0.039520320688590065 0.07449050774194377
0 0.2802721371482394 0.2573209282604822 0.03914897415828822 0.07536835288798294
0 0.27999413317688476 0.740477891521822 0.038939091473117735 0.07610692273232185
0 0.9667959272291367 0.5365392908309987 0.03423605389315071 0.07210922308656692
0 0.629207839655705 0.349243009014227 0.03918808064581125 0.07588962339611545
0 0.4802031183525486 0.4471010573109024 0.040361174644028226 0.07579528775247749
0 0.4814238740805845 0.8353795333467429 0.040955880318590904 0.07557290137907414
0 0.8259529260543162 0.5392098286941447 0.038469164808108615 0.07583470118714099
0 0.9140150262666149 0.07193528154050469 0.03679633590375132 0.07283919786870358
0 0.43065982745419495 0.7395471344564968 0.04049843074478314 0.07745669915956609
0 0.08506442650954188 0.2622716049318349 0.03848917649950836 0.07561879013633027
0 0.2307591191205217 0.45019614689135695 0.038768636501417805 0.07642077808920003
0 0.7751027765906454 0.25518936810584103 0.03767161812505574 0.07486854663745662
0 0.2809041371482394 0.16218456228860345 0.039547661014441265 0.07561273167896533
0 0.1343185977615235 0.16618390969567065 0.03858883399554513 0.07469199967172593
0 0.2805565867203853 0.8368189304729121 0.03954481067381072 0.07494117118062328
0 0.9680986072612205 0.8172411239122989 0.03633773965327083 0.07193115454968432
0 0.47907043297449703 0.06548655925049217 0.03968001799665978 0.07502788149901568
0 0.08296972588835817 0.6432714489035316 0.03836939892860832 0.07542263499547149
0 0.626221816743561 0.06635026557678454 0.0380848864273207 0.07427082742186157
0 0.6755547433485611 0.06651502652649745 0.039037924652002974 0.07427722979614383
0 0.18165129437866623 0.8362360546970629 0.03902562278750245 0.07544077898849398
0 0.8734342326379271 0.5378365707122846 0.03722998590215635 0.07438066332399519
0 0.23201754083455994 0.16349542009647428 0.03868954049795308 0.07423758483174038
0 0.08432809078872072 0.35637424519377936 0.03829860829434904 0.07629190258330419
0 0.32923510341272916 0.5458021926890976 0.03928659571574636 0.07641776769644854
0 0.1334758477615235 0.2611325958849882 0.03866923209519798 0.07426766348047731
0 0.03434873056319391 0.5478419942099716 0.03918253887361218 0.07706501158005687
0 0.3309477496341889 0.836942599017688 0.04046999970146693 0.07585465201400289
0 0.1821525692633416 0.25948589542792244 0.03847060889792852 0.07503528101606909
0 0.8219955774462202 0.16218586565417167 0.038781147891367544 0.0740090296413696
0 0.9685237138256917 0.9082615200188701 0.035509038435386255 0.06623950265442702
0 0.5790367272905848 0.2538950394116963 0.039077042421128826 0.07583420402574612
0 0.1830985854356116 0.16449488571221593 0.03880507758354378 0.07357194108791265
0 0.6795918591407653 0.4453209487354717 0.03888547593696023 0.07611250490333869
0 0.03535016709135359 0.8351393069314667 0.03839789149494719 0.07415577910793057
0 0.6780337991300704 0.25357216988655273 0.03912718460922433 0.07551158450060262
0 0.08342749205474691 0.5482364640582743 0.03846507230991979 0.07659164776209369
0 0.6305162829507927 0.5423286577938046 0.03928659571574641 0.0756099688835898
0 0.7725380036785013 0.06853772474578575 0.03774670677593053 0.07347583335756724
0 0.3298067070600867 0.25599876751227046 0.040094020141096004 0.0751948673497413
0 0.5280663468092321 0.06592663029610514 0.03913013500762843 0.07450059624428014
0 0.2312770031782952 0.8366523945369553 0.0398044046169648 0.07494117118062328
0 0.13216549332880773 0.6443137398242559 0.038705803214175036 0.0768760650796355
0 0.23054148700602523 0.7401448196499082 0.03971787330258009 0.07577385086040786
0 0.18096344400580283 0.5470486206711065 0.03886136044316145 0.07727711181056199
0 0.330312152777428 0.16129543636645635 0.039425997228951896 0.07416688821680023
0 0.7734622922759027 0.1608917869600269 0.03791636962390642 0.07497518702965908
0 0.8725051298006458 0.44313484016004107 0.03721858600910301 0.07529460252905641
0 0.0367552478331128 0.35754662458699016 0.03760067359201524 0.07516532670466206
0 0.08578645936427669 0.16753559636774418 0.03880948887283526 0.07430573488973853
0 0.9189380006241362 0.44313323956647055 0.03589723279910291 0.07335268419105402
0 0.7772895437747536 0.44442756826061536 0.038855215234301015 0.07497198300391296
0 0.37914083237215485 0.4483008759770327 0.039874215737135746 0.0765793274590204
0 0.035519424143780294 0.4523285063833111 0.037424631277454996 0.07475241135473565
0 0.52877724067489 0.15895281980916565 0.03946082143402786 0.07529780655480266
0 0.18130399097737987 0.45060189689135693 0.03867714124246852 0.07689920621728616
0 0.37989805224109885 0.16040390648517044 0.039373958258831575 0.07496878465537685
0 0.1815094126914181 0.3546331012396935 0.03856879678423675 0.07547872564869913
0 0.9186424192001483 0.3497274383019423 0.03732076716731879 0.07524288434582836
0 0.034494850454447806 0.643355982036632 0.03865491970465398 0.07559170126167235
0 0.13243389266003294 0.7402437239314897 0.03880758295383995 0.07644625102686858
0 0.4298440456463232 0.642334150825732 0.03970632430245308 0.07722556650930745
0 0.3798134708171108 0.2552698979871269 0.039372686845538275 0.075998964975459
0 0.9169390705194392 0.25628709816048056 0.03643244132614074 0.07350969197015667
0 0.18102741217634044 0.6439114342907485 0.03950848467054499 0.07715490959596728
0 0.035982167091353615 0.9291096887277874 0.038842032543481245 0.07306659139393008
0 0.6314783025571544 0.8323000442964557 0.039195937712277786 0.07555319425622742
0 0.13197259522784702 0.5468053424526872 0.03815603522196041 0.07625401158005679
0 0.28010465280543173 0.35298892155990885 0.039506255987750635 0.07618722875209633
0 0.2307100251773676 0.35371690359193037 0.03884351124387897 0.07664397720039776
0 0.3795589765451468 0.35183276699608707 0.039871046909706304 0.07654546600782589
0 0.4315969959788899 0.9318276819363467 0.03928521673065657 0.07277620401318304
0 0.38162919040610016 0.9322994501249853 0.03972593027133619 0.07338666851854617
0 0.6805194405647531 0.925468307697838 0.03771859296064794 0.07286479885001762
0 0.5296586707069741 0.3501345388955129 0.03937687571668653 0.07638020505811303
0 0.4790245854831832 0.1595153277910257 0.039850914686807036 0.07513034441794861
0 0.429565240302171 0.25462871071755155 0.039484496483513994 0.07633218806202594
0 0.47948894404850056 0.25429893881812576 0.03977228320934553 0.07631888331346147
0 0.42998851171546426 0.5450406354888637 0.04033103931010048 0.07683337044684214
0 0.6769851133699505 0.15919380885945275 0.039548184609224546 0.07513354560508972
0 0.13286237343755383 0.8359723672348611 0.03845984552873523 0.07550632383607714
0 0.4312076050641587 0.8364025906330197 0.039890935931349555 0.07677306647614944
0 0.9220919149709634 0.8199164635561565 0.037168318452276326 0.07308128001053352
0 0.4296512074328057 0.35078102794579996 0.04049588791819678 0.07702694410840016
0 0.3794766152415202 0.545479073163954 0.040042107171818365 0.07674088722159206
0 0.8255641571933924 0.44458500143788193 0.038698975694356964 0.07464061030815906
0 0.32965483199943585 0.6433035094011625 0.03995816145447708 0.07787180555959461
0 0.3296381799187573 0.44920478541147657 0.03942118298907193 0.07580219012675969
0 0.8205660931314775 0.06942815403350107 0.038104767912756896 0.07364109430728016
0 0.32980607135344 0.3520748566399447 0.03992485729311999 0.07606028672011066
0 0.429691408878183 0.1600823875535975 0.03923315933148994 0.07432574679223089
0 0.871830656941975 0.3489972181832282 0.037548554638588555 0.07378244410840011
0 0.0343718716117279 0.7390843414688795 0.039064849180386975 0.07707174118359872
0 0.379855196407204 0.0657700239957566 0.039612728655161585 0.07453924048007346
0 0.27971526189070056 0.44944673517955075 0.03924666204459648 0.07692038589707077
0 0.5771180689012099 0.06525868945678445 0.038093880031984426 0.07531887043329684
0 0.5796871511006123 0.3496686409269653 0.03970632430245308 0.07609464817130504
0 0.3316402501492665 0.9327665384131791 0.03977824918638932 0.07532006071067542
0 0.9679316015331846 0.6300272225703835 0.036171619631881376 0.07264512055751042
0 0.0837315484741605 0.8353870189921453 0.038745241568160615 0.07496677910793019
0 0.867495043005391 0.07041259132165585 0.03626454989145826 0.07302501268244137
0 0.4802450912112191 0.5439920976257178 0.04061301179605223 0.07732125092169852
0 0.2799090270328153 0.6434337561626623 0.04015338021513415 0.07653262521170896
0 0.2799634492619312 0.546320888639085 0.039569974158288335 0.07682086336226049
0 0.48125421123260853 0.7393823735067839 0.040616554622638947 0.07712717726014023
0 0.5802143744533034 0.44629325849804347 0.03958553096505671 0.07579528775247744
0 0.7242148328015372 0.06691867593292689 0.037973722833906716 0.07249957240785433
0 0.680589903344901 0.8311167333908487 0.03819530139030896 0.0751252895958744
0 0.2813968655976526 0.9330306439996403 0.03988769195029684 0.07491256024343541
0 0.23121222820579052 0.2582477157481377 0.03898260415687779 0.07555656850372462
0 0.43002959886748837 0.4480741170734742 0.03957375644073521 0.07677204870219045
0 0.7276607857457653 0.3494869492516552 0.03932521137783475 0.07573126482068485
0 0.0832358435332074 0.7391533798345673 0.038739901612676604 0.07600971338809964
0 0.5816843102134236 0.9286205736615581 0.039335465226326013 0.07464565742544838
0 0.13335005845594325 0.9316289080127873 0.038451384823754924 0.07305581590565531
0 0.48158974410197397 0.9308048316434181 0.039776597449225445 0.07255178288629736
0 0.580760657322669 0.5432634781005743 0.04034231383442217 0.07554089234626785
0 0.9208333649174899 0.5372756633239952 0.0381769384736655 0.07390508759770338
0 0.4795717540591952 0.3502169193703693 0.03977001179605227 0.07783744410840013
0 0.5294086049682433 0.25421680834326926 0.03988409284732135 0.07518526378831793
0 0.531628227922696 0.8350749475738569 0.03995816145447708 0.0756099688835898
0 0.8244341817823523 0.34932378889551285 0.03828583065378612 0.07508182458325657
0 0.7777643729247716 0.5397030363180805 0.03886889906272446 0.07639311574612785
0 0.7256416599963399 0.16024554790973983 0.038309005703272093 0.07465206750451556
0 0.5317215407283634 0.9298320218808463 0.03896954702303302 0.07254488051201506
0 0.8272540846731071 0.730070028848919 0.03872100196013262 0.0749815837267313
0 0.38137517474890775 0.8371088849536445 0.04060239998710681 0.07618722388591598
0 0.531555170706974 0.7382482539816403 0.0404836127617637 0.07744389441100155
0 0.7787196637961428 0.7312059989676332 0.03869340945279138 0.07466856776301113
0 0.6303452853730463 0.4455648889728999 0.039951949168349946 0.07563102680276455
0 0.08434619268776 0.9301463404850716 0.038498783882720815 0.07419316727257232
0 0.3303987556147093 0.7404386643377827 0.03976709433819721 0.07730104177127664
0 0.9208291863842566 0.6319675403148154 0.036489667060372225 0.07361768032008226
0 0.9155119933246365 0.16411725361328414 0.036096658456775406 0.07205565410701072
0 0.8748589027127898 0.8222593301134473 0.03806462883568973 0.07324333977310536
0 0.8692252968778069 0.16315682482317287 0.03754246898541514 0.07368911130336718
0 0.8231306160436215 0.25543170774969876 0.03836496213124739 0.075353225925172
0 0.8734971617952966 0.6326405650714256 0.036348495608799505 0.07270189315729773
0 0.8269569818358258 0.8246118002321614 0.03779101341620466 0.07374772618366766
0 0.5784453144426088 0.1601615668413128 0.03940523963732097 0.07351474679223091
0 0.6311853782531065 0.735816854575211 0.03928165484291243 0.07516605179929105
0 0.8741444784087419 0.728210240985773 0.03663578022759402 0.0748163227770185
0 0.5309222850003273 0.6412007056849649 0.04039308139124909 0.07689739337863462
0 0.5811377773440582 0.640309175803679 0.03992131383442214 0.07705305076692415
0 0.7300181014844961 0.7326632380179202 0.0386673169454504 0.07499808966243707
0 0.726443822844316 0.2540568491742681 0.0380665256177146 0.07551158450060252
0 0.5306706978483033 0.44661477742961647 0.0400577985218839 0.07643832561562353
0 0.6305129268077291 0.6390972275843908 0.03911199199493654 0.0768909910043523
0 0.23049369689140584 0.6439439538104256 0.03962229307334137 0.07688687676340747
0 0.8705279769098909 0.25607609620641525 0.037461566094660566 0.0740570466374566
0 0.5814331087680463 0.7372788954062097 0.039336736639619556 0.07550517726014036
0 0.5818956959200703 0.8337588839403133 0.04026191094366745 0.07588591734279414
0 0.7298901614951907 0.8290626966707381 0.03891511127088792 0.07521776998251933
0 0.6807706420101305 0.7341204770682073 0.039396235894181376 0.07468137251157575
0 0.9214721392558717 0.9120581744393067 0.03643244132614094 0.06930913814329057
0 0.5306706978483033 0.5438289372695755 0.03972201565251847 0.07731804973455744
0 0.7294278243431667 0.923356826629411 0.03748676266279179 0.07219615148974266
0 0.6788690161394036 0.3493455214018218 0.039454487150429075 0.07609464817130504
0 0.6313137672655353 0.9272447921210535 0.038531084259674296 0.07350969197015667
0 0.7284204757350707 0.44507675849804357 0.03866200270557057 0.07562412442848235
0 0.7788460823721549 0.8263079277391651 0.038946246604815486 0.07358566642109583
0 0.9219639749816577 0.7252973634787694 0.03741611277771328 0.07286800206473375
0 0.7292197314631067 0.636181398890246 0.03841370838013308 0.07461364839264188
0 0.6803075548581066 0.6381262684153896 0.03947741019822948 0.07591843124178065
0 0.7780885495027895 0.9197121284101226 0.03860642090886357 0.0700766674534624
0 0.8268441085653173 0.917844760949713 0.03919099999999998 0.07380400000000006
0 0.7296409814631066 0.541075518931573 0.03992777411886386 0.07568864736027511
0 0.826328910369059 0.6341549994838166 0.038045893394815324 0.07411516435636209
0 0.8741442284087417 0.9155033216154039 0.03697106309695911 0.06973704199261366
1 0.2801583582666807 0.933854241760335 0.010086152874436483 0.023382124161100876
1 0.8744179689862547 0.8262143433120721 0.022586589364413233 0.016428730422995672
1 0.3218546530447951 0.643288178052591 0.002840608873398064 0.015540399904033369
1 0.5256431394764058 0.6379315982269466 0.006873930344715403 0.01520547930303149
1 0.38098510555964094 0.7269047083393919 0.0037826224684069628 0.013421416678783655
1 0.031188168089531877 0.6476841204190217 0.008459477227597762 0.010109209687548318
1 0.39910831875226815 0.07308528780481799 0.009270521450190316 0.008294575609635944
1 0.08242624305292519 0.44899458246471075 0.003218598944677554 0.011756133778926441
1 0.22592278290353235 0.6499597020118374 0.010189252663217538 0.009337829048363803
1 0.07827612704903249 0.7375995022153428 0.004468043969855436 0.016468214493768726
1 0.3359794181512876 0.4320086945608857 0.008953459546046946 0.020559193870335765
1 0.7730748455944447 0.5328911416273269 0.008692885407380078 0.00788896847807473
1 0.17666774818846695 0.6443834489084401 0.006246245861856213 0.012829682201138795
1 0.07562390209367381 0.5599000587113144 0.006329086284415654 0.016528662150775822
1 0.8179928371520241 0.6444426792877154 0.01474900000000004 0.029196999999999928
1 0.775791968134283 0.7264783406067539 0.01428893626856559 0.027173083587790043
1 0.12975487054837087 0.5479448815935635 0.008584136032636957 0.009512580279347748
1 0.6358282246656023 0.06649852079354927 0.02480120928842555 0.019137324436237262
1 0.7201668903492644 0.5369351874723329 0.0087371920476543 0.009171343017225591
1 0.12688388920996127 0.2675242099409107 0.0054981698472899325 0.009036854130459966
1 0.7723608069970435 0.15578824929963841 0.008274156820673324 0.006641303347841458
1 0.3284935860745808 0.16687084897151058 0.009541823541065357 0.012910622216729227
1 0.27575031710352005 0.45258357477255357 0.007795381631651791 0.020391287082140566
1 0.18150631287754698 0.17297540343330486 0.008337375240016242 0.011720088147470937
1 0.2753609261887888 0.6425949129724833 0.009093351347422346 0.01507446658539706
1 0.4742631044335092 0.9290777930613314 0.009462317432335447 0.029453749446657393
1 0.577639024881091 0.7314419364399661 0.008713266892816427 0.007578155729070717
1 0.22945779959088 0.7459932867028549 0.0065804718639104675 0.017113782814657134
1 0.5766274977397615 0.9384661158197705 0.009561081132696264 0.028771797337818192
1 0.8701361016951998 0.7421838100574183 0.015368529086351522 0.031008022489119064
1 0.8706487687723611 0.43309092499264906 0.006620188936625916 0.011355849985298087
1 0.38005463553941365 0.9289946968524275 0.007279322772101974 0.022427046619009107
1 0.3245442088263045 0.5368413528424825 0.005856069044513071 0.02422251043352948
1 0.03120601998857117 0.4529608412511322 0.011211293864503553 0.016446651351769266
1 0.3790888555596409 0.6403766511391579 0.008582471076503041 0.011669867976593288
1 0.13317968013284998 0.3584161413637927 0.006325726991888323 0.013981492790669058
1 0.08914761464290731 0.27184945331749893 0.008408360704753877 0.011818028443980944
1 0.12347915653280009 0.44820539276810545 0.010477397694720624 0.008285299113862953
1 0.2913553379114888 0.35017382681803116 0.006525174792822407 0.017707006788837427
1 0.27355517515863353 0.8404122604826044 0.0076860371734199795 0.019459089733725968
1 0.8245740939588959 0.5502519055854804 0.011007953105420987 0.009505203413450014
1 0.17198179361481103 0.7483031101264674 0.006791960941928009 0.019155573405709864
1 0.8276269636876011 0.2512892756968881 0.00401712159369255 0.018558312343489012
1 0.8201927452482969 0.16213368844476675 0.013207686152009067 0.011257160325360912
1 0.4674861127630712 0.05256293793817172 0.007986932682665452 0.014505448530381958
1 0.6750042194723005 0.14695528214877718 0.004539656075235536 0.018167966671836594
1 0.4404959709224627 0.6483837129478841 0.004467484671512026 0.017950991594045507
1 0.23172273799226584 0.9371016490775573 0.008800037583145794 0.02858801066745931
1 0.2270144702747629 0.4470804997972426 0.005929126375523469 0.022071424619173958
1 0.1411130997007632 0.18552779710127779 0.007347982256261214 0.014202594202555516
1 0.17831717144773815 0.5437011486016812 0.009696841865320925 0.008688937843792528
1 0.2254733914737235 0.16168988081023064 0.00537696877344457 0.021634402260891868
1 0.18418692299297107 0.9401465936219233 0.0074757833571727295 0.01683589975619129
1 0.22618684450214638 0.5414672040573151 0.0049884384892152365 0.018485976883146692
1 0.57402252338224 0.14113297832191107 0.00805537246043217 0.01236411996781735
1 0.32168435449017246 0.7392045580112641 0.006874817545662236 0.015317518396810222
1 0.37290694544199937 0.15578294751892677 0.008186542275902731 0.015053014562997047
1 0.4251389064152156 0.25857226976118236 0.009830007048921842 0.017240224745785734
1 0.6527122663642945 0.7945707199827049 0.01122504536618472 0.010567355559237199
1 0.678446629589942 0.054199171121677145 0.009910910571787791 0.016593983667923643
1 0.5463908985969312 0.5324014105588999 0.008418122889814491 0.014684582067512612
1 0.17639885830389107 0.44857587246969466 0.009553027691318586 0.01275231370790598
1 0.033973708857584335 0.07614002423434905 0.00702298342463829 0.01486937415517709
1 0.716973410263707 0.06771181960640812 0.007065363354000749 0.020265041587098544
1 0.5749468119796415 0.6344717168374354 0.008725166785869537 0.011524314149727025
1 0.4214333949591436 0.5482569256009215 0.014890549875508422 0.020778536425264095
1 0.6727743437228749 0.25663355261032106 0.005305796011067403 0.015301507594924454
1 0.4740526044335091 0.8275892018875026 0.009715425997652896 0.01723332804871362
1 0.0827463365390404 0.173231851861507 0.009652311169305474 0.01471499322210634
1 0.37213393041476195 0.8424722800022817 0.007819923458293219 0.02000205690116587
1 0.5703187833394614 0.44555368502066356 0.011097675244240006 0.009694935739604456
1 0.3239899545971193 0.35214973434970587 0.012672886282094543 0.010062871073693929
1 0.7162157416876951 0.2529064739161763 0.007237569028563235 0.01920135020663496
1 0.4785157844655932 0.24756354759631385 0.004650568931186306 0.019547378041766428
1 0.6779842924379179 0.5353062850980507 0.010835584875835918 0.022122733520096416
1 0.18277217350804872 0.35708925649781587 0.011516720728403335 0.00853915363606233
1 0.22779858039018702 0.2659063936293343 0.009379722378988086 0.012711427899099147
1 0.4260278078071196 0.7278663139469695 0.0040228098327297 0.021191791217934474
1 0.12830830540505286 0.06878301849920829 0.007786495565187737 0.017224833120920713
1 0.5743558991316655 0.24837319700274335 0.01074644965523494 0.018251198754051165
1 0.08043065137137807 0.3613222551817559 0.009341415581583338 0.012902903334374714
1 0.6229374928138268 0.15528706407621745 0.004076745584875036 0.02218405242614303
1 0.3786791309267775 0.3428831308989509 0.010241377515643298 0.011793862667739394
1 0.6263443800193242 0.2529030227290352 0.005153868603965913 0.023085686882639768
1 0.671001355178947 0.34728138375613526 0.01120225318448071 0.02109205036140919
1 0.6769334495578578 0.4406970385820869 0.009915224811667704 0.011976479538456089
1 0.32627356947404534 0.9313667491269353 0.006432951061782541 0.018741210766215356
1 0.5258669939399587 0.83219845690151 0.00782885640245585 0.022232077127015255
1 0.5215380895503532 0.15164396645049974 0.004566373319196855 0.025915932900999437
1 0.9129557638464262 0.16241995253293398 0.008638179084756543 0.014703785540724403
1 0.5759178876755934 0.8353552746459417 0.005775666785869581 0.02205771261587868
1 0.5248521739720426 0.2518579360530304 0.012880542162576076 0.013866676854625313
1 0.3729480325940235 0.5397635839109095 0.009279608014633341 0.01902428734696256
1 0.7238219477756903 0.3503148799772524 0.011668454710446082 0.010501384567165224
1 0.47456134297743713 0.7353108677738358 0.005675903085508748 0.024397376972240727
1 0.9063816635704296 0.0707987364013022 0.00914641279403228 0.019152469097292624
1 0.6763402652965886 0.7354870828785426 0.014459422027859778 0.009827687656510887
1 0.1755712325312746 0.26285085924507595 0.006362525631007983 0.020487856027185294
1 0.5245767876660236 0.3507187793836819 0.010073486080960628 0.015186617681746657
1 0.2772157711620983 0.26045751785348503 0.010921665521424782 0.01994538885974505
1 0.12999529297167714 0.9392412075021853 0.010398896250129137 0.018384232096591513
1 0.4218292390642011 0.06147121836763058 0.010814246019710235 0.019911438879828568
1 0.7185248846212285 0.16080435490721626 0.012021203503726244 0.011149470764145398
1 0.7751327870826009 0.8308300007003616 0.011124768383692273 0.014629164724718344
1 0.2780699277340218 0.15944189567481196 0.011636229180349426 0.01314056952708788
1 0.8741366945752599 0.2566322020167506 0.008878366238375554 0.0182122845083575
1 0.8310271509465719 0.7020572669775077 0.011319627589095651 0.01077093632929748
1 0.8663121430229357 0.6278317606362869 0.012439286045871358 0.012202565071425643
1 0.6254567500407137 0.9226138019648898 0.008608042908013891 0.019763364879492432
1 0.9172024939319839 0.5383015430799107 0.0070282677356312264 0.015162858980945689
1 0.6276009086595044 0.6277459289742894 0.008684902972182084 0.018836618898291666
1 0.8211899235913489 0.3489004325689941 0.007657172878649624 0.02108514798712694
1 0.9627044905048999 0.166547729446367 0.013233415271068975 0.014526219842446973
1 0.52510553253736 0.9305398338923302 0.011870150727893403 0.02556030920922961
1 0.8671947087616663 0.5413860839109095 0.011681503176505887 0.010286255419522264
1 0.6252000986488097 0.5442213827237685 0.013822305862936762 0.012047406872105907
1 0.37803383414634756 0.2563944141536046 0.012203536815233817 0.012548589256922127
1 0.7227733861200794 0.8267859548553556 0.011582989370793184 0.013023670660423953
1 0.774629112778553 0.9239902611338912 0.011460551253057515 0.017333566066633818
1 0.9227539254629188 0.7282022382206778 0.009860393752423788 0.010826356916211864
1 0.1812915313143847 0.07714160780787083 0.012641999999999994 0.028386000000000012
1 0.8286740137410744 0.8160102187729213 0.008638678874052872 0.021650361819550643
1 0.9197193440389305 0.9145227590877365 0.01626533946976536 0.013650203398894382
1 0.6245981098782283 0.44708917775774437 0.008646408886157845 0.023103046047763583
1 0.9166118310840079 0.4418295575136599 0.012071096429285003 0.012296397876458557
1 0.6726005023416657 0.8309057288009358 0.010690221813966212 0.019324501400722994
1 0.964056229048828 0.6267672168374353 0.0070042180548766046 0.024994596998865894
1 0.9162364824759117 0.350113481381853 0.008624507778410125 0.021890245612844642
1 0.9189537677356313 0.2632341679510668 0.009569811776912717 0.01857937269575387
1 0.7780711371895477 0.6351161052941519 0.0181757086403648 0.013143612962586003
1 0.2766100519614053 0.060612920343363796 0.01005635237757765 0.01828297822376102
1 0.4242803252452514 0.9378508107893638 0.008056961574039309 0.029088118475330174
1 0.8647552187188875 0.9208299922023181 0.012363197394996363 0.023007864879492346
1 0.5715024436598318 0.05950730734806117 0.013263423339931439 0.014701938394031337
1 0.03533808148215038 0.17116576139304057 0.01344480105552546 0.01977406559687947
1 0.325297447495542 0.06032963247759022 0.011378000000000006 0.019465000000000003
1 0.9646181171491955 0.3464034702280855 0.008463777124977149 0.0193426256795919
1 0.7235702347281753 0.923902828878323 0.012003989370793399 0.021708984404636096
1 0.675124188101786 0.9288402551981855 0.009672244726110151 0.023789554195222315
1 0.8650940444148396 0.3488210032812788 0.010678197394996354 0.020274647987126942
1 0.23336125467961347 0.07336769762153376 0.011407133586610534 0.02408217962732588
1 0.9163114354201399 0.8196482646179274 0.018044413666866314 0.027299051135280385
1 0.8245090722529184 0.9108764602748779 0.011428144505836594 0.019650322924037615
1 0.7716004813010915 0.34525868553684697 0.012145288298134747 0.022229371073693906
1 0.03300995968179635 0.35614092930311375 0.015146116831540305 0.022318827455732614
1 0.03523783886179841 0.2646082189877573 0.011879388196576562 0.016413655099833963
1 0.9667457848303372 0.25225038130446586 0.008844438183213166 0.02665280640778328
1 0.47459648018293454 0.3494658917379953 0.012153394627138313 0.022539185850272925
1 0.9581916992674118 0.0719061176687985 0.010506597318257864 0.02253938979205484
1 0.7737393256800021 0.43906703561423405 0.016262171274447047 0.022345115027319857
1 0.4800435846164436 0.6324790053088538 0.009317974624888618 0.028757637737775565
1 0.9715794992306374 0.5287457581846176 0.010089952636986768 0.026196440642943287
1 0.9713223478387335 0.9016448954982987 0.01765569567746712 0.020341878594300655
1 0.8597072114920008 0.07435042521398594 0.01406464011463621 0.01829701375196703
1 0.7750488413652595 0.25395796296646345 0.012971574165201826 0.020652686882639774
1 0.9605179733207919 0.8159339906723471 0.012905489468170168 0.016956025143545956
1 0.47577172022571323 0.44237901074695546 0.01400020040864777 0.02896906529276252
1 0.9683401177531762 0.7322316287235486 0.013378778332938584 0.026032181720805316
1 0.9635466047982534 0.4411689131212377 0.012724426727140943 0.02718870671733176
1 0.6218318914753963 0.3459035739935635 0.01585776003864864 0.02481702846198342
1 0.8123940463430727 0.06698825186197628 0.0138323098167801 0.016542264673665492
1 0.766297344095594 0.0630929610309775 0.01519644814840932 0.02433284633566306
1 0.08582656844360162 0.0705403951550612 0.0031707749784279466 0.014019043621828292
1 0.3333064707037841 0.2646882058142128 0.004281231584408255 0.010178265042021692
1 0.07718088798882042 0.6529129327200116 0.00403497344558842 0.01574595489631761
1 0.1248482834764807 0.743129744427719 0.004623679791788639 0.006985609462227299
1 0.031345358505052795 0.7510507989410852 0.003717858058639599 0.005975566731675268
1 0.03804145534802193 0.8315124605135682 0.007214758772900709 0.008204972844695638
1 0.04011007568568904 0.9318932881720583 0.00455326421020528 0.007518424586832405
1 0.08633767885878914 0.9334615703213509 0.007693611604939482 0.022369685370849015
1 0.1337523737097121 0.8491340161455333 0.00649211416050961 0.004835025323621282
1 0.2315273622196494 0.8400577589309058 0.004345035522835196 0.014172799142673137
1 0.4262842660155621 0.8329414817687887 0.0033420019811619766 0.009759963537577103
1 0.1320142919822654 0.6507728826529737 0.002425575261915887 0.00961205103520265
1 0.29930055779073067 0.9449042665214201 0.005565511118636542 0.014081334250990105
1 0.37220804569351873 0.9565007860477992 0.00462981198651536 0.022497956959208948
1 0.3198225977202882 0.443227899432279 0.0046765954385208156 0.017704191640456585
1 0.5353989194137427 0.6407141486263346 0.0033547162024979865 0.013885682799707384
1 0.6239141078390547 0.8297510088476353 0.004339722494026656 0.01687187583843242
1 0.9316863939593328 0.0775292516232457 0.007947597607588387 0.021105751673045823
1 0.8224839384597187 0.13432506651868925 0.006407365513094428 0.01019716092068505
1 0.9839900676820893 0.353602772018518 0.004809839181933838 0.020302048192644355
1 0.8356576820238133 0.5325857916208638 0.002838749716736874 0.011303554120004175
1 0.13320903513536256 0.8268391564750612 0.0016534175307899902 0.00538261147458834
