0 0.7174113258455325 0.05962708588535531 0.03969392882382639 0.07692496093443266
0 0.22644634490156484 0.5422455310168826 0.038644835184250347 0.07901893796623484
0 0.8162094024482585 0.059553502355712586 0.04041981448763262 0.07861819434628972
0 0.66877523977789 0.8326278464860619 0.04054139323573957 0.07637661955241458
0 0.9653967236244321 0.25185352709069486 0.04001858606764261 0.07857454534746756
0 0.8163367781423523 0.1550275644876325 0.04035906865219587 0.07877813643502159
0 0.9664297139071176 0.5419250476050255 0.04050708051489177 0.07592410384766385
0 0.27573774570923776 0.15645848154691794 0.03879250302877334 0.07857263643502163
0 0.7175984351337708 0.1549003729878288 0.039752650176678374 0.07852375343541419
0 0.5207281675921251 0.5433782391048292 0.03849066128218073 0.07637661955241458
0 0.7677624936900554 0.25106129760502555 0.04006814740030283 0.07821702002355711
0 0.5700246087834427 0.5418445720455437 0.03896390711761737 0.07699008637612881
0 0.7182736779404341 0.44514383382410677 0.040156644119131765 0.07805759305064791
0 0.4222284772841999 0.2537493108559089 0.03867704543160022 0.07745837828818215
0 0.3734268472993438 0.06291931929721241 0.03982441645633519 0.07614782587357674
0 0.47156439336193834 0.060514169414998036 0.040491229934376656 0.0762452606988614
0 0.8667497476022211 0.3484491558696506 0.039910398788490654 0.07606988614055751
0 0.02973296113074205 0.5422436477228112 0.03927409994952044 0.07901517137809191
0 0.47111622917718315 0.6392324303101687 0.03896390711761737 0.07606988614055746
0 0.917951797829379 0.7351124224577934 0.03946240434124186 0.07704168826069877
0 0.4704063604240282 0.5416912053396152 0.038175164058556275 0.07729681978798582
0 0.7179917029278142 0.3496931899293286 0.04053918576476525 0.07610408696505692
0 0.5210050427814235 0.06027250294464075 0.038728914437153 0.0745349941107185
0 0.7682440898536091 0.34922822310561447 0.04040034528016148 0.07701455378877108
0 0.2753782498738011 0.2542938612092658 0.03838900858152446 0.07425321122889673
0 0.7671703398536093 0.15596243178248917 0.040145828621908006 0.07758053690616408
0 0.915651817264008 0.058279348252846475 0.038648409893992916 0.07729681978798586
0 0.422375351590106 0.06129155270906948 0.03897079404341243 0.07595962681586178
0 0.9679172194598687 0.9287313464860621 0.04127361105502274 0.07779543737730678
0 0.7180716809692074 0.2504478307813113 0.039752650176678374 0.07699008637612875
0 0.470958480565371 0.44583701413427557 0.0399103987884907 0.07637661955241462
0 0.32352353748107016 0.5432115979583824 0.03908392503785965 0.07665680408323518
0 0.471430264891469 0.2534708108559089 0.040538470217062084 0.07690137828818217
0 0.12863415232205958 0.2536946609736945 0.03989071756688544 0.07428174440518255
0 0.8180324962140332 0.5420307478405967 0.03996453811206462 0.07736243796623476
0 0.9176381832407876 0.6376205433843737 0.03915067238768312 0.07714038005496664
0 0.8661461747854619 0.05911800235571259 0.040280739273094314 0.07897412799371807
0 0.17746718828874306 0.348295789163722 0.03975265017667845 0.07699008637612881
0 0.6691607743563857 0.34920845651747145 0.04068146794548214 0.07758848743619944
0 0.3737014424533064 0.2543769109736945 0.03942711509338719 0.07687317805261094
0 0.816730497602221 0.25133699391440906 0.0392535242301868 0.0769280121711818
0 0.8680849067390206 0.735055789163722 0.04068773372034329 0.076928421672556
0 0.668915147274104 0.2516707439144091 0.03987471655729432 0.07698204534746754
0 0.12840737001514385 0.06226688260698861 0.039437152953054014 0.07545641931684334
0 0.866670873296315 0.2509079308990969 0.040068147400302935 0.07606988614055751
0 0.9670778647147906 0.8315542795445622 0.04022589601211511 0.07913722025912841
0 0.3239367743563857 0.254588731841382 0.03927940434124178 0.07545641931684334
0 0.9170460561585058 0.5427729812524539 0.039228407117617284 0.07577957067137811
0 0.1274000252397779 0.7343883223400078 0.03899994952044424 0.07804735531998434
0 0.5211225391216556 0.832627846486062 0.03896390711761737 0.07514968590498622
0 0.5212673011105502 0.4461732188849627 0.0392534310954063 0.07582209540636044
0 0.6693150174154467 0.540895430899097 0.04004346239273094 0.0769322045543778
0 0.07884624734982332 0.5418087810168826 0.040643024734982346 0.07937237161366331
0 0.17768318021201412 0.15697441460541814 0.03986913679959615 0.07899103572830785
0 0.03061220280161534 0.15933888201806043 0.039770594396769304 0.07881223596387908
0 0.1288017415446744 0.15750760698861405 0.03959490156486622 0.07699008637612875
0 0.5701823573952548 0.252901698076168 0.03896390711761737 0.07453621908127207
0 0.7190135730691569 0.6382236435021593 0.04005894825845522 0.07711964664310954
0 0.1285435238515901 0.3492343232234001 0.0387629689550732 0.075799820376914
0 0.373308576476527 0.15720001472320377 0.040218869257950526 0.07821530231645073
0 0.17735418437657746 0.2547318777974087 0.03889564790509843 0.07451577758146838
0 0.9667623674911661 0.4444567137809187 0.03959490156486619 0.07606988614055751
0 0.6199818596668348 0.5411580973694543 0.038865788995456944 0.0780710043188065
0 0.3726826980060575 0.5428559978405967 0.039913603987884926 0.07778600431880633
0 0.07889512720848056 0.44564538535532 0.03916329833417466 0.07599336199450338
0 0.03029845418980313 0.2545298943855516 0.03977409162039374 0.07595221122889674
0 0.2754583741797072 0.5421179308990969 0.03918025164058559 0.08060413820180597
0 0.27475576097930343 0.9269918636631331 0.04029900302877338 0.07738380585001971
0 0.7687685801362948 0.5417182140753829 0.038925348056537044 0.077350837259521
0 0.7196464376577487 0.9288197641342756 0.041009180212014225 0.07613187220259121
0 0.07950530035335689 0.1581210738123282 0.03975265017667845 0.07699008637612878
0 0.2268457150429076 0.15765568178248923 0.03944357546693593 0.07912663643502162
0 0.9675722083543665 0.638441459854731 0.040268091620393624 0.07878221299568129
0 0.1780506816002019 0.06243505329799764 0.039026653457849544 0.07272542658029052
0 0.029420116102978292 0.4466038476639183 0.03896390711761736 0.07300255202198662
0 0.42212472867238765 0.35023197310561444 0.039100542655224654 0.07902205378877111
0 0.4219775365976779 0.5421513054574009 0.03975265017667847 0.07821702002355706
0 0.422499351590106 0.4454212846486061 0.03890329681978797 0.07738556105221829
0 0.32387354858657247 0.44600168570867693 0.04009944447248865 0.07547902905378882
0 0.3235424028268551 0.15873454063604236 0.039437152953054014 0.07699008637612878
0 0.9163513061585058 0.3488472562819003 0.039731890459363935 0.07686608696505695
0 0.7686265843008581 0.7360570889281508 0.04021884250378593 0.07893102120141342
0 0.9177949443462897 0.9282664140164899 0.04041068626956081 0.07747903926187681
0 0.3237561631751641 0.34919425628190026 0.039864673649671896 0.07940048743619939
0 0.619205865219586 0.2518249773262662 0.040784269560827875 0.07667704534746766
0 0.5704978546188794 0.7357000883392225 0.03833291267036845 0.07699008637612881
0 0.8667914053508329 0.4440954351197487 0.03967821706208992 0.07780119611307428
0 0.02957246113074205 0.6388746600903022 0.03863760272589602 0.077194746171967
0 0.7189863022463402 0.5413047140753828 0.040004406612821695 0.07591037043580703
0 0.8665819136799596 0.15499824813506083 0.03989022816759211 0.07933297055359241
0 0.5700568317768804 0.3492412562819003 0.03997484477536598 0.0782675537887711
0 0.37339270217062087 0.4460720690027483 0.039440628975265006 0.07439286199450339
0 0.17717131007067136 0.4457218521790341 0.03916089374053508 0.07553282881821745
0 0.22676362948006054 0.06211351590106007 0.038963907117617345 0.07392275225755791
0 0.867772774103988 0.638155760208088 0.04006346845027774 0.07575694640753837
0 0.27567824709742556 0.06202420318021201 0.038042511357900106 0.07313065999214763
0 0.47090664197375065 0.8320070515312131 0.03886022993437658 0.07758889693757373
0 0.32362127713276123 0.0611933156654888 0.03896390711761737 0.07576315272870042
0 0.6194126124432104 0.44526605182567724 0.0402512723372033 0.07523469493521788
0 0.22668534490156483 0.34963997310561445 0.04006932685512365 0.07967845425991364
0 0.9652300896012114 0.05832636906164113 0.038738826350328076 0.07800432822928935
0 0.6690118626956082 0.7353933549273655 0.04038364462392729 0.07821702002355715
0 0.12855151968702674 0.4462271857086768 0.03877896062594648 0.07531656223007463
0 0.47112139475012615 0.15777866519434627 0.040551724381625374 0.07937260325873577
0 0.029658834048460373 0.7353957725755791 0.03944134300858153 0.07699492167255585
0 0.9166021818525999 0.4441911519434628 0.03960264740030307 0.07615222928936004
0 0.7677675870772337 0.4441419511189635 0.03976283695103484 0.07728076128778966
0 0.9673144876325088 0.7357000883392225 0.04069914184755195 0.07821702002355725
0 0.7691903384654214 0.8320336682371416 0.04008436193841496 0.07825559717314491
0 0.6191523707723373 0.34918158981154296 0.04036178344270575 0.07753475402434241
0 0.5702674546945986 0.44520488535532 0.03944959893992928 0.0751123619945034
0 0.029501706966178702 0.8306739348252845 0.03849609439676931 0.07614959717314473
0 0.3239195360928824 0.7340296221044365 0.03892943059061079 0.0767164880251275
0 0.031010575719333668 0.06487308706321163 0.03835885966683492 0.07269375952100511
0 0.17678206284704692 0.5423133141931684 0.03964438818778395 0.07915450431880641
0 0.02838083543664816 0.925888896839419 0.03877832912670368 0.07824520632116222
0 0.6190814992428068 0.05977265282685512 0.039589045936395756 0.07537569434628975
0 0.3729177183240788 0.6387723301923831 0.039437152953054014 0.07637661955241458
0 0.08006274318525995 0.06358325294464073 0.03865905527511356 0.07134102493129167
0 0.8174301135790005 0.3495886899293286 0.03875977284199895 0.07528162014134279
0 0.07940173624432104 0.25446974450333726 0.0389145275113579 0.07399151099332549
0 0.42181978798586567 0.7357000883392225 0.03880615850580514 0.07699008637612881
0 0.5698148290005048 0.15569009825284646 0.03885984477536602 0.07703586984687869
0 0.6198796179959617 0.6389466600903023 0.039292300100959104 0.07733874617196701
0 0.867459616355376 0.830940812720848 0.03975265017667847 0.07913722025912841
0 0.5212620455577992 0.34931112298782885 0.03987391443715304 0.07718035355319985
0 0.07918749318525996 0.34945062298782875 0.03974803028773346 0.07684588672948564
0 0.5214222997223623 0.2529995608559089 0.03861693664815746 0.07534541146446802
0 0.2756429970974255 0.35070045651747156 0.03860300580514888 0.07873208696505696
0 0.4221494786723876 0.15783718178248918 0.039150042655224634 0.07948963643502159
0 0.1281742710752145 0.542696680899097 0.03833996062594647 0.07992123773066358
0 0.5693953401060071 0.0605991196505693 0.04022934755174156 0.07457476069886142
0 0.47185913642099947 0.35035772310561447 0.039818727158001006 0.07927355378877113
0 0.12664652801615348 0.9275115970749902 0.0387549439676931 0.07780980585001954
0 0.8676785082309719 0.5420931121399176 0.03992050852543615 0.07659877572016466
0 0.8684849823321554 0.9277152041617588 0.04054139323573947 0.07576315272870045
0 0.17646331145885913 0.7349497891637221 0.03995337708228168 0.07671642167255606
0 0.6687916486622917 0.15489601472320375 0.03962771933366988 0.07851503690616411
0 0.17624156423523474 0.8307423347074989 0.04077187152953058 0.07751333058500205
0 0.2270169650429076 0.2543920934432666 0.039786075466935876 0.0750631425206125
0 0.6690538986622917 0.44509248547310554 0.039836722110045235 0.07734142952493128
0 0.22654534073700155 0.4457112188849627 0.03884282685512377 0.0755115622300746
0 0.27553774709742557 0.4449706187671771 0.038392505805148906 0.07587076246564588
0 0.27466664222614845 0.8323013015312131 0.04043626274608789 0.07817739693757364
0 0.6194787985865724 0.7355467216332939 0.039437152953054014 0.07913722025912841
0 0.6682680243563857 0.05958540282685513 0.03889596794548211 0.07561466117000393
0 0.6190788624432105 0.8322677849430702 0.03926827511357901 0.07688343011385937
0 0.8175047378849066 0.44406183441303493 0.03954001590106019 0.07712052787593254
0 0.6193210499747601 0.9275618374558302 0.03785966683493182 0.07668335296427169
0 0.3235424028268551 0.6389256968983117 0.038175164058556275 0.07668335296427169
0 0.42202135575466937 0.8320942849430703 0.039209294043412356 0.07653643011385942
0 0.1275417738515901 0.6389843603258735 0.03865245229681978 0.07496027934825279
0 0.6688317826855122 0.9289752641342756 0.04033898182735994 0.07644287220259116
0 0.7187579570923776 0.8334687351786415 0.04080970519939423 0.07683146329014533
0 0.17636294800605753 0.6390790636042403 0.03880615850580514 0.07514968590498632
0 0.22491359767794045 0.9277431971927758 0.0396808046441192 0.07765953926187663
0 0.7670430926299847 0.058356635649784064 0.04020683139828368 0.07683792775814684
0 0.4217409136799596 0.9280219375736161 0.03896390711761737 0.0769900863761289
0 0.8179144934376578 0.6375111600903022 0.03941303533568917 0.07569467981939532
0 0.768754328748107 0.6384797602080879 0.03921234250378609 0.07579147958382412
0 0.570573327612317 0.639424727031802 0.03911485310449275 0.07645447958382402
0 0.9164788103230693 0.2509437439144091 0.04030239601211524 0.07798191264232428
0 0.030444955577990918 0.3501242396937574 0.038805105502271585 0.07696618649391447
0 0.8182420494699646 0.7349332548095798 0.039437152953054014 0.07668335296427169
0 0.8180200073195355 0.830451800942285 0.03962406309944474 0.0769322630545741
0 0.12710977801615345 0.8310606848252845 0.03905044952044422 0.07753656399685896
0 0.5704189803129732 0.8321677463682763 0.03912165572942956 0.07484295249312911
0 0.6692471472741041 0.6385752596191597 0.040223219333669895 0.07782287887711033
0 0.3724458278647148 0.8312903181193559 0.0400708581524483 0.07615543011385946
0 0.5210436648157496 0.7361601884570083 0.038490661282180635 0.07913722025912841
0 0.32385790005047954 0.8310941794267765 0.038175164058556275 0.07699008637612871
0 0.3726569521706209 0.7353171558696505 0.03986211231701167 0.07683768826069877
0 0.07801362026754163 0.8307297180015705 0.040239759464916716 0.07810156399685898
0 0.5214069226400807 0.1565135982528465 0.039217176930842916 0.07806940302316454
0 0.7691454544422008 0.9288504975461327 0.03999459389197386 0.07435293855516296
0 0.7186238011105501 0.7360068217510797 0.039910398788490654 0.07821702002355706
0 0.22541509490156483 0.735762039163722 0.03942181019687026 0.07834092167255591
0 0.42181978798586567 0.6383122300745975 0.03880615850580514 0.07484295249312911
0 0.470958480565371 0.735546721633294 0.03959490156486619 0.07791028661170005
0 0.2257827178192832 0.8312711848252846 0.03921056436143362 0.07673063034943084
0 0.5215957849570922 0.6380054966627404 0.039910398788490654 0.07422948566941498
0 0.07881399318525996 0.6392604100903024 0.03963202473498231 0.07857971299568126
0 0.2758709998738011 0.6393317933843737 0.03969000580514889 0.07688207911268158
0 0.9658608396012115 0.3485171229878288 0.04063132079757687 0.07743275402434237
0 0.9158884401817264 0.1541335394581861 0.03912165572942956 0.07760355319984293
0 0.07808556284704694 0.7341664212799371 0.040383644623927316 0.07760355319984293
0 0.6187841179959616 0.15488064801727522 0.03930978066633019 0.07909777031802119
0 0.37313307231196363 0.34953985639968593 0.04049885537607269 0.07825128720062821
0 0.22636422753659757 0.6393712933843737 0.04068908101968689 0.07573414546525331
0 0.27462913112064613 0.7354534224577934 0.03878375441696116 0.07833715508441298
0 0.5213246726400808 0.9289028138987044 0.039052676930842876 0.07691143855516319
0 0.3236525360928824 0.9276018304868473 0.03871092781423526 0.07737680585001962
0 0.917637180464412 0.830837834707499 0.040095158505805376 0.07770433058500201
0 0.3722867238768299 0.9271017373380448 0.03975265017667842 0.07453621908127199
0 0.9652862152953054 0.1538216314291323 0.03916657496214059 0.07697973714173535
0 0.4712955190560323 0.9281652137809185 0.039637984098939934 0.07789010561444835
0 0.0776182487380111 0.926315630251276 0.040711005300353355 0.07909867314487644
0 0.8188488677435638 0.9281603974283471 0.04065078950025237 0.07542660561444849
0 0.5704460790005047 0.9278305804868472 0.03917585310449252 0.07722083902630553
0 0.17564381701161028 0.9270042469572044 0.04020737152953053 0.07863550608559104
1 0.8658635401312468 0.4532079771299568 0.005400633013629427 0.007649613074204926
1 0.8170352608531045 0.06096904259913624 0.006199543917213544 0.01425154966627404
1 0.08460373006057546 0.05892194189242245 0.006208996214033315 0.0060764146054181276
1 0.023044493816254417 0.7267964941107183 0.004706065371024731 0.00891191951315277
1 0.572353074204947 0.8237771563604239 0.0037037455830388564 0.008192644483706206
1 0.022610091872791525 0.6296545475068709 0.00525937203432608 0.005659495484883968
1 0.029893361938414933 0.35120975657636433 0.002366229177183264 0.010428936003140876
1 0.7723689538112065 0.93765145543777 0.00687743816254413 0.009267171574401366
1 0.668614037607269 0.25694438486454646 0.0048971140837960345 0.010011897722811141
1 0.5665682234982331 0.6308016648017275 0.004546541393235718 0.007659528661170157
1 0.027215855628470467 0.5425146038476639 0.0036197778899545656 0.008168672163329343
1 0.8187183754416961 0.7394787624656458 0.004410800858152442 0.010539923046721552
1 0.0749567425542655 0.3482008617000392 0.003102668349318538 0.010925524342363551
1 0.915494068652196 0.04846387907341971 0.003628218071681033 0.012882803297997649
1 0.8690452734729934 0.9368892717903414 0.0059781052498738265 0.007110737926973106
1 0.41970651274608783 0.05638467530427954 0.003911053255931307 0.011150947781703958
1 0.46362806423523467 0.831127457302709 0.006615653457849646 0.007601779544562228
1 0.8701111491670873 0.6446067838633686 0.006685828874305903 0.008882231252453859
1 0.3243668021201413 0.06271265989399293 0.0052921403331650544 0.006470047310561444
1 0.026325493816254417 0.25570651698076163 0.005085004290762244 0.010647233019238396
1 0.3671684904088844 0.9257530863761287 0.003611025239777835 0.01036563722025896
1 0.46965903230691575 0.4384054404201021 0.00464962847046948 0.007194812131919883
1 0.8642569545683997 0.7473543601295641 0.002934854114083915 0.009511931488025205
1 0.7716078364462392 0.34468664546525324 0.00366721453811201 0.00629808716136631
1 0.8641553012367491 0.25064314968590495 0.006293133013629415 0.008504631134668273
1 0.1287042871024735 0.05944972506870829 0.005716110297829375 0.006247781900274825
1 0.07558539740030287 0.24661498262661957 0.004684833669863687 0.004905095602669767
1 0.1850452858404846 0.3332147935806831 0.010399080010095929 0.008997385747938796
1 0.7690017218576476 0.7341192950530034 0.006039968702675427 0.010216455045151167
1 0.12269968778394749 0.7267192772870043 0.007313900555275105 0.010906753631723554
1 0.46677814235234727 0.06318708284255987 0.00441696113074203 0.017177071063996862
1 0.6688469105249873 0.8382942250687082 0.004431368248359441 0.0073779809579897675
1 0.9160713235739525 0.44827222536317235 0.006259674911660897 0.011999915194346152
1 0.024607873674911657 0.45899724312917156 0.007573752902574458 0.012634685316057985
1 0.9670191014639069 0.5414193704358069 0.006269722362443377 0.014039939929328504
1 0.5705167207218578 0.3517758628778956 0.0057989664310953105 0.012364057518649366
1 0.5694440936395759 0.7340293785826463 0.006366734477536592 0.014690555751864842
1 0.17139385247349823 0.6375967826855123 0.005836727158001003 0.013086764428739645
1 0.2693557546693589 0.6372386631330977 0.0036282180716809315 0.014416470357283056
1 0.3747318273599192 0.25198149784059676 0.0036282180716809315 0.007668335296427149
1 0.4166140837960626 0.434947978013349 0.0034704694598687524 0.010428936003140975
1 0.5158379606259464 0.6324842952493129 0.0034704694598687524 0.009202002355712618
1 0.36400492175668847 0.8297138790734195 0.00457470974255426 0.005521201413427552
1 0.42000567895002516 0.9172862681586178 0.004259212518929902 0.010122202591284058
1 0.46669926804644113 0.932316205339615 0.0048902069661786686 0.008281802120141377
1 0.5678950025239777 0.9287887711032586 0.00441696113074203 0.008588535531998391
1 0.564424533064109 0.16103504122497053 0.005994447248864227 0.006748135060855907
1 0.7704442200908632 0.4380153121319199 0.0031549722362442926 0.006748135060855907
1 0.96952296819788 0.9327763054574009 0.0034704694598687524 0.00981546917942665
1 0.9151785714285714 0.7399943561052217 0.005521201413427385 0.005214468001570536
1 0.9166666666666665 0.5497685185185184 0.003968253968254081 0.010288065843621396
1 0.029056822230138942 0.06110158631199774 0.002226576416102602 0.0093083264062067
1 0.5664244864612511 0.05985611837327524 0.0030637254901960324 0.0056735657225853225
1 0.6654702604316958 0.9215738680995721 0.003539253189086468 0.006306628880220957
