0 0.46798480527725456 0.566204234488902 0.029211389445490822 0.055915382775979815
0 0.8201600188663164 0.7799047085452306 0.02680447205305803 0.05225817652951152
0 0.31159736293184587 0.3449354371683393 0.029141601058858404 0.05141511937606913
0 0.23108994464330912 0.5707674197966722 0.02940984148240179 0.05545287648872753
0 0.9521775680659508 0.2690129449838188 0.024696666821626207 0.05181846201263676
0 0.9549862086064494 0.3385537062721529 0.02508406551686739 0.04950685775928495
0 0.46858397354661696 0.7177712836291721 0.029752322137745726 0.056564000577511785
0 0.2720818821532387 0.34559236776067037 0.028341697231562837 0.051421406437623246
0 0.7453532947755411 0.7835451122669131 0.028276515015573232 0.05491577546617345
0 0.03164579555699091 0.7257959350190143 0.027155197346608415 0.056922413879899235
0 0.7404775790719477 0.5599744396671291 0.028403750337036748 0.053914051163507476
0 0.85757697977004 0.7781016564185544 0.025514550245610657 0.052119478656187435
0 0.9356956009251081 0.8495030544382802 0.02834190924023364 0.05468494999229477
0 0.15559390616354454 0.2731604697623484 0.028963245364481024 0.05518520243426711
0 0.3100184927392484 0.5695719537146002 0.029490014521503037 0.055241234529763726
0 0.8164195515317744 0.630204872437972 0.027265210636418548 0.05182598774849742
0 0.27072004561451374 0.49454816218550124 0.028466774155482568 0.053385385423817475
0 0.853652535315265 0.6288218871551857 0.02618843263136678 0.05214215618739401
0 0.7763469852633536 0.48485899214054556 0.025762013233539525 0.052396363075974735
0 0.6583451670501913 0.19541135471567272 0.02607158090434337 0.049861082061950994
0 0.7730155726411292 0.33942413869625526 0.02626606385105282 0.050477187856372376
0 0.03660449267350808 0.42342019477951026 0.027868937729064083 0.054090888071655
0 0.8182769208234547 0.7054128399599322 0.02729966161498771 0.05545505270457694
0 0.7422732996683867 0.6323664740329789 0.028508603272744168 0.05229651718292486
0 0.5871648351308633 0.638175810910772 0.028598029085894063 0.053127704422869265
0 0.3483909206330032 0.7976699363429332 0.02931862027203363 0.05509383082170125
0 0.310286257162141 0.4938909815931701 0.02936813952081828 0.05468617248537151
0 0.7796902605721104 0.632042474032979 0.02644388407481429 0.052033784558483544
0 0.9645025993871351 0.6250425355601787 0.02649020644476468 0.04959192887964244
0 0.9572428117823438 0.409958935120974 0.025335886221003058 0.0516947233780243
0 0.6597844382990095 0.2673561043304053 0.026819430578153277 0.05351325658807211
0 0.27028202638353377 0.5703286682248592 0.02890554338646242 0.05588294746820959
0 0.07721294460633014 0.34819469188377855 0.02734863001694996 0.052703332314515156
0 0.3886720216042078 0.7974554008531922 0.03011582217609431 0.054228901801183484
0 0.34844570428687566 0.8755173745464354 0.028989918348798705 0.05649496070194945
0 0.872695128511769 0.06004770033903529 0.026308546890737874 0.04766513407304667
0 0.5878290589891992 0.7133146794960703 0.02837688202160133 0.05584803675450748
0 0.58867350833682 0.7902487686469409 0.02929098332636013 0.05445346270611801
0 0.547772178141416 0.6397171304130066 0.02961684632668556 0.05351347179842806
0 0.030505194595373437 0.8023452296917393 0.026846206962783187 0.053547966493412924
0 0.46912860816210694 0.9513109547089013 0.029526783675785876 0.05466009058219731
0 0.7394531542350425 0.48548307108183075 0.027904495444191345 0.052488718831869244
0 0.3889477908351877 0.6436254952436992 0.029352552945114387 0.0529772934305298
0 0.7827041053530752 0.7804286737941132 0.02627319451288505 0.05292083965171818
0 0.42883603361963263 0.7188007366000894 0.028925769244675856 0.055571900232094296
0 0.8598604503664793 0.8535637750038528 0.026013805138456508 0.05625684573894291
0 0.937003071521547 0.9257548441208198 0.027470262175940764 0.050769974880566955
0 0.7024755184944137 0.5600710065110187 0.027554976058760724 0.054107184851286814
0 0.8946102936094711 0.7763601216674372 0.026556523871507594 0.052489082909539075
0 0.899080885128539 0.9278546783402681 0.02736233430957806 0.0530433064416706
0 0.1170074757774075 0.27346278317152106 0.028268365398205934 0.05491811317054037
0 0.7810052344304463 0.7067343078671598 0.02655574027241881 0.054630582139004624
0 0.8217173669091781 0.8557518445060874 0.027594775967334367 0.05639504361226697
0 0.8145057541412921 0.5572972043843428 0.02692420411262447 0.05318278910463852
0 0.6203089054940882 0.12468392460317461 0.02844729357847918 0.050569883418092154
0 0.9466746287442084 0.12978524410540915 0.024150552949653625 0.05075557065803667
0 0.7062956100134815 0.7853829638619202 0.02822198258255473 0.054738804900600964
0 0.7478868928184029 0.9375598200030822 0.028888626106023257 0.05396075574048402
0 0.9228805417383353 0.48177685313607643 0.026343111276401297 0.05201109570041604
0 0.7846353782328421 0.857755611881646 0.027617648753351074 0.055394102481122046
0 0.23217871387428904 0.41974154967692023 0.028738629942992054 0.05457904260512355
0 0.9623952086529372 0.554014486053321 0.025955712581160115 0.052396363075974735
0 0.9333599538608155 0.77429483691632 0.02831939945454271 0.0518259197873324
0 0.46857892066176454 0.8727995488515141 0.02996135098353095 0.05716132188661145
0 0.2685401561909364 0.7998458330173362 0.028489687618127174 0.05552290180118327
0 0.925584468539352 0.5545574517259979 0.02632738314505755 0.051941224919093885
0 0.6269039692405435 0.6369433282863307 0.029434362171292174 0.052974343427338616
0 0.7082885315884895 0.9396518226614271 0.028914936823020723 0.05467735467714589
0 0.6667362013930859 0.7102519268377255 0.028132499170966937 0.05550154207119742
0 0.23163247829718167 0.4952016992470552 0.028960966481717004 0.05294902738278133
0 0.7435226232005331 0.7077055578671598 0.028295459470348568 0.05503201263676981
0 0.6278105672834053 0.7120897784327322 0.030085362171292148 0.056480373632300664
0 0.4679300216233821 0.4903179074700621 0.029101822137745873 0.054513752895731966
0 0.267449785998339 0.9559634933422685 0.028500293387832047 0.05699143919235515
0 0.6250253728286302 0.4863229547696101 0.028776358909395096 0.05301268408075196
0 0.8864087069832488 0.4829019026429342 0.02681149451443445 0.051949590460779724
0 0.4286845071909024 0.8732424439541042 0.029060985618195118 0.05673953796868364
0 0.8555215936032727 0.7032092772384035 0.026052562254970338 0.054900601017105935
0 0.8616599225938667 0.9304633146863924 0.026319860683681296 0.05325210325165662
0 0.2298929590662017 0.7224373963856473 0.028549812636616663 0.05587149114663357
0 0.30838163696954357 0.7987595814455233 0.029722456829932846 0.0555296888627373
0 0.3078356513924361 0.9554254578525274 0.029287889522187846 0.056787084294944966
0 0.3501119230048615 0.41827661730574356 0.02815879809046098 0.0542643261089863
0 0.9280756123417476 0.6266259860918477 0.02646718705933396 0.05121776044074595
0 0.5093789672376923 0.9500652316997996 0.029729065524615263 0.05585553660040061
0 0.9676735158755985 0.6987787024194793 0.026052562254970338 0.053744798890430066
0 0.7779566886709125 0.5590384891354601 0.02665702787721004 0.05396848697796273
0 0.6238571738490385 0.4130066265988596 0.029151751816899853 0.05316689782709205
0 0.3089829062005235 0.7216780383446113 0.029610187598952935 0.05696792331077779
0 0.19227949751857445 0.4960702717983502 0.02870519726991135 0.052942740321227325
0 0.6287386424465002 0.7883226817691477 0.030198218368896475 0.05522449745723529
0 0.19156891097984952 0.5711935972453772 0.02837969726991132 0.056305231386137654
0 0.89029062650117 0.6276968716289105 0.026827359645452697 0.05066265988596085
0 0.3480656706330032 0.9541244207909734 0.029544658733993527 0.05680015841805315
0 0.18846595424852722 0.8784395551387663 0.028528687656475763 0.05580145127107073
0 0.9743561433685091 0.9218485128679303 0.02566516355972901 0.0510479272615194
0 0.6631781414160197 0.4863037447988905 0.02740845768831447 0.052588996763754045
0 0.5080325440317357 0.6409074820080136 0.02916691193652853 0.05281203598397292
0 0.5089740930531665 0.8713555583294808 0.03008151324128745 0.05601054646324539
0 0.5888944416035207 0.8674294960702729 0.029345451164520444 0.05663430420711974
0 0.705032562622999 0.7089307089304977 0.02802027997303694 0.05555597788565238
0 0.3892730408351877 0.4929231251239472 0.028907379867664514 0.053622175628997584
0 0.4686337043156371 0.7954010428121562 0.029194379829316074 0.05447876612947148
0 0.6609815853633025 0.3403603392279242 0.02708303188291259 0.05196432154415164
0 0.7862026985030914 0.9354947852519649 0.027459400384299452 0.055609696871628964
0 0.26978897349868136 0.6465479258360304 0.02879597607871747 0.053591858122759614
0 0.9731782121550214 0.8459236680921559 0.026602190042303884 0.0536904553089844
0 0.7009358959408363 0.48612273952072743 0.027381221165914973 0.0529975209585453
0 0.31328950235542324 0.053631961075152855 0.028800591442683637 0.04849936176762223
0 0.46749680527725457 0.05222170950333979 0.028235389445490797 0.049601580993320425
0 0.6697018713371453 0.9420055579442134 0.02864025732570937 0.05514688411157351
0 0.42862972353702994 0.5670757005709741 0.02895141831045017 0.05547902473494389
0 0.5087631682162614 0.7942131723686239 0.029659663567477106 0.05429165526275234
0 0.15471896866320214 0.3472135112914474 0.0280899088257561 0.05248440329399708
0 0.8923263230130322 0.7017721862382494 0.02721846506438578 0.05395275589459072
0 0.03366613690380322 0.5732641729402984 0.02681318773043366 0.05521608628354749
0 0.26815852157544645 0.8774721986695434 0.028602956849107075 0.057353602660913355
0 0.5076586191948306 0.5649098433888119 0.02919385965320069 0.055694243720141756
0 0.9206529992406985 0.40992448759439054 0.02692420931926292 0.05201109570041611
0 0.6689098484573783 0.8638120182616738 0.028218407651898952 0.055178359223301006
0 0.270798432692255 0.418670716082072 0.02961300000000001 0.056311
0 0.3118715312012083 0.2706639666187223 0.02881339913562342 0.053243202434267126
0 0.46820233893112717 0.641888600141109 0.02898905290676595 0.05255450951260179
0 0.6218233306990222 0.2672792417938049 0.028376954426417494 0.05297426413931271
0 0.7362590839647931 0.3397211707890276 0.02693993663706943 0.05068598466635847
0 0.8237899126687122 0.9329481662813993 0.027478481838749135 0.05321333055940821
0 0.35161009851854036 0.12539360435803562 0.028087264500959115 0.05211221716082067
0 0.7465711689600669 0.8597507976961012 0.028968969256039548 0.054761265603328835
0 0.7073647080563433 0.861369297696101 0.028423185192072396 0.055301393974418404
0 0.5859542142082345 0.4875135563646171 0.0283074800644631 0.052697015641855464
0 0.42857493988315737 0.7960386122198251 0.029060985618195118 0.05488218886273731
0 0.8456139486890428 0.33990597291570346 0.024445011102846484 0.049899786793034355
0 0.6575935657454325 0.1250076746031746 0.026311672423411214 0.05198791816920943
0 0.04041988690517282 0.20062903784609856 0.02739174541926472 0.05177620193847859
0 0.3887836898735703 0.7198319287317622 0.029681754868349362 0.05676256841336755
0 0.7038004645801372 0.6341075087840962 0.028267874754001856 0.052311180305131794
0 0.1126996994226351 0.5721708843069312 0.027979928077279947 0.05564465726302941
0 0.34904352159462076 0.7208126093240932 0.029089879886838883 0.0561087813518137
0 0.5496198252057086 0.9482276301047926 0.029825552198100225 0.05526247241485571
0 0.2332727859901214 0.34623986776067034 0.028078024173287194 0.05228054839658718
0 0.2288536706042418 0.8001693330173365 0.029539120329556485 0.057477475924291525
0 0.19009985809499705 0.7237318963856474 0.028509476117065995 0.05584534290041735
0 0.30825721144627755 0.8760365249038388 0.02969274039889073 0.057097403375720536
0 0.6293776052562254 0.8657921097241487 0.03012024855500288 0.05644167051934043
0 0.3885640552580803 0.8749756955259173 0.02946162025285936 0.05628331874298535
0 0.9704723918847722 0.7722913195407615 0.026420431887561383 0.0520568261673601
0 0.8058995433305439 0.19714530790568655 0.026563625734120393 0.05024684943750965
0 0.31225636773993326 0.19716203470247246 0.02870653375111339 0.05094420822573084
0 0.9598652562371189 0.4817385189551549 0.025931990787658978 0.0515491599630143
0 0.5060877972936327 0.1951148226229003 0.028182908674631597 0.05080908737864079
0 0.8497802673283437 0.4833219694868238 0.025610772519486066 0.052789724148559106
0 0.6655570298180776 0.6351400261596547 0.027517450149535907 0.052064610802897184
0 0.4678768389311271 0.26828660857768627 0.028776322137745773 0.053718782844627486
0 0.8519708898819207 0.5570080038526738 0.025924331326607934 0.05298965541685926
0 0.589663482195156 0.9464515458853444 0.029140238219205732 0.05479244298042852
0 0.4292323437296273 0.05254885303411682 0.027965312540745392 0.04894829393176636
0 0.11362596865361504 0.49639037826757326 0.027421985768850167 0.053147095218637364
0 0.897192066489238 0.8510171560332872 0.027846082678629484 0.056942618431191146
0 0.350409911018198 0.3444930420657492 0.02853563950164396 0.051837903293997144
0 0.2283106369503693 0.8786640212208383 0.028891322252791445 0.056686241476251155
0 0.6679682994359475 0.7865811470180307 0.028272303085243276 0.05443829958391135
0 0.7377542833124137 0.41291828937432573 0.027412243813242892 0.05260495600246568
0 0.8131770564246199 0.4840304868623825 0.026591200850727442 0.05189515464632455
0 0.5487756258580881 0.7924721376175065 0.029686748283823765 0.05389172476498694
0 0.4286845071909024 0.6428661372026632 0.028841851002705216 0.052330293430529834
0 0.8370717307424107 0.058753274772692245 0.025374614538298198 0.04738788719371243
0 0.4288908172735052 0.12363658156538421 0.028377932705950883 0.05339261002691423
0 0.8748431035284273 0.12887193712436432 0.02556831388591879 0.04931422407150563
0 0.7655482466335054 0.05769378948990599 0.025471464212108566 0.04758052088149176
0 0.6298871146738877 0.9447793600708893 0.030170770652224337 0.05375967560486976
0 0.07410173306692044 0.4962845572880913 0.028357649249299517 0.05380716934174551
0 0.1485662378928125 0.8792057002413564 0.02893252421437496 0.05776959951728719
0 0.3497009254410906 0.49302919610342916 0.028651610655858934 0.05339845954692566
0 0.42868265622928486 0.34288107912730326 0.028399879848490243 0.05166498370435746
0 0.7745068414609579 0.4119471413160734 0.026149411928780706 0.0518184620126368
0 0.4676593052772546 0.1952134976409184 0.02834125483000087 0.050533998430911026
0 0.6619675204933909 0.4127176760671906 0.026730509971642478 0.0518184620126368
0 0.11569604076944738 0.3474350838427424 0.027836841537185422 0.05205583231451517
0 0.034698521519293195 0.4969252702265372 0.026905745422003892 0.05247344697242108
0 0.4678768389311271 0.4158384384922581 0.028776322137745846 0.05505412301548392
0 0.3891102908351877 0.5680563811633051 0.02945841832962446 0.054825237673389746
0 0.5442873088497358 0.12307375616427801 0.028458088171943077 0.05235802242256126
0 0.6261428957083972 0.5619431575743566 0.029655509235584902 0.05476934797349359
0 0.26941214176804384 0.7220012883446112 0.028480581848422268 0.05587099114663354
0 0.0686529349887858 0.8788725196490254 0.02929332232948853 0.05666738029158885
0 0.11454583403812506 0.42158087222821533 0.027508639613950458 0.0552066814204614
0 0.35122661294143304 0.1968482152948035 0.027977697193214312 0.051188285492465006
0 0.3108904783163559 0.4191839030025171 0.029042639520818217 0.05564303946149748
0 0.9157214309345606 0.2691246069887502 0.0265523407403964 0.05050071652026506
0 0.6193052391799544 0.05422638310987826 0.028183255078796904 0.047580520881491756
0 0.15701187731775945 0.19965539431532153 0.027854764594091422 0.05287992116417675
0 0.8818996628546635 0.33868865341346893 0.026316177552570083 0.049776752041916984
0 0.27343976676872866 0.19812989117169538 0.02798958184568318 0.05287992116417675
0 0.11013927634518525 0.8021210136096675 0.028118312694139513 0.05527882453444925
0 0.22782078598875186 0.9564027449140814 0.029226428022496278 0.056126510171837084
0 0.5082186633195419 0.7165010016951765 0.029539150512141035 0.05490060101710579
0 0.07181387729721558 0.6481761064283612 0.02860289925066909 0.05379721302016941
0 0.8395857591271132 0.1283596277931885 0.02556018761718811 0.049060140160271236
0 0.3908019302587652 0.05276024499308079 0.028459004866979814 0.04893521980865826
0 0.5065720456626842 0.3410696066034828 0.028376608022252187 0.05107125204191698
0 0.8417067297235522 0.19749602581291414 0.02476594577193059 0.04979248312528892
0 0.7314010937504842 0.12607474144706426 0.026715224241860732 0.05103991285251964
0 0.6209384283738553 0.19489497102789338 0.02796304520942763 0.05113991893974416
0 0.037753098443212944 0.34851794188377844 0.02797480311357411 0.05247811623244304
0 0.5865350622510963 0.5623440880721221 0.028694378759704233 0.05557120896902443
0 0.8096884355019912 0.33962460394513794 0.02697453421505275 0.051648653105255
0 0.5828704674701315 0.19444085471567268 0.027369868974013275 0.05100222106642012
0 0.4286829062292849 0.9520637756883833 0.02971518754143014 0.057037448623233435
0 0.9301344342429455 0.7001272183310217 0.026517144561697254 0.05528602858683939
0 0.769034834890676 0.19619741100323626 0.025665163559729157 0.04989212513484357
0 0.1892294734795071 0.8008165830173363 0.02852178381000584 0.05659268571911125
0 0.3492094735178557 0.6448042436718859 0.02898351450232883 0.052283783999651084
0 0.3902561946816576 0.19695378627428545 0.028463206790214742 0.051399427451429
0 0.5482252271628469 0.7150559642471875 0.02974814697906487 0.056248467252272914
0 0.9436063719337392 0.06193173062105102 0.023631320409712886 0.046424718754815845
0 0.3128544350476782 0.12484538827596356 0.02836872605817356 0.052759217160820694
0 0.6562166931918552 0.054892945022345506 0.026269718182944973 0.04775784257975034
0 0.694156605074148 0.1256201251348436 0.026606796375497756 0.05090121497919559
0 0.8772970206832162 0.19852829318847282 0.0256336645049818 0.04993068099861302
0 0.5836161343808594 0.2670866081060256 0.02808640540498661 0.053744798890429955
0 0.4289581754602649 0.1959764992127314 0.02851264907947024 0.0520600015745371
0 0.8479498457533354 0.4110186704037603 0.025630216974261228 0.051887857065803636
0 0.27284194946098367 0.2716446472110534 0.02767048569215299 0.0552045636189293
0 0.10888295422935289 0.8790969857310974 0.028235283848354383 0.05668045441469718
0 0.3884544879503353 0.9535793482396783 0.029680754868349334 0.05701758743857122
0 0.5851888890451395 0.4139851062182155 0.028326424519238138 0.05435332231468642
0 0.9083530906667906 0.06116119586993374 0.026149411928780706 0.04565418400369856
0 0.6969108501813025 0.2676453048620743 0.027466502246912397 0.052935855524734156
0 0.5490408008305828 0.869355832948066 0.029829699533571993 0.05547850208044387
0 0.0755760888366253 0.42180219477951025 0.02845761078733964 0.055213468482015436
0 0.8016247501278414 0.058560641084912934 0.026730509971642478 0.0470026198181538
0 0.5061055227829172 0.12307375616427801 0.02802466030558005 0.05158748767144398
0 0.11842056480851473 0.1996616813768756 0.028464928074540756 0.052020779205212815
0 0.19418706963440677 0.3463485822709294 0.028575918422756617 0.05206211937606921
0 0.7329544401623976 0.19621643893512097 0.02730382554661943 0.0495449136230544
0 0.7347361869005005 0.2684851885498536 0.02738073076565466 0.05268928602249959
0 0.19287571386470193 0.42114840771795625 0.028144553038246593 0.05564932652305141
0 0.7712505513923108 0.2676798543304053 0.026416308958207388 0.051849152334720316
0 0.4675497379695096 0.12322738827596355 0.028779524060980746 0.052574223448072915
0 0.35215768505726525 0.053083494993080786 0.027648495269979187 0.048710003726586196
0 0.8880631546999209 0.5554941522576669 0.026827501038228407 0.05304409123131451
0 0.8795497919320346 0.2691246069887502 0.026071520702586247 0.05050071652026506
0 0.7675336649466163 0.12694560024657114 0.025180915190677607 0.0500847588226229
0 0.19778603117381652 0.0546092481367069 0.0285423991904071 0.0487105037265862
0 0.8439480575829421 0.2687239944521498 0.025180915190677607 0.05085529357374017
0 0.7295976198921482 0.0565031134612421 0.02601376673949771 0.04674023832639853
0 0.1959281898270042 0.19912025235635755 0.02789460111364202 0.05224549528728487
0 0.5813885918832226 0.05335953151487132 0.0267305099716424 0.04854368932038835
0 0.15308236289349733 0.49629159434964526 0.02788458190320603 0.05294952738278143
0 0.9491829980358886 0.19888684265680384 0.024712206537740384 0.04872144305748188
0 0.07770119460633015 0.27392007780338445 0.028544264632439927 0.054525128311159
0 0.3904136417968052 0.12442285435803563 0.028778101020509893 0.053221723448072925
0 0.38981927641229513 0.3436375436375622 0.028685043328939563 0.05143448056073128
0 0.9182068541405171 0.3383997028818 0.0259059060713122 0.050739920480813654
0 0.5470942304247439 0.4884767248035137 0.029229447631444378 0.052311748266296844
0 0.5054857221305378 0.052642858144552315 0.027559856391303664 0.04865141208198489
0 0.913794409685742 0.19852829318847282 0.026378585847550803 0.049545413623054396
0 0.19096949271048702 0.6478390323052534 0.028495668424126222 0.055302354979133855
0 0.6646639056335518 0.5608488728232394 0.027861894604310895 0.05450711534905222
0 0.5436172190972061 0.053070580983202345 0.027892706057365945 0.04680998613037449
0 0.5073857956626842 0.48964035849129295 0.028841911936528554 0.0523274113885036
0 0.54743320428308 0.5640429917938049 0.029326297305254673 0.05511634265680375
0 0.6981741475717849 0.34003683922792416 0.02766870485643002 0.05093205416859298
0 0.8036467720817255 0.12730014251040223 0.026900566926998454 0.04963804122360917
0 0.5451107810771233 0.267452671174295 0.02855543784575335 0.054091657651410066
0 0.5456165065664078 0.3403603392279242 0.028985790781460574 0.05196432154415164
0 0.6229855267847457 0.34028740946216673 0.029151751816899926 0.05181846201263676
0 0.5447580833604512 0.19459868893512097 0.028431140455270912 0.05016208737864078
0 0.04343302862665056 0.05629651422531687 0.026405721166541208 0.04859817157551786
0 0.27502504080779594 0.053740675585411866 0.027873110691468233 0.04871679078814024
0 0.2303807090662017 0.6466503532847353 0.02908704340563676 0.053796713020169536
0 0.3094693052389061 0.6454650677949944 0.029487312598268114 0.0527337161637958
0 0.1108466609606752 0.7250397205087552 0.028218274232179635 0.05584584290041708
0 0.1881917859791647 0.9568352094243406 0.02907602419520061 0.05655558115131896
0 0.14932520423894002 0.8012456539968184 0.02847824536722027 0.055707395513930946
0 0.06990815614300071 0.8023452296917394 0.02851674540556878 0.054855540616521065
0 0.19674859367347414 0.12570428023492752 0.02778233188266211 0.05360528499667652
0 0.2356683581059538 0.1256049963169996 0.0282673414796626 0.053842575201856716
0 0.15041767539315493 0.7243888269779782 0.02825270690526037 0.056287488003007105
0 0.0820575215302499 0.055903998136706906 0.0289298030916606 0.04912071352140604
0 0.15793999751035687 0.12636799788881264 0.02817706267085644 0.054061004222374705
0 0.8108271855019912 0.41186638565264294 0.027121341391226114 0.05165695068577586
0 0.42852015622928497 0.26902974896483717 0.02873228369496019 0.053461631454785136
0 0.23490804079820882 0.19836064431532155 0.02806151455711242 0.052033853328320924
0 0.0807557715302499 0.12777460592984868 0.028079380015580392 0.05513078814030265
0 0.27404398792294354 0.12495435278622255 0.028759754923133027 0.053848862263410735
0 0.11903447097068968 0.12636069432185942 0.027720528859481015 0.054482255129504324
0 0.07082485556289662 0.7251206781951121 0.028158798090460953 0.056443616314166535
0 0.8839797118760945 0.41095715302820157 0.02640858929539929 0.052150089690245004
0 0.9107743325120481 0.12935352134381262 0.02595571258115997 0.04873632300816766
0 0.34959270909496304 0.5685980601838232 0.029092581810073806 0.05503687963235376
0 0.6927172919281608 0.05567113576822315 0.02643996095021152 0.045846817691477894
0 0.4677622187385295 0.34244522108626724 0.028766216368040876 0.05122912566332138
0 0.07928351672216255 0.20020336039739361 0.02776448578528527 0.0522324211641768
0 0.6995684956146467 0.41295283884265677 0.02774561007546525 0.05267405493912772
0 0.3896003917968052 0.4174663690845892 0.02934294717540954 0.05438726183082167
0 0.14834372579247299 0.9569971560262822 0.02826836539820595 0.05600775827313034
0 0.11188299749940014 0.6481789999591381 0.027661331923749845 0.0538030000817231
0 0.35084632928756043 0.2704557181905354 0.028531937578409012 0.05326256361892931
0 0.2362714902578229 0.054008259509877685 0.02750139424399102 0.04881610059603588
0 0.5818185949165543 0.12368595669594698 0.027396816690685288 0.05165608660810602
0 0.695090108936513 0.19581214362767763 0.02614941192878056 0.05066265988596085
0 0.23386369945139648 0.2718596827007944 0.028164178018387487 0.05432706047530311
0 0.038837314789340445 0.2741476874162336 0.0275136204199495 0.054980347536857196
0 0.04156208882840776 0.1288574639708847 0.027265668495344945 0.05293792381201439
0 0.028811704210178615 0.9586779255064126 0.02762278388670294 0.05588243290510292
0 0.12049593980919951 0.05536860617774294 0.02779471653513103 0.0480499296034781
0 0.15217858156354744 0.5714807187299097 0.028487500013695908 0.05600775827313041
0 0.15897263212584684 0.054824033626447895 0.02848925497791665 0.04914007470606819
0 0.4285220071909024 0.4917310525726521 0.028735985618195143 0.05472489485469589
0 0.584344439697519 0.3402721039451379 0.028187120604961775 0.05217311835413774
0 0.5063783463150636 0.2673218048620743 0.028570307369872778 0.05305939027585144
0 0.07285185075617884 0.5723524348119817 0.028925769244675856 0.05557190023209444
0 0.15117984366251735 0.6480606048565483 0.028462235751045478 0.054002067917579326
0 0.8078929649055521 0.2683195227693019 0.02725757997458649 0.05197268708583756
0 0.10838940134450047 0.9571621029551175 0.027467312694139535 0.054594219966656816
0 0.15363019943222225 0.4211447641871792 0.028980254980655828 0.055206181420461305
0 0.1948974061731317 0.2727180746597584 0.02802437996079669 0.0538645541880509
0 0.4285220071909024 0.41681936908458916 0.028735985618195143 0.054400835953929805
0 0.06821651671942335 0.9586747819756356 0.029516158868213457 0.05718371996665676
0 0.5462807304247439 0.41405445515487754 0.029152042412409023 0.054106752812451885
0 0.03268298305733332 0.6483940354488793 0.02725736080788351 0.052925496938097394
0 0.5069462204995893 0.41463260621821546 0.028737559000821256 0.054877787563569085
0 0.39014477641229517 0.27023778917001734 0.029116908713449716 0.05326256361892931
1 0.192487372523368 0.7906971452278992 0.009665879662225933 0.008103710045438335
1 0.583972670126137 0.41297942163661583 0.004199659747725973 0.018053156726768372
1 0.3897521321861088 0.556735190230242 0.00738732206378789 0.012274664378411956
1 0.7742567655114437 0.2720836910155648 0.0065048316752668875 0.014855579904453723
1 0.7882594951420203 0.9283980582524272 0.007747973904823754 0.01598859608568347
1 0.9791016713813088 0.8977964510325166 0.005133244719755672 0.017860634689474474
1 0.6204425477120233 0.5526507309677917 0.008669396076426117 0.010432857682231508
1 0.8048150613639533 0.47029182231468636 0.009309024685044697 0.010641505624903697
1 0.8953500126214495 0.7638311950608723 0.004699227852416409 0.01918612274618584
1 0.628639382707297 0.34619737378640775 0.009321268676491138 0.009177143319463826
1 0.5559753563331938 0.7234511725612576 0.008212614623526031 0.011719938742487153
1 0.5527016618784187 0.612502054168593 0.006818330280631702 0.014786306210510136
1 0.5869145802845056 0.478371132416397 0.005993565788046389 0.0179841953305594
1 0.3899178341093437 0.7188200003732035 0.008808995141237841 0.011075852500190728
1 0.308599867744042 0.3497746570559968 0.011476658564164372 0.012130591742669393
1 0.7687482752971349 0.1964902061180459 0.004737655160925552 0.01732934273385729
1 0.7495564059589667 0.8647171223223916 0.006124818441727462 0.017368036138080016
1 0.9161805731524957 0.2554822592849438 0.00933225087164707 0.009916973185390685
1 0.5451300981319636 0.4862190361380798 0.009371000178203373 0.011920072276159736
1 0.8799645109440131 0.3427069727230698 0.007771224497543902 0.012690539066111886
1 0.7336554565648582 0.33647706900138696 0.007128520958269372 0.017444998998304893
1 0.07115396864813667 0.49884570305264075 0.00821672575686364 0.009936109612849091
1 0.19803952419849716 0.27997604023514544 0.005222611219016078 0.018041447037799786
1 0.8084180074496767 0.5534401520650332 0.005783420118389065 0.01732989775003859
1 0.6273596098275301 0.19639413927415628 0.008394226178854226 0.01443933741716755
1 0.887545796917856 0.4676143370319002 0.008491999054747103 0.012914337186007022
1 0.3426505408283398 0.5752930702766609 0.00495213934824989 0.017872992307105515
1 0.8242837558652161 0.843442769494529 0.005818616297088362 0.019463667360148144
1 0.8278439977104737 0.9167437864848205 0.007027204554259301 0.01772216658961325
1 0.02139409363649515 0.9584415728427753 0.012193783426520402 0.018686139398297823
1 0.9724364556777152 0.7736596214748035 0.006841715269706975 0.01840737132069651
1 0.03458324748570423 0.7999230497613679 0.0097011488165088 0.011008944989267066
1 0.06968281480166677 0.8700964848212438 0.008310283448433852 0.02321238923212703
1 0.23380135811006256 0.41612754719525347 0.0065837739116953835 0.014104946144290828
1 0.591600598271427 0.8640698723223919 0.005531699804751155 0.021359407766990194
1 0.3096774302436996 0.4102887230721454 0.005377110486029742 0.018808865733930417
1 0.8445060206367284 0.41141547233780246 0.006438348449630487 0.01859300354445986
1 0.5905274985976167 0.7100632461473263 0.006903101761889264 0.018847155416859412
1 0.4697154158591556 0.13271939679698824 0.008524697102821274 0.012562361429832367
1 0.9276938068430105 0.54860131518724 0.005482018905056456 0.02045802612112803
1 0.5504451389986519 0.3350055984358145 0.010362879302062372 0.01306785999383566
1 0.702719984244495 0.4741449960702728 0.006821975012784119 0.01680478363384192
1 0.8454008026900965 0.47349360456156575 0.0071668758619621315 0.014254892895669592
1 0.5913157698464351 0.6389850981276006 0.008425748826181897 0.01768398774849753
1 0.8561877249236826 0.5390893072122053 0.007674757023538337 0.01944813854214835
1 0.3108180312053171 0.9481289167374937 0.006382927795144261 0.015775117392915115
1 0.9330672447739916 0.6132650073586069 0.007712999333674374 0.01595727145939274
1 0.9099586842429455 0.05331730582524272 0.010347767181132232 0.01164247264601634
1 0.9632900683991136 0.6104367694174757 0.009251143322021175 0.012367330328247899
1 0.5078856094556273 0.49259136095700423 0.00986682673980753 0.01265978078286327
1 0.14539293501206887 0.9797933077866039 0.0085311969466879 0.014338177121811466
1 0.9165719734786852 0.1892704160502389 0.007774652828785445 0.014817158344891387
1 0.07398435807171402 0.7280393678451178 0.008691716143428055 0.012686587444019645
1 0.2346132571484451 0.19724943203883497 0.004959975834930317 0.018182425626273573
1 0.7418298454744084 0.47379427816304515 0.006081991601196253 0.018662021574973008
1 0.5883875157264908 0.7853068979422068 0.011333462465888523 0.022665371882185738
1 0.5469123448700665 0.5588573900061643 0.009099395611547599 0.01689764100785954
1 0.8096687999473138 0.34093063850362154 0.011610907070801146 0.011234731622746281
1 0.5457461471533943 0.7920094195176453 0.00891369952582406 0.014455502157497345
1 0.2707127379270523 0.8765752718827978 0.00945812969920496 0.013305821396271315
1 0.2665157090798976 0.5699666333970775 0.010401610466855421 0.010219828342758797
1 0.6242656408620396 0.40401063014331945 0.008964883028837915 0.015680388657728524
1 0.8940232838702679 0.6836762690322084 0.0118077703500535 0.010748864308830553
1 0.8108814535354004 0.41158088811835425 0.006280109680318677 0.020188508861149604
1 0.7008408878325817 0.19941476090306676 0.005737684146095911 0.018800313299429813
1 0.7315373319540072 0.11000121817645062 0.011864467822290933 0.017042832099549408
1 0.34140197352059476 0.7201304680270887 0.007449273963739845 0.016300361931069166
1 0.7845540939829234 0.8531902921867778 0.01012259318488206 0.011911910617968965
1 0.3036294638962025 0.7887781499433385 0.006954581637505469 0.021530577517352698
1 0.7853056952876821 0.7705615693481276 0.0061012990562970635 0.02075080181846209
1 0.9557609588931245 0.2662660225766682 0.006295323005284039 0.017244499768839613
1 0.11361360808130117 0.35228712785350813 0.00656860077672271 0.019309675296655938
1 0.7491263030232593 0.7716752404453691 0.010277913222692411 0.02738460926182768
1 0.6317715542823051 0.6997186860456156 0.007318311174127989 0.017576035213438198
1 0.6678288681217363 0.6362188775620281 0.007259840810128156 0.016281616119586974
1 0.15542519943770058 0.7258634711707147 0.00972272579795135 0.01093636821832128
1 0.23320564176393507 0.2704273639550849 0.006241264295520647 0.01740314749980933
1 0.385671074493169 0.8621515061646673 0.010509341293398205 0.01513015428829822
1 0.5845267567523592 0.12850986022499614 0.008444820680892065 0.013437977192171392
1 0.5849932796321261 0.5592232710355988 0.010998363178528928 0.013854274695638746
1 0.3841951177618466 0.7869424709228204 0.008202023984283708 0.024766077517352558
1 0.8858953508321322 0.41483652446447844 0.007531505578541352 0.0183004446756048
1 0.11404977635066361 0.7193648229244985 0.007887610392897468 0.012601355643816965
1 0.586048903816652 0.34257585641084914 0.009274513504718557 0.01526437594390507
1 0.9120664309810484 0.13663913291724458 0.008650365223994193 0.015286998458930506
1 0.8424214699843491 0.2654067525427647 0.011575946492492344 0.013184029203267075
1 0.2265016225315855 0.8727913058007256 0.008254302754741328 0.01695103119109115
1 0.9668485912788805 0.6980313371089536 0.006008084514899597 0.02210653521343804
1 0.7786092802364681 0.6287023054014486 0.007872168301489277 0.022068343427338682
1 0.2729391561964148 0.13121036130724728 0.008292312392829588 0.015144574368278292
1 0.5113952074984891 0.4168667597472646 0.006140519563634135 0.0192484499922947
1 0.7056891558195032 0.5457314462166745 0.00611351424852385 0.022345090306672925
1 0.9593171991074334 0.4817576350747419 0.010804803433902211 0.01429332901833876
1 0.9738679736646365 0.8373170141778397 0.01095185581020573 0.01900135460009242
1 0.8056033326127716 0.1318426770688858 0.011412769792199545 0.010239749884419799
1 0.6673311458943486 0.7953537911465557 0.0055434943982147844 0.017398443288642366
1 0.9626433200300621 0.5397093393049776 0.009576143322021297 0.015511202727693128
1 0.5111455800520665 0.7209236899368162 0.008576767932685513 0.016389636615811404
1 0.5083291862496707 0.6290182238403452 0.006655280980273739 0.02297757605177987
1 0.7419538928648908 0.5473685825627986 0.0066086942107140174 0.022923491370010887
1 0.7831632475710102 0.6925604133533673 0.00864290036105562 0.018408222453382875
1 0.03768570421702657 0.4066006473772242 0.007221523817193597 0.016160282179944013
1 0.9240911626609641 0.474553089844352 0.011525111183425484 0.012906457081214335
1 0.5102115342925325 0.8543921985668054 0.006570872499341433 0.02607459500693487
1 0.8894189794368772 0.5520881491755278 0.009394418359598993 0.016566497149021406
1 0.6612195805169448 0.47788196663584526 0.006532062991027857 0.02165939852057335
1 0.2703258004267099 0.2712961865063799 0.0071641200830301855 0.01828065064343544
1 0.8914450126214493 0.6265066543381107 0.01173443046193431 0.01991010016951759
1 0.4691721322052831 0.7906140789638565 0.006981649024686655 0.019602151640460953
1 0.5082011372282399 0.18668924761134228 0.007686176413617822 0.018053158344891383
1 0.819822636573536 0.6986437876406226 0.007573979018486744 0.022807971027893552
1 0.7103052718492865 0.9258707770842964 0.007728445655711153 0.01719048466635848
1 0.11475235808130116 0.8785431701290141 0.006044177700642468 0.02288162417595587
1 0.5086294574984891 0.3406691558791801 0.011090921520772299 0.013684033749422134
1 0.34669172352196437 0.272058688078193 0.005854293196089429 0.019806653787061593
1 0.7033183077766414 0.4126754228694714 0.0075623214246976125 0.020311043612266832
1 0.9011455502262408 0.84422113580675 0.00744190436675809 0.019448004237941165
1 0.7798451299102784 0.4184695966250579 0.006562665039592247 0.022592321621205107
1 0.8016731675615576 0.05271591007859455 0.005714145561185745 0.0201653442749268
1 0.6329997143941859 0.641843797426414 0.0063725712116281105 0.02116640514717217
1 0.9569638265538561 0.4131300391816921 0.008344672679094438 0.014393335105563315
1 0.5903471867106751 0.9446756048697798 0.011331411835804894 0.011558021266759153
1 0.08783041576739302 0.05415182292177441 0.005323543071456594 0.019762343063864166
1 0.8394153784652812 0.12309287228386498 0.00848426019245968 0.015796070812143643
1 0.2610052235014206 0.7961192224946335 0.00958931238735116 0.012950444989266991
1 0.7047925300040289 0.6315998922792417 0.006550870446128469 0.022052180305131824
1 0.6987473649528148 0.2656533220449992 0.00740663838656193 0.020010970334412112
1 0.7358253519982024 0.40962422499614737 0.007824913129716423 0.022946032978887348
1 0.46689598316690056 0.6381687766799603 0.012848754794391513 0.013290114908524282
1 0.7058965790254598 0.776749342040376 0.007829360660437244 0.02070381245184159
1 0.39226392545615607 0.2718180043422358 0.010033447065842284 0.012006718479291297
1 0.848906960198658 0.3302201973724765 0.008677332140145457 0.01608911673601474
1 0.2689096802341125 0.4288269919339022 0.0078050143133253395 0.016165113252263705
1 0.4284048821956959 0.6441518941518748 0.00853201439002251 0.021373349852352994
1 0.4696574302820481 0.5625040222124154 0.0064493221021364976 0.02165818638379483
1 0.43848367546711275 0.2580579562779903 0.008534812472265908 0.014682906268728342
1 0.42737199758020605 0.5683517769278545 0.011036052851982168 0.014757115404312819
1 0.46835753124366564 0.19291649987469084 0.007076908639491854 0.021617993462129458
1 0.12048147827526814 0.12537493071491618 0.006200071933676813 0.020277564937399954
1 0.934818292164474 0.6845892248805671 0.008084891505121428 0.02163677600554786
1 0.5077792875544295 0.05262767479580829 0.00698028098027364 0.018030210587147485
1 0.5428116765569553 0.053737372669132366 0.010133856375807795 0.012343408460471578
1 0.8996463492476716 0.9132879348898134 0.010634005671517016 0.02001066127292341
1 0.7767089567043217 0.48519807354754196 0.010510619280058201 0.017429403837263047
1 0.5454166455224458 0.42008784662505777 0.011509696263926991 0.016658949992294683
1 0.8450736448212542 0.18955936658190786 0.0070463942091643465 0.018862465788257083
1 0.23244187253295515 0.11475184873274277 0.006453995064540712 0.02365354921926935
1 0.42732066584956846 0.9457484151656805 0.012234389390707142 0.014434107962036848
1 0.6690669367610369 0.8533133269378949 0.011756880045868189 0.014362712744644821
1 0.5050514901639471 0.13623845241947913 0.00836818946120598 0.015317824703344128
1 0.38059270429920206 0.9469467747785297 0.008175408598403964 0.01639596914669901
1 0.7444894598732431 0.7018454881722915 0.012384723660762582 0.015634035213438247
1 0.9373403853144903 0.8350784820850672 0.010982378457533375 0.025404755663430333
1 0.4687256081662157 0.8646642269621784 0.004806812485961752 0.02187287980124884
1 0.4665592764355782 0.4128716860105914 0.00957774517821676 0.013207081816002518
1 0.2678685408105351 0.7232904388245998 0.00681940854362043 0.02131272940298363
1 0.30614445908948473 0.49896774168600794 0.010032572024069791 0.015358186879583315
1 0.8183930875521052 0.6267066195869934 0.011014175104210117 0.018354367545076314
1 0.80873525418778 0.27360934739559256 0.007860717508871209 0.022206486284481432
1 0.07071890134039169 0.8131615299897574 0.010620802680783388 0.019400627815370653
1 0.26700876196475 0.34382711842262975 0.010292043159110434 0.01835951447593512
1 0.06811034845553926 0.9555154987196669 0.014084831526568491 0.02105142331622596
1 0.4674873966281757 0.2577407433395443 0.00903631248596166 0.015753190186656274
1 0.23042793503261275 0.3346174315430464 0.007194850832875969 0.02065214071676859
1 0.30515194947331 0.7069186360449152 0.006539225869170053 0.021802839925686154
1 0.20022587733282496 0.12395864208154905 0.006460408510750247 0.020930851998954017
1 0.39945224276527064 0.04655334898063703 0.0055178701446617654 0.020575975591949763
1 0.19548926675503273 0.20657122695945432 0.008263918124185837 0.015229725262332069
1 0.16131571867005015 0.50157635287067 0.010651495031670523 0.016242977084763445
1 0.1616976032855401 0.06431893567824963 0.009449456569710616 0.013811432905102854
1 0.630435103303736 0.9485977141316073 0.011347108564610357 0.015657091385421602
1 0.03784365133217414 0.19854078850805792 0.006686494971408481 0.016471428769899717
1 0.42857563700378337 0.869574666985388 0.013011466314626914 0.03384490180663153
1 0.4257316898872662 0.7868204322894534 0.00861916823512272 0.018036426127510267
1 0.7788164534424248 0.5537296025967021 0.01016961275626427 0.017906798813376475
1 0.6956883469658934 0.1222802065033133 0.006745197193683724 0.02011827400215751
1 0.8654097347558611 0.9201763933965172 0.0076321753831372855 0.025882380413006698
1 0.26613727638764256 0.4798778632114021 0.01137761046685541 0.013439004053479815
1 0.39204799276390107 0.12611492757129006 0.01046531245035236 0.013131416691183728
1 0.38834401680159875 0.4164675148491387 0.009984418217318096 0.018655307328952885
1 0.38424694949248417 0.6427450361108387 0.006564418214578829 0.024187065934425187
1 0.6705271851300885 0.7022925229234088 0.01019227874110917 0.01589576783787944
1 0.9217899146715635 0.33267074949915243 0.007798535214541321 0.020049162120511693
1 0.5489439511567725 0.9389929110802898 0.008522771295306262 0.01675913083680072
1 0.8575263948677421 0.7713477672214516 0.011583194954519304 0.014555197565110445
1 0.7657419459811259 0.05278163045153337 0.011525111183425484 0.011943288642317775
1 0.6582776066586087 0.18615347757743878 0.011641213317217545 0.011419350901525646
1 0.6239715902096602 0.47569364713361073 0.00955298433359671 0.01756015526275236
1 0.6585893828002727 0.40767042021112654 0.007531072776718863 0.022615701417783924
1 0.3451179062142194 0.8623696851851852 0.011631543197458934 0.0138220801651902
1 0.42600240623339364 0.4959494207065258 0.007201197080907868 0.02444583512579954
1 0.388387593724149 0.34275733450470186 0.00748678360182809 0.023550088599043298
1 0.8536369013915361 0.6203264632069656 0.01200160669734859 0.01685978740946222
1 0.02999928113820714 0.6553197986853432 0.007254946890534664 0.022138016960326082
1 0.07524918499563377 0.41960448093121067 0.011202158451857834 0.011509659082736757
1 0.07393487730269396 0.25405241764462316 0.008352408450488236 0.016591970960958047
1 0.7406905954744084 0.6243256663969795 0.008554190948816948 0.018107798042841704
1 0.3086945263972297 0.12992893543035536 0.006466379717009631 0.022501864573458454
1 0.5451027141152589 0.2014330765141008 0.008394571769482292 0.019139846971798425
1 0.42671939661858854 0.7129848197808724 0.010807312466787494 0.017951775233456643
1 0.5042632189151287 0.7964399943365696 0.008201437830257403 0.024472453922021856
1 0.7076535970123812 0.6960971686700571 0.01167589989617713 0.020966396208969004
1 0.08341930518960076 0.1988771126311661 0.007571725762342007 0.01972150289300776
1 0.510739 0.548867 0.01139000000000005 0.029773000000000067
1 0.19271156002371037 0.954548142250444 0.009655773892521109 0.021678562131563713
1 0.11606211288938853 0.2071027253876413 0.00736909116328714 0.01721773469321045
1 0.19090690136915311 0.726107298437449 0.008224995045366399 0.020037590587645416
1 0.148944016744076 0.8770142734546108 0.01172836041070215 0.01678639866300554
1 0.15124725944771508 0.6420897213777472 0.00887495192734372 0.017652250661959388
1 0.42965778842772007 0.4182766173057435 0.007998413465383821 0.02419012127749987
1 0.3453931754451993 0.3423050088097806 0.011300139350989086 0.013994147004020841
1 0.15460849751446565 0.5794337216665032 0.009383918105011565 0.0239750048816101
1 0.3451158052526019 0.19832260948753996 0.009006129734814312 0.015164354646791603
1 0.9379254849883006 0.7739135225381414 0.012136571281359865 0.0194406386962553
1 0.0760613340340163 0.12937418228672923 0.008482187297642945 0.013586635916881943
1 0.6278533304239692 0.8587303148790261 0.012055569328870476 0.0143162233780242
1 0.1943935936775829 0.4941035610936768 0.00672997581575605 0.024214831982173408
1 0.6260478876001425 0.26906679261057176 0.006949984333596755 0.02165991146555709
1 0.940869427812127 0.9161313359531515 0.014190358886151272 0.016635463399599558
1 0.428783064887951 0.11952038893792294 0.007337379774532413 0.020218481383413475
1 0.11241822346581119 0.6425273570903207 0.00808283154574277 0.022443133770280975
1 0.4695558677823906 0.048280563490896045 0.008843793256351278 0.015813972448323645
1 0.11618572096932012 0.5700641800965426 0.009532355773813644 0.016998463600405318
1 0.30962680279308985 0.1939186906824448 0.01117586538998838 0.013511599272117088
1 0.11057158885032121 0.4771704681088119 0.011556966161232743 0.013623497766227642
1 0.8198498342902081 0.7694175720064724 0.009069178366107312 0.028817807135151873
1 0.040365550371926254 0.26879993336275376 0.011065485357972901 0.014991854151003098
1 0.1578244734767679 0.21124337677748362 0.008211196952166268 0.019832882939426658
1 0.6617485020919529 0.11567261696717523 0.008573409402941202 0.019078560178764078
1 0.7760369795840888 0.32832107840191094 0.014566364387212804 0.01526414617044228
1 0.46557822355072587 0.7134337519450165 0.008471966331061915 0.023155923479672845
1 0.8771131661630482 0.1297193481661273 0.008050332326096752 0.023347557327785498
1 0.28177418504493906 0.05012981663452216 0.0077147547039984835 0.02170434306386416
1 0.7359666248779694 0.057058249614732624 0.008510864108285762 0.02727662760055479
1 0.07883238691886871 0.5792121491152081 0.007103639222247498 0.023982291943164154
1 0.46525567547396074 0.47901947125243804 0.011746677870471841 0.014284071889335668
1 0.9236997104310972 0.4074354054939128 0.008240329343126802 0.026938404607797794
1 0.344192987944857 0.9465111667374935 0.01150916819677409 0.019010617392915267
1 0.5427764755783862 0.12254193912775466 0.011172755071049005 0.01612740237324706
1 0.1916259927159654 0.41700530033887967 0.011607773892521123 0.014528730062218744
1 0.03375618979276443 0.5735723928279559 0.006315168046119139 0.023057779368659603
1 0.8598313425844141 0.8566190407612884 0.008329194954519444 0.04242534889813538
1 0.5494726406296003 0.8628449712590538 0.00959608517347721 0.02111233826475578
1 0.5119897793996869 0.2606142699183233 0.007275767932685661 0.02585113345661887
1 0.1123150600045361 0.8005899109460299 0.010699639238682591 0.01839238344066335
1 0.9497215144383494 0.19650959246417013 0.01062623801001031 0.021143243797195295
1 0.2322871273410425 0.48281022439606414 0.011365312373655265 0.01541972642280414
1 0.38888174757061883 0.4877102338269426 0.008908956679278018 0.02610503548974095
1 0.18961045425400552 0.8703044832494307 0.012790100815071303 0.02148881825264535
1 0.7026715594075899 0.331437766874711 0.008662118815179948 0.025982533749422117
1 0.7364718503672539 0.2632032699183233 0.009631105953543212 0.02105840083217751
1 0.5502204903034106 0.2819579716828479 0.007712987130615412 0.023616804361226727
1 0.6966533420730477 0.04405136735244259 0.009657690669889822 0.017460526198181548
1 0.8790369357809181 0.256114346162737 0.008851577433251224 0.019440285945446133
1 0.030222968638549536 0.4928916273577195 0.010532860353179333 0.014870532346114934
1 0.6701085870872265 0.9414857956927107 0.010642076131591703 0.025642987132069753
1 0.2633545167714678 0.9466167377169756 0.01190303354293568 0.017927759351879253
1 0.23282856003329755 0.5618497351508613 0.010063312373655275 0.01991575421965069
1 0.30554504082012224 0.877017666985388 0.011450543178284754 0.01852304376559555
1 0.43303512738897815 0.048072315062709106 0.007379504776586824 0.021460765797129928
1 0.028961343637864744 0.7179838631296787 0.007139475736319772 0.024080436054177395
1 0.7346376771612974 0.18904323289412853 0.01136245888925029 0.014500989905994757
1 0.30516180524301484 0.6539095471135302 0.009806533562109893 0.022779229898771996
1 0.6254458124370478 0.11507905278163046 0.00873523270264823 0.026429966558791814
1 0.2300561561868276 0.7857402177791943 0.013197639296205432 0.021940287312172527
1 0.5813324364821099 0.05891909589304978 0.01095947426897868 0.016234854908306368
1 0.031154790754381906 0.3506558037304 0.012394504584844063 0.01734202705043972
1 0.6598758762764787 0.054245674795808295 0.013287157771992585 0.013638408460471572
1 0.18579826194557575 0.5839741522588343 0.014059581582721766 0.016201717820055972
1 0.35771009371730095 0.045793990939601015 0.010551975895192403 0.02035125950987769
1 0.30359254082012227 0.5685663124175956 0.01469813933181485 0.016943192671047085
1 0.22912298310937773 0.7163465019450166 0.010681293141305784 0.017766281520708766
1 0.6616963256240993 0.33595310375250426 0.010421056467233736 0.023886672753891194
1 0.3468143485226492 0.4072609715003323 0.010649139350989035 0.023120936713412508
1 0.66713566388127 0.5536526720989368 0.012907634938713547 0.022298600940052378
1 0.1159642523129659 0.4163776615235418 0.009317889240052163 0.02580874263672324
1 0.7683857916531076 0.12753102866389274 0.013597995049044688 0.021559918323316395
1 0.5841837812630747 0.26658169101556484 0.009711869702322953 0.023933243026660514
1 0.3439674494828971 0.4870467661730574 0.00889236050383436 0.022637532346114837
1 0.07449071864950627 0.651512327887832 0.012938225759602821 0.017113075365303387
1 0.04603348306555087 0.1338189724919094 0.011562889207181973 0.015157648491386419
1 0.34364835332936705 0.7930146917203318 0.011283629734814242 0.024825661071339045
1 0.12332702635340279 0.061188506657731616 0.01146570655190595 0.01920057486406683
1 0.1619747234781375 0.12515750169439815 0.012620504647845266 0.019404848855327884
1 0.20039638214091235 0.05468017781918433 0.009625552742415002 0.019577349351116397
1 0.5090168561937303 0.9476654868238558 0.010509823477910456 0.031005904145476843
1 0.38693269949385384 0.19496407085417283 0.01280705283280793 0.015343561297985253
1 0.8804547299095038 0.056287464863615355 0.01124587156183644 0.024580255971644323
1 0.04407913210393338 0.05694882134996135 0.014375918052967089 0.01416834620749029
1 0.20111362252610715 0.3374277540943415 0.013669437359274563 0.01677492777832264
1 0.24297864657476165 0.05664443253462351 0.013429677763643665 0.023058426617850628
1 0.3104558581292368 0.04904645859348613 0.011928235488084082 0.019948336776611918
1 0.12048698308061635 0.26997990978555786 0.010246033838767266 0.02703118042888427
1 0.43070899758157555 0.33734468783029864 0.01575705285472151 0.03088851761956128
1 0.6602452994824354 0.26565357204499923 0.014097906141044114 0.01923993558329484
1 0.16143701906799862 0.2747703572946292 0.01347677885263306 0.026587340503198092
1 0.08161509845553926 0.3459780948454338 0.013143803088921472 0.02778481030913236
1 0.9430912497133249 0.12594421979503775 0.011490009212340972 0.043226370087840985
1 0.46940642547533035 0.9400483473298246 0.01440190864223103 0.03716655270068538
1 0.4254178966185886 0.20343740440815927 0.0140677163132573 0.02280494448803035
1 0.029665074409623987 0.8756602119060073 0.026988071895328217 0.038672275565798296
1 0.215801848489779 0.629497125290118 0.0042342354415179995 0.018865250580236012
1 0.35136479563779677 0.6364350251081473 0.003520456660103665 0.01632176001111435
0 0.029255079450541798 0.8796352712208382 0.02914612042542781 0.05819288343521509
1 0.8056016136472812 0.18505186126521808 0.005605227294562453 0.015163653028201557
1 0.13831987081208288 0.24791605853756282 0.014576700682531439 0.020137555983984447
1 0.1847772387066237 0.29626605864469946 0.008252226133775076 0.014458173972737028
1 0.5831169635545138 0.8061234466508276 0.006832729857456502 0.014079136479629356
1 0.7319071273705297 0.1354349436581277 0.00975264546634315 0.014134206729831938
