0 0.722735969387755 0.25384424603174605 0.0373086734693878 0.07502480158730157
0 0.32884247448979587 0.9410032242063491 0.03746811224489791 0.07409474206349209
0 0.6737882653061223 0.25368923611111116 0.037627551020408136 0.0759548611111111
0 0.9181281887755101 0.06054687500000005 0.03810586734693879 0.07409474206349204
0 0.5758728469387754 0.4493075138888888 0.03758753061224494 0.07594637698412685
0 0.5271843112244897 0.9416232638888888 0.03874362244897956 0.07409474206349209
0 0.8214285714285713 0.25368923611111116 0.03794642857142857 0.0753348214285714
0 0.8700117704081632 0.254222373015873 0.037536295918367456 0.07578105555555553
0 0.5264668367346939 0.25461929563492064 0.03826530612244901 0.07471478174603173
0 0.37847365306122444 0.2528765535714285 0.037559551020408116 0.0749495357142856
0 0.7716072806122448 0.25386112301587305 0.03779364285714288 0.07567859523809518
0 0.5753348214285714 0.05977182539682545 0.03746811224489791 0.07502480158730157
0 0.871762163265306 0.8410845833333332 0.03848606122448989 0.07701043650793653
0 0.13012546938775507 0.8438759722222221 0.03894991836734695 0.07701285714285719
0 0.9679528061224488 0.3513454861111111 0.036989795918367256 0.0734747023809524
0 0.030626790816326528 0.45094576388888874 0.03925103061224489 0.07302248015872997
0 0.5264668367346939 0.8422619047619047 0.03794642857142857 0.07750496031746025
0 0.08051658163265304 0.4494667658730158 0.03794642857142857 0.07440476190476186
0 0.1803545357142857 0.7458583869047618 0.03768611224489796 0.07443006746031756
0 0.4774879540816327 0.8436452222222223 0.038202948979591866 0.07779143650793655
0 0.6747448979591835 0.7435205853174602 0.038584183673469344 0.0728546626984126
0 0.918765943877551 0.3508804563492064 0.03778698979591835 0.07502480158730154
0 0.42784690306122447 0.7453413373015872 0.03809176530612248 0.07277592857142857
0 0.1307542244897959 0.5487363075396825 0.03829416326530609 0.07391110714285709
0 0.9208357244897958 0.9368330575396824 0.03873777551020418 0.07257484523809508
0 0.724698581632653 0.9392971369047619 0.03804512244897974 0.07130260714285717
0 0.1306050969387755 0.45038094246031735 0.03863366326530615 0.07499303571428559
0 0.8223054846938774 0.9383680555555555 0.03842474489795913 0.07254464285714274
0 0.17936862244897955 0.8421068948412698 0.03826530612244898 0.07781498015873013
0 0.47704081632653056 0.4500868055555555 0.03667091836734692 0.07564484126984124
0 0.9701198571428571 0.9368060575396825 0.03909175510204099 0.07128076587301595
0 0.4772129489795918 0.9411864365079365 0.037971816326530725 0.07322108730158719
0 0.3781887755102041 0.35227554563492064 0.037308673469387744 0.07409474206349209
0 0.4276147959183673 0.9417782738095238 0.037627551020408136 0.07254464285714293
0 0.22935267857142858 0.4503968253968254 0.03746811224489797 0.07440476190476186
0 0.527318969387755 0.45060941269841276 0.03773742857142872 0.07482993650793654
0 0.625130719387755 0.2543138531746032 0.03820786734693878 0.07596401587301584
0 0.3782684948979591 0.8435019841269841 0.038424744897959176 0.07626488095238097
0 0.9185037653061225 0.25427515277777785 0.038857020408163426 0.07464653571428573
0 0.7226051785714285 0.35163176785714284 0.037684846938775454 0.07466730555555554
0 0.030744877551020407 0.35179072817460316 0.03821169387755102 0.07436518650793654
0 0.4771205357142857 0.2543092757936508 0.03778698979591835 0.07595486111111113
0 0.08116955612244896 0.25401158333333335 0.03702023469387755 0.07535947619047619
0 0.821109693877551 0.35103546626984133 0.038265306122448904 0.07409474206349204
0 0.6252757908163264 0.8428357023809523 0.03945464285714298 0.07865255555555548
0 0.27979754081632646 0.844019632936508 0.03791140816326529 0.07668013888888896
0 0.526551556122449 0.15749381746031746 0.038115867346938816 0.07453624603174597
0 0.4776785714285714 0.6455543154761904 0.0373086734693878 0.07657490079365074
0 0.9674486020408163 0.25392312301587305 0.03757577551020412 0.07456251587301585
0 0.1305280357142857 0.2535100634920635 0.03784178571428573 0.0755965158730158
0 0.6740237704081632 0.3516780277777778 0.0371419285714287 0.07475982539682535
0 0.6745135561224489 0.449390863095238 0.03748374489795917 0.07797319444444431
0 0.9204368520408163 0.7427905873015873 0.03794003061224497 0.0732547857142858
0 0.7231345663265305 0.4503968253968254 0.037468112244898016 0.07564484126984124
0 0.5764218826530612 0.9409717063492063 0.037091214285714255 0.07155154761904765
0 0.4281306530612245 0.8447908015873015 0.03802151020408172 0.07512227777777782
0 0.3783482142857143 0.4503968253968254 0.03858418367346939 0.07626488095238088
0 0.030759821428571428 0.6455496448412698 0.037922704081632654 0.0759455198412699
0 0.6253503214285715 0.9404696666666668 0.03896594897959186 0.0736476666666667
0 0.5264559285714285 0.3514758095238096 0.037924612244897966 0.07497542857142855
0 0.6254571734693877 0.45007886309523804 0.03822302040816327 0.07500891666666644
0 0.47764815816326517 0.7453431468253967 0.03756672448979594 0.07339958730158733
0 0.3288739846938776 0.45013180357142857 0.03848776530612251 0.07697491666666674
0 0.7717633928571428 0.4494667658730158 0.038424744897959225 0.07688492063492061
0 0.2792570153061224 0.9417782738095238 0.036830357142857144 0.07254464285714293
0 0.2788584183673469 0.4503968253968254 0.03794642857142857 0.07564484126984124
0 0.7231345663265305 0.546657986111111 0.03778698979591835 0.0728546626984127
0 0.3287627551020408 0.35181051587301587 0.03826530612244896 0.07564484126984124
0 0.5763726326530612 0.6459586031746031 0.037311591836734694 0.07738347619047618
0 0.2296771632653061 0.6460839027777777 0.03843595918367349 0.07515391666666667
0 0.08081899489795917 0.3523485873015873 0.037594622448979605 0.07486086507936503
0 0.8714923469387754 0.937437996031746 0.03794642857142857 0.07316468253968268
0 0.2797734387755102 0.6461738829365079 0.03818208163265311 0.07533387698412694
0 0.22979687244897956 0.9425669563492063 0.03835650000000003 0.07288192857142858
0 0.9194425969387753 0.5478525773809524 0.03786478571428578 0.07214364682539681
0 0.8694993622448978 0.06039186507936512 0.03714923469387748 0.07378472222222222
0 0.6256003214285715 0.7442308670634921 0.0385093163265307 0.07365518650793668
0 0.8700304591836734 0.3510810277777777 0.03821142857142864 0.07418586507936498
0 0.8206590153061224 0.05996343253968256 0.03800170408163268 0.07540801587301582
0 0.030771683673469382 0.8444320436507935 0.038265306122448974 0.07440476190476196
0 0.07987882653061223 0.8431919642857142 0.03826530612244898 0.078125
0 0.8698182397959182 0.4485367063492064 0.036830357142857144 0.07688492063492061
0 0.37848989285714285 0.5482665773809523 0.03759203061224495 0.07359168650793653
0 0.9686055918367344 0.45099937301587295 0.037976489795918306 0.07436977777777774
0 0.3286565102040816 0.2533818134920635 0.03900944897959186 0.07534001587301577
0 0.6253709489795918 0.5482565277777777 0.037731693877551056 0.0723315079365079
0 0.13018176020408162 0.35258556547619047 0.037786989795918366 0.07409474206349204
0 0.378350137755102 0.6471768234126983 0.03795027551020413 0.07485959920634923
0 0.771125637755102 0.05930679563492068 0.037468112244898016 0.0759548611111111
0 0.5762914540816325 0.743675595238095 0.03746811224489791 0.0750248015873016
0 0.4774081683673468 0.5483088174603173 0.037086744897959226 0.07429620634920632
0 0.1299426020408163 0.7452256944444444 0.03826530612244897 0.07564484126984133
0 0.4281716020408163 0.3524344781746032 0.03810340816326533 0.07379256746031738
0 0.5266036530612245 0.060195232142857165 0.038220061224489905 0.07463153571428566
0 0.4279346632653061 0.4507866428571428 0.03762953061224497 0.07518439682539678
0 0.4275350765306122 0.5483630952380951 0.036830357142857144 0.07378472222222222
0 0.7727200255102039 0.7438306051587301 0.038424744897959225 0.07223462301587297
0 0.91921768877551 0.44985063293650795 0.03837160204081625 0.07579253571428568
0 0.7715118775510202 0.3512090277777778 0.037921714285714156 0.07444186507936502
0 0.08065536734693877 0.7456455079365079 0.03822400000000002 0.07524438888888893
0 0.723453443877551 0.7432105654761904 0.03746811224489791 0.0728546626984127
0 0.8708545918367346 0.7422805059523809 0.03858418367346945 0.07471478174603173
0 0.5267059948979591 0.7444506448412698 0.03778698979591835 0.07409474206349209
0 0.5761320153061223 0.8425719246031745 0.03778698979591835 0.078125
0 0.9697193316326531 0.7428160773809522 0.03797182653061262 0.07206568650793649
0 0.967384 0.15795884722222225 0.03680881632653085 0.07236610714285713
0 0.13071431632653063 0.058188132936507965 0.03885210204081637 0.07495761507936503
0 0.6736288265306121 0.06070188492063497 0.03667091836734692 0.07378472222222221
0 0.7238948622448979 0.8426966825396826 0.03803207142857141 0.0771344365079367
0 0.7235904999999999 0.6461796527777778 0.03774222448979592 0.07720553571428576
0 0.1796077806122449 0.9423983134920634 0.0390625 0.07316468253968247
0 0.1801658163265306 0.646484375 0.03826530612244898 0.07533482142857147
0 0.7726537499999999 0.8417238234126984 0.03797331632653059 0.07704883730158732
0 0.18023101020408164 0.3527050575396825 0.03871457142857145 0.07495376587301585
0 0.22951211734693877 0.253999255952381 0.03746811224489797 0.07533482142857144
0 0.08062955102040816 0.15534614880952383 0.03753461224489796 0.07458118650793645
0 0.4765625 0.0594618055555556 0.03762755102040823 0.07564484126984126
0 0.22983099489795916 0.8431919642857142 0.03778698979591838 0.07626488095238097
0 0.8209502551020407 0.1569630456349207 0.038584183673469344 0.07533482142857141
0 0.9687151989795917 0.5464412579365079 0.038195704081632746 0.073041246031746
0 0.3788265306122448 0.7455357142857142 0.03794642857142857 0.07316468253968247
0 0.8700763418367347 0.1572530773809524 0.03670880612244908 0.0746748055555555
0 0.42835169387755095 0.6465711924603175 0.03782583673469385 0.076128496031746
0 0.821961331632653 0.7423578075396825 0.038055316326530635 0.07362930555555557
0 0.030691964285714284 0.746155753968254 0.037468112244897954 0.07378472222222222
0 0.6737085459183673 0.15680803571428575 0.036830357142857144 0.07254464285714284
0 0.5271781836734694 0.5479027876984126 0.038093612244898115 0.07348414682539683
0 0.6745854591836734 0.5475880456349205 0.037627551020408136 0.0728546626984127
0 0.1796566989795918 0.45043865476190476 0.03756594897959185 0.07696857936507934
0 0.7729100714285715 0.6459211626984126 0.03784820408163278 0.07730859523809513
0 0.4767884540816326 0.15600876785714288 0.03807945918367364 0.07528638492063486
0 0.27949544387755093 0.3515404384920635 0.03762609183673469 0.0744846468253968
0 0.47754298469387757 0.3520430575396825 0.037675255102040846 0.07424980555555555
0 0.2794933520408163 0.15563974801587305 0.038259663265306186 0.07516838492063486
0 0.1303516581632653 0.15533356944444446 0.03908341836734693 0.07641614682539674
0 0.37821773979591833 0.9421184662698413 0.03800435714285716 0.0719849484126984
0 0.9196428571428571 0.6449342757936507 0.037627551020408136 0.07533482142857137
0 0.821189413265306 0.546657986111111 0.03714923469387758 0.0728546626984127
0 0.5764343826530612 0.5483525575396825 0.03679733673469394 0.0743836865079366
0 0.8226701479591836 0.841954632936508 0.03819743877551025 0.0775104563492064
0 0.7225153112244896 0.05999267261904765 0.03782398979591832 0.07484645634920631
0 0.32828443877551017 0.8435019841269841 0.03794642857142857 0.07750496031746025
0 0.27881346428571424 0.25364328373015876 0.037856520408163265 0.0752429166666666
0 0.2292729591836734 0.05791170634920639 0.03826530612244898 0.07502480158730157
0 0.42745535714285715 0.2535342261904762 0.03826530612244896 0.07502480158730157
0 0.2788845663265306 0.05959345238095241 0.038317602040816315 0.07466805555555549
0 0.7715242346938774 0.1577380952380953 0.037308673469387696 0.07378472222222222
0 0.722778219387755 0.1564102876984127 0.0380309285714286 0.07360926587301583
0 0.8213355765306122 0.44915486309523805 0.03807931632653074 0.07626111507936507
0 0.6252391581632653 0.6450892857142857 0.03810586734693879 0.07750496031746025
0 0.031177790816326528 0.15519843849206352 0.03907752040816326 0.07366572619047614
0 0.3290171683673469 0.7452979980158729 0.03717974489795921 0.07330928968253975
0 0.5765759744897959 0.3517766884920635 0.03771827551020398 0.07371706746031738
0 0.6250466989795919 0.3516725376984127 0.038677581632653155 0.07412880555555557
0 0.6254119183673469 0.15754409722222223 0.0365381224489798 0.0709165674603174
0 0.2792570153061224 0.5483630952380951 0.03714923469387758 0.07316468253968247
0 0.6748522704081633 0.8424851726190477 0.038480051020408315 0.07609137698412707
0 0.5761320153061223 0.25492931547619047 0.03810586734693879 0.07595486111111108
0 0.32913973469387753 0.15615406746031749 0.03838151020408164 0.07247678571428563
0 0.42733184693877546 0.1556709880952381 0.03833716326530612 0.07523086507936498
0 0.030848418367346937 0.9427614464285715 0.037462142857142854 0.07327090873015882
0 0.2297321173469387 0.15600148809523812 0.03822698979591834 0.07465178571428566
0 0.9206895051020408 0.8413694126984126 0.039401969387755184 0.0769600555555556
0 0.32898499999999997 0.6465350734126983 0.038390918367346975 0.0754362182539683
0 0.2794495051020408 0.7457063769841269 0.03880972448979593 0.07598616666666677
0 0.9690688775510202 0.6455543154761904 0.0373086734693879 0.07347470238095234
0 0.966929719387755 0.061440761904761935 0.03685688775510231 0.07340235714285707
0 0.9187628775510204 0.15737658730158732 0.038099734693877604 0.07306170634920628
0 0.7722909030612245 0.5476845277777777 0.03788537755102064 0.07242758730158735
0 0.22963629591836734 0.7449922678571428 0.03835422448979592 0.07641806746031755
0 0.6250994846938774 0.061551021825396846 0.03718876530612251 0.07238279761904755
0 0.6752756479591836 0.9406991964285714 0.038689051020408066 0.0710065277777778
0 0.8706000918367347 0.5475985972222221 0.03839406122449002 0.07225572619047622
0 0.5756539081632652 0.1570483273809524 0.0381062857142858 0.0736452658730158
0 0.5271794285714285 0.646396113095238 0.03841497959183684 0.07825849603174598
0 0.13073979591836732 0.646329365079365 0.03890306122448979 0.07564484126984124
0 0.8710784387755102 0.6456829126984127 0.0377563673469389 0.07497197619047627
0 0.031161137755102035 0.2543298432539683 0.03872533673469387 0.07475591666666667
0 0.08035714285714285 0.9428633432539684 0.037946428571428555 0.0728546626984126
0 0.03133051530612245 0.5476629484126985 0.03842633673469389 0.07424454761904768
0 0.674927275510204 0.6458591329365079 0.03799230612244904 0.07780457539682542
0 0.17976721938775508 0.5492931547619047 0.03810586734693879 0.07378472222222222
0 0.3785160918367347 0.059601162698412716 0.03732555102040825 0.07406343650793643
0 0.7730891479591836 0.9392226369047618 0.03788747959183679 0.07115360714285697
0 0.18031497959183673 0.15561621825396826 0.03760700000000001 0.07388124603174596
0 0.32925666836734696 0.5480595575396825 0.03829650000000002 0.07503776587301589
0 0.8215730204081633 0.6457736726190476 0.037916448979591975 0.07577353571428583
0 0.22975127551020405 0.5482080853174602 0.03826530612244901 0.07471478174603173
0 0.18054407653061225 0.05843159325396828 0.03806519387755104 0.07358441666666661
0 0.08011798469387754 0.6472594246031745 0.037149234693877556 0.0750248015873016
0 0.22961717346938773 0.3525552182539683 0.038315979591836705 0.07403404761904757
0 0.03101084183673469 0.058686755952381 0.038424744897959176 0.07285466269841269
0 0.08124943367346939 0.05816437301587303 0.037498867346938775 0.07367001587301579
0 0.9692283163265305 0.8404017857142856 0.03922193877551032 0.0750248015873016
0 0.3294802295918367 0.05822172619047623 0.0390625 0.07316468253968253
0 0.08035714285714285 0.548828125 0.03826530612244897 0.07347470238095234
0 0.3785737806122449 0.15635955753968256 0.03775980612244904 0.07474788492063486
0 0.1301864387755102 0.942738736111111 0.038752979591836746 0.07384552777777781
0 0.4275350765306122 0.05930679563492068 0.03938137755102043 0.07533482142857141
0 0.18042508163265306 0.2538517837301587 0.03782720408163266 0.0775200357142857
1 0.4291186071428571 0.8410297698412698 0.005602071428571418 0.013004944444444295
1 0.7267269540816327 0.6474660396825397 0.0057297653061223535 0.01012744444444438
1 0.029343321428571427 0.055872279761904786 0.008596520408163265 0.028260400793650834
1 0.48421556122448967 0.44807167658730157 0.006058673469387798 0.010850694444444444
1 0.2309349744897959 0.25173978174603173 0.007198928571428479 0.007309126984127001
1 0.5305708622448979 0.6415817817460318 0.0077358265306122975 0.00825508730158712
1 0.08554233163265304 0.9376200357142856 0.0065301326530612285 0.013276793650793667
1 0.17484900510204082 0.05942495039682542 0.005531581632653041 0.009994345238095287
1 0.2312567551020408 0.5496264345238094 0.004642102040816301 0.014214392857142715
1 0.43018414285714285 0.4570231984126983 0.003789877551020331 0.015269079365079324
1 0.927848663265306 0.7414458551587302 0.0039965510204079836 0.0181003531746031
1 0.18119040306122447 0.25840081944444443 0.00560388775510202 0.01196820238095242
1 0.23599589795918366 0.34950600595238096 0.0037735102040816313 0.015769734126984136
1 0.08165434183673469 0.45030978968253965 0.004420908163265303 0.016915142857142868
1 0.6795620816326531 0.9332441567460318 0.0075850204081631435 0.009627757936507879
1 0.07762194897959185 0.15455997619047618 0.0029193673469387676 0.013176674603174657
1 0.9239043367346937 0.5477820853174602 0.005188775510203973 0.013562813492063537
1 0.5248659030612245 0.7401337162698411 0.009260540816326466 0.01142403571428563
1 0.08039678061224488 0.5518773948412699 0.007573785714285717 0.008472392857142828
1 0.8725268214285714 0.05526232142857145 0.006221867346938633 0.010879126984127036
1 0.6796168622448979 0.2561384404761905 0.005881071428571362 0.01029256349206357
1 0.5811258418367347 0.15446754563492066 0.007391173469387675 0.015221654761904796
1 0.17472668367346936 0.9363527857142857 0.004500714285714277 0.016431333333333242
1 0.531433862244898 0.4517264702380952 0.006647581632652942 0.010981583333333272
1 0.47758892857142854 0.24774970238095237 0.005281326530612265 0.012809126984127062
1 0.032591051020408164 0.1509829265873016 0.004014326530612238 0.018470654761904803
1 0.23059322448979588 0.15488516666666666 0.007882428571428512 0.006945936507936561
1 0.9722074744897958 0.5405108869047619 0.006477908163265462 0.016324456349206328
1 0.9701672448979591 0.8450039087301587 0.007688469387755146 0.015597341269841062
1 0.5810246530612244 0.3543101845238095 0.004723653061224451 0.018562170634920605
1 0.2762951275510204 0.4464177619047618 0.009271989795918348 0.007958126984126974
1 0.28150208673469385 0.2475493928571429 0.008424397959183644 0.009489507936507923
1 0.3292410714285714 0.7509610615079364 0.007015306122448958 0.013330853174603202
1 0.2764616530612245 0.5485824246031746 0.003836897959183614 0.01816253174603164
1 0.5293353520408163 0.0528685515873016 0.005423683673469425 0.02124702380952386
1 0.9754384234693877 0.6435916607142858 0.007031316326530705 0.016636123015873038
1 0.23491670918367344 0.8320301726190475 0.0072073979591836335 0.010542829365079182
1 0.38373955102040813 0.738189486111111 0.004842326530612238 0.017792654761904673
1 0.3815369897959183 0.4449714781746032 0.008928571428571428 0.009610615079365016
1 0.577763051020408 0.5511034642857142 0.007739204081632676 0.010020253968254048
1 0.9263841377551019 0.8528175972222222 0.009795500000000092 0.009890599206349233
1 0.5807222142857142 0.25863537896825406 0.0037341428571427368 0.018319519841269758
1 0.033322704081632654 0.9284474206349207 0.011479591836734691 0.009300595238095294
1 0.2798833571428571 0.05693830158730161 0.006878693877551001 0.010007325396825435
1 0.07697776530612244 0.6446924206349206 0.007396510204081633 0.015054642857142654
1 0.5331364999999999 0.5548675138888888 0.009938734693877547 0.010552670634920602
1 0.4308106785714286 0.062349829365079386 0.005725581632652979 0.018405500000000036
1 0.2786164489795918 0.746318994047619 0.007180367346938762 0.019514789682539637
1 0.28143933673469385 0.1524474166666667 0.009506530612244848 0.012441476190476234
1 0.8303775306122448 0.5498776249999999 0.008568918367346814 0.011231853174603105
1 0.9781215204081632 0.9368236448412697 0.004853897959183533 0.01982989285714293
1 0.18276303061224486 0.34286137698412694 0.005647408163265309 0.021618515873015897
1 0.8299727448979591 0.25724700992063493 0.006827469387755006 0.006835345238095295
1 0.6826353775510203 0.8493274781746031 0.008134857142857043 0.011290480158730057
1 0.28031923979591833 0.8375815218253968 0.010152336734693838 0.008740726190476068
1 0.8797354132653061 0.16271195436507938 0.007748561224489642 0.00927351190476195
1 0.42665816326530603 0.7438306051587301 0.007653061224489832 0.012710813492063463
1 0.3838009336734694 0.15894065476190478 0.009821602040816302 0.015576031746031787
1 0.7271257091836735 0.7427606746031746 0.007164397959183637 0.021051071428571332
1 0.18276331122448977 0.15018918650793653 0.0056468469387754945 0.020678174603174632
1 0.4744749132653061 0.5572169424603174 0.004175173469387821 0.018874646825396683
1 0.47901574489795906 0.05377933134920637 0.005297591836734686 0.020045503968254014
1 0.9250934744897956 0.648724990079365 0.009825806122448861 0.009469662698412564
1 0.8305169693877551 0.16265994444444445 0.009565551020408134 0.009377531746031792
1 0.7315713826530612 0.5430571964285714 0.005926112244897703 0.015572115079365092
1 0.28045280612244894 0.3415798611111111 0.008928571428571428 0.01860119047619044
1 0.23456014795918365 0.05336416269841272 0.009196030612244905 0.007855007936507976
1 0.48362502040816324 0.1572510257936508 0.010428530612244913 0.009034654761904829
1 0.4346849489795918 0.9428177341269841 0.005948979591836689 0.015902230158730133
1 0.2755315918367347 0.9367425952380952 0.007610285714285681 0.020612031746031826
1 0.9233536479591835 0.16639144246031748 0.005333520408163394 0.018035567460317474
1 0.6789218010204081 0.15328294642857143 0.008546704081632685 0.012630535714285789
1 0.7755661836734694 0.7425511150793651 0.004033448979591725 0.017749952380952314
1 0.08010837244897959 0.3568642837301587 0.005918459183673466 0.017174210317460383
1 0.6315369897959182 0.550688244047619 0.007334183673469344 0.01829117063492062
1 0.3848852040816326 0.2569444444444444 0.009247448979591814 0.009300595238095245
1 0.825421193877551 0.7476985634920634 0.005726489795918204 0.02047588888888886
1 0.9796715561224488 0.7363901289682538 0.010044642857142856 0.012710813492063561
1 0.6305254183673469 0.15319470634920637 0.0080818163265306 0.013427055555555591
1 0.18241293877551018 0.8405791805555554 0.006347591836734675 0.013906123015872967
1 0.3798988520408163 0.5502120932539682 0.007102806122448919 0.026683948412698336
1 0.8236045 0.4564392777777777 0.006171102040816326 0.02077719841269834
1 0.32994708673469386 0.5462607103174604 0.007151826530612278 0.016876579365079455
1 0.6273449336734693 0.647148109126984 0.005195336734693764 0.020683940476190463
1 0.6286628571428571 0.06989630753968255 0.00861816326530607 0.015093297619047676
1 0.7789997040816327 0.8391383809523809 0.010559265306122358 0.012447444444444282
1 0.22677567346938773 0.7450740297619047 0.0074416530612244815 0.019537940476190445
1 0.17997061734693875 0.45019602976190476 0.008681214285714311 0.017762702380952292
1 0.6782276683673468 0.550743994047619 0.00642731632653053 0.020039789682539697
1 0.33115433673469385 0.2496589781746032 0.008928571428571428 0.016431051587301602
1 0.5752414846938775 0.8443057698412697 0.011506826530612305 0.009553142857142876
1 0.3795440051020408 0.6424541170634921 0.010363520408163294 0.013950892857142842
1 0.3309151785714285 0.3581659226190476 0.005580357142857143 0.01829117063492062
1 0.8735047704081631 0.648258990079365 0.011281275510204023 0.010401662698412669
1 0.3308281530612245 0.9382556646825395 0.0060732857142856535 0.020686091269841392
1 0.9274331377551019 0.9455948730158731 0.006740867346938931 0.016548349206349004
1 0.47716186224489787 0.3534226845238095 0.005178826530612212 0.01971713095238102
1 0.5266810918367347 0.3555482440476191 0.004673530612244901 0.019806289682539724
1 0.7254643265306122 0.9356632857142857 0.006341755102040532 0.01719029365079372
1 0.5802734387755101 0.06204390873015875 0.009414857142857105 0.022737579365079412
1 0.029900392857142855 0.6443136607142855 0.007801255102040819 0.013952043650793635
1 0.08268751020408163 0.05642028174603176 0.01032651020408163 0.009803285714285761
1 0.8270996173469387 0.9379365456349207 0.01161709183673472 0.010783654761904928
1 0.4303537346938775 0.3504687797619047 0.00898553061224493 0.011577440476190432
1 0.13152442857142857 0.5423104365079364 0.010866959183673482 0.016445595238095103
1 0.43173834183673465 0.5483191547619047 0.007377908163265293 0.019309111111110923
1 0.532318056122449 0.8357520615079365 0.006154704081632595 0.016119884920634812
1 0.07890675 0.7456748650793649 0.012148234693877541 0.010262373015873096
1 0.22999546428571427 0.45530357341269834 0.009098071428571457 0.015393853174603202
1 0.07887616836734694 0.24728443650793655 0.011068663265306127 0.014162126984126949
1 0.7767459081632653 0.4548698392857143 0.0080515510204081 0.013375400793650724
1 0.5293231428571428 0.2546606507936508 0.010550142857142727 0.010767984126984171
1 0.6776981020408163 0.6530550476190476 0.004935428571428499 0.021890896825396723
1 0.629685668367347 0.3568631845238095 0.010399071428571358 0.00911589285714292
1 0.4820353265306122 0.9394190654761903 0.008505877551020342 0.009678734126984168
1 0.7815688775510203 0.06705729166666671 0.00988520408163274 0.010850694444444444
1 0.828168081632653 0.6529340575396826 0.005972510204081617 0.023372956349206317
1 0.9742749795918366 0.44973263888888887 0.007444938775510122 0.027370039682539617
1 0.37686125000000004 0.3516440357142857 0.010308112244897924 0.013353793650793673
1 0.42850664795918364 0.6497702896825396 0.012246908163265298 0.011719341269841284
1 0.03150799489795918 0.8363002519841268 0.010963602040816322 0.011923305555555626
1 0.7307876275510203 0.2546192956349207 0.00876913265306131 0.023251488095238085
1 0.12660524999999997 0.7480691646825396 0.010501234693877568 0.00919401190476194
1 0.13584183673469385 0.35041542658730157 0.007653061224489806 0.01891121031746031
1 0.8758801173469387 0.555365873015873 0.008124969387755039 0.018236507936507784
1 0.8257100408163265 0.05986375992063493 0.0073809387755101085 0.0177972817460318
1 0.7762276785714285 0.16037326388888892 0.007493622448979563 0.013950892857142842
1 0.03168402551020408 0.447219611111111 0.010292663265306114 0.015655023809523834
1 0.17987070408163264 0.5525960734126983 0.004416755102040807 0.02191598809523803
1 0.874676586734694 0.9398684444444445 0.010850908163265213 0.018700611111110987
1 0.8255936326530612 0.34908124603174606 0.006019367346938813 0.01723929365079371
1 0.7298345051020408 0.8424524900793651 0.009399867346938606 0.013259702380952296
1 0.43220190306122447 0.1569617142857143 0.006450785714285701 0.023874190476190525
1 0.48169682142857145 0.8385316706349205 0.006312989795918306 0.018001142857142837
1 0.13822816836734692 0.4433546626984126 0.007344683673469403 0.009744047619047642
1 0.32555213775510206 0.45218352976190473 0.008653377551020316 0.01502778174603176
1 0.7272277091836733 0.06204939880952383 0.006960397959183747 0.022106559523809563
1 0.3318016785714285 0.15292815079365082 0.01181764285714288 0.015181698412698378
1 0.030202709183673467 0.25425490079365076 0.011342030612244895 0.012199523809523851
1 0.030412066326530606 0.5448610198412698 0.012035867346938777 0.010356960317460324
1 0.680023025510204 0.45059094047619036 0.010489663265306096 0.012012563492063538
1 0.3851180918367347 0.8280658432539681 0.0075061632653060425 0.019711567460317485
1 0.971672469387755 0.061507918650793685 0.007866795918367383 0.02690975793650796
1 0.9731223469387754 0.2583788888888889 0.005285918367346604 0.018832500000000054
1 0.03014838775510204 0.7400699047619047 0.006348632653061222 0.024572492063491914
1 0.9250301632653061 0.45613940873015874 0.010590183673469205 0.015176539682539649
1 0.624297556122449 0.8438175198412698 0.011927846938775539 0.011769722222222117
1 0.4297035510204081 0.25976313888888886 0.007620959183673445 0.015443960317460387
1 0.12865138265306122 0.8356502519841269 0.01023549999999998 0.012603265873015818
1 0.6269522091836733 0.2597637440476191 0.00868758163265306 0.01989951190476185
1 0.7292235204081633 0.4497918749999999 0.010742959183673507 0.016771249999999977
1 0.625664301020408 0.9458961825396824 0.005367826530612112 0.02214612698412704
1 0.7270995204081632 0.1622093134920635 0.006260142857142828 0.01957938888888893
1 0.12850765306122447 0.1555679563492064 0.010204081632653076 0.017361111111111112
1 0.8739387704081631 0.35255078571428566 0.010413275510203995 0.009680174603174644
1 0.9261644744897958 0.35672909325396823 0.00704605102040838 0.023024948412698382
1 0.6292534795918366 0.4600472976190475 0.010944571428571541 0.011701039682539733
1 0.12776872448979593 0.24408932341269846 0.011363061224489789 0.010829289682539735
1 0.2827573979591836 0.6481766190476189 0.004319387755102103 0.01924696031746029
1 0.6769238265306122 0.07333694642857146 0.009672755102040855 0.014412416666666705
1 0.38355390306122444 0.05953004960317462 0.009677908163265312 0.022804980158730205
1 0.3340369183673469 0.6528535178571427 0.007308816326530579 0.02043383730158727
1 0.030328015306122443 0.3532385952380952 0.007583765306122449 0.015745031746031875
1 0.5798330561224488 0.9420420734126982 0.005193581632653072 0.02303390873015883
1 0.1825413163265306 0.7449053353174603 0.009598489795918345 0.010561353174603086
1 0.8756329336734694 0.4520852698412698 0.010851479591836619 0.013984222222222224
1 0.9768403979591838 0.16113097420634923 0.009329408163264928 0.014295591269841305
1 0.9276023928571427 0.2633927678571429 0.01150439795918357 0.016865257936507935
1 0.5318548979591836 0.15627016468253968 0.006443265306122368 0.02215709126984132
1 0.07757377040816325 0.8354174722222222 0.009712153061224488 0.01244878571428555
1 0.7803730867346939 0.5499131944444444 0.011320153061224504 0.014260912698412712
1 0.8746811224489796 0.2611297123015874 0.009885204081632638 0.010230654761904755
1 0.32773470408163263 0.8459479583333332 0.00492599999999998 0.02052967857142857
1 0.9200547704081633 0.06096600000000002 0.012250153061224215 0.012492603174603212
1 0.6782744591836734 0.7405590654761904 0.0111168979591837 0.018633853174603112
1 0.5776109285714285 0.644243490079365 0.009956714285714189 0.019052702380952406
1 0.5275031887755101 0.9423983134920634 0.008450255102040772 0.016741071428571373
1 0.8777260153061225 0.7489047638888888 0.010810724489795831 0.013723210317460339
1 0.2294560051020408 0.6480132301587301 0.010475744897959136 0.009033063492063379
1 0.8281578367346938 0.8393935099206349 0.009500653061224438 0.021237781746031636
1 0.6765780102040815 0.3586863531746032 0.008451122448979475 0.017870349206349247
1 0.9726498163265307 0.3508431646825397 0.005912102040816032 0.02301605158730159
1 0.7284654030612244 0.3556047936507936 0.007354908163265199 0.02093326984126984
1 0.22881762244897955 0.940308984126984 0.006331591836734672 0.02091973015873035
1 0.12828517857142854 0.6446603948412698 0.01103464285714286 0.014643210317460346
1 0.5794005102040816 0.44760664682539675 0.009247448979591866 0.01612103174603173
1 0.1327138214285714 0.06059419444444447 0.010963357142857127 0.015285611111111066
1 0.1836999642857143 0.6483357043650793 0.010257071428571482 0.018273591269841342
1 0.7795032346938775 0.3540644642857143 0.009552204081632607 0.017813531746031706
1 0.5795659234693878 0.748495119047619 0.009897153061224526 0.020799761904761935
1 0.1327327806122449 0.9349578373015871 0.003985969387755134 0.011160714285714314
1 0.38384885204081626 0.9351128472222222 0.00494260204081637 0.005890376984126928
1 0.7822066326530611 0.6457093253968254 0.005739795918367361 0.005580357142857157
