0 0.8695005379377432 0.1600685017293558 0.03982792412451366 0.0784189965412884
0 0.4253436631461923 0.062131134241245126 0.038812673707615375 0.07574573151750975
0 0.327149700389105 0.6500027520536099 0.03975659922178991 0.07741849589277994
0 0.3266562237354085 0.1602806341331604 0.039464476375764335 0.07884326134889755
0 0.3759689317676487 0.15924786932555124 0.03872913646470266 0.07745326134889757
0 0.3276820455808782 0.8457022805879809 0.040473874374652545 0.07903696498054479
0 0.37672218176764866 0.5514889577388672 0.0402356364647026 0.0783210845222655
0 0.2772691575875486 0.6487542076307825 0.03970368482490275 0.07897458473843501
0 0.3269143465814341 0.5510111929312581 0.03963330683713175 0.07871661413748389
0 0.9210694726236799 0.6491416928231734 0.03943605475264036 0.07907402550799829
0 0.031177939271817647 0.9397037073065281 0.04085087576431357 0.07991811500216152
0 0.07943931684269034 0.5513052957198443 0.04009736631461929 0.07930481971465633
0 0.07910644802668142 0.4518685149156938 0.03977904391328516 0.07701037613488967
0 0.1289991520289049 0.6484096928231733 0.040203695942190164 0.0796366143536533
0 0.7734157865480822 0.8450267509727626 0.038389382990550405 0.07768590575010807
0 0.12913424124513614 0.5511713683527886 0.03943162868260145 0.07768590575010807
0 0.37686345080600325 0.4531375606355383 0.038781098387993394 0.0775218787289234
0 0.32710274277376317 0.4524123986165153 0.04035751445247366 0.07944920276696926
0 0.47592358310172317 0.6496678696498055 0.0392220967204003 0.07742426070038919
0 0.8685207059477487 0.06343898616515346 0.03995275152862701 0.07498378728923477
0 0.5750978763201778 0.7467043251188931 0.040586247359644285 0.08167334976221349
0 0.1289469253752084 0.7465196195417206 0.04044665786548087 0.07792629053177692
0 0.4760283490828238 0.7474127215737137 0.03977904391328525 0.07903696498054479
0 0.9214423731239577 0.942933781344574 0.04018185575319616 0.07894743731085165
0 0.3773624235686492 0.8451956333765671 0.03943162868260148 0.07802367055771725
0 0.3760668703446359 0.35517416353220926 0.039967259310728205 0.07749867293558152
0 0.5250281449416343 0.3557272959360139 0.039112710116731564 0.07792940812797235
0 0.7235640471095053 0.748154649156939 0.03908890578098943 0.07781870168612195
0 0.7236485547526403 0.8446889861651534 0.039257921067259664 0.07701037613488972
0 0.574784272512507 0.6494321048421963 0.04030645497498609 0.07830379031560754
0 0.5266911215953308 0.9426895757674015 0.04000675680933859 0.07440584846519667
0 0.17878461436909393 0.8453336638564634 0.04041386464702621 0.07762420190229137
0 0.525866060172318 0.7480627371379162 0.03939887965536408 0.08101252572416781
0 0.4762722059477488 0.8467196934716819 0.03922451195108404 0.07904520190229143
0 0.47637576431350753 0.9429785451794207 0.04012645914396892 0.07498378728923466
0 0.7236165471095053 0.6493304872460008 0.03919390578098947 0.07742502550799843
0 0.5256543101723179 0.6496349724383916 0.03897537965536415 0.07938505512321657
0 0.030392377848804858 0.7446760306960657 0.03997458337965543 0.07896782014699531
0 0.8225750416898276 0.7470749567661046 0.039431628682601375 0.07768590575010807
0 0.9705417040022236 0.6480786187851275 0.03901976153418555 0.07964999589278005
0 0.8215314294052252 0.2581875312364894 0.0404711411895497 0.07807793752702118
0 0.37658073929961083 0.6489542801556419 0.039605336297943286 0.07869920017293551
0 0.969137915925514 0.45298316255944654 0.03864409199555285 0.07721308257674009
0 0.5262298499166204 0.8465466926070038 0.0383893829905503 0.07937472978815387
0 0.030639127848804862 0.6464986475356679 0.039773252918288 0.07716558300907907
0 0.2784791956642579 0.846047046260268 0.038649608671484155 0.07769990747946388
0 0.5251690220956087 0.25857003123648936 0.03835221873262914 0.07816740791180285
0 0.8206919527515286 0.3556865015131863 0.040181848804891424 0.07784781928231732
0 0.5246141449416342 0.16035303134457413 0.03828471011673155 0.0762859373108517
0 0.02978740119510836 0.2548559423908344 0.040154290994997274 0.07952111521833119
0 0.5744552110894942 0.35556592833981837 0.04069057782101169 0.07693114332036316
0 0.07910644802668143 0.3557744271508863 0.040126459143968875 0.07802367055771725
0 0.17853404863813227 0.4527538986165154 0.03921790272373547 0.08013220276696931
0 0.6747498610339077 0.9439918396022481 0.038389382990550405 0.07633484651967137
0 0.9675600430794887 0.062450707414613026 0.039309913841022746 0.07638487786424555
0 0.9183747915508617 0.06276345654993512 0.03856309060589221 0.07565931690445309
0 0.772882320872707 0.6492356048421962 0.03975435825458575 0.07791079031560756
0 0.6254608533907726 0.9445539729788154 0.038477293218454736 0.07610805404236921
0 0.8710562222067815 0.4535718106355383 0.03981255558643691 0.07839037872892346
0 0.525448165647582 0.5516780155642024 0.03925792106725956 0.08072578901859066
0 0.42642732837687597 0.8457528990488542 0.03959034324624798 0.0791382019022915
0 0.5253041025569761 0.45344354582792906 0.038969794886047786 0.07948490834414176
0 0.12922109505280704 0.4527129269347168 0.038910505836575876 0.07869920017293555
0 0.9215883824346861 0.8455333981841764 0.04082128960533627 0.0800502594033723
0 0.9709550154252363 0.9415351193255511 0.039498969149527496 0.07952776134889739
0 0.8199057684824902 0.06374251664504971 0.03930431072818225 0.07626637786424559
0 0.9707476375764316 0.7457238975356679 0.039431628682601375 0.07768590575010807
0 0.22827048763201774 0.6497976196498054 0.03933002473596446 0.0776837607003892
0 0.9191741231239577 0.258064663640294 0.039119508060033226 0.07715667271941208
0 0.7722696556420233 0.45313354582792914 0.039918688715953214 0.07886490834414185
0 0.624722067815453 0.8451956333765671 0.0383893829905503 0.0773481409424989
0 0.1783870910227904 0.5514402077388671 0.0396188179544192 0.07822358452226542
0 0.47519808310172307 0.2575875164288802 0.038465927181767716 0.07890449675745786
0 0.1788239024458032 0.7478125019455252 0.039450195108393614 0.07916099610894939
0 0.8722430950528072 0.8451800018374405 0.04010180989438571 0.08001899632511901
0 0.47524970594774874 0.35625556074362297 0.038916588104502534 0.077634878512754
0 0.8201431350750417 0.16054636835278854 0.03873679822123403 0.07599708171206226
0 0.13033190202890493 0.9435670905750105 0.04078470455808789 0.07683640769563323
0 0.42636276695386327 0.649433840034587 0.040503466092273496 0.07965831993082576
0 0.8725159811006113 0.9434851923908343 0.04030016675931074 0.07869920017293551
0 0.8714737354085603 0.7470749567661046 0.03891050583657594 0.07768590575010807
0 0.12877134060589215 0.25675438402507567 0.04079031878821574 0.07723823194984868
0 0.2775059075875486 0.5514099577388673 0.04017718482490277 0.07816308452226552
0 0.029843547387437434 0.4519136486165154 0.03991916814897171 0.07777617315175098
0 0.9697053918843802 0.5503269563337656 0.03804196775986668 0.07734814094249899
0 0.6243745653140633 0.5515647077388672 0.03977886937187327 0.07847258452226549
0 0.22797387437465255 0.7472438391699092 0.038736798221234055 0.07937472978815396
0 0.22858185102834905 0.8453645157803718 0.039605336297943314 0.07903696498054479
0 0.23050914855475263 0.9438394581712062 0.038248702890494764 0.07603008365758748
0 0.07956931684269035 0.6479521928231734 0.040357366314619295 0.0787216143536533
0 0.5761079567815454 0.8463505462602681 0.03982708643690945 0.07830690747946385
0 0.9204100573929959 0.5507787957198442 0.0398543004446913 0.07690076048421969
0 0.5741269610894942 0.06219526664504971 0.040034077821011795 0.07519846670990057
0 0.17820664257921062 0.6487853977518373 0.039605336297943286 0.07903696498054469
0 0.5757365202890495 0.9429785451794205 0.040473874374652545 0.07836143536532643
0 0.8222276264591439 0.8460400453955901 0.03908421345191775 0.07903696498054479
0 0.7247079199555309 0.9435275609597925 0.03929216008893823 0.07743287808041484
0 0.9680551695386327 0.15953307392996105 0.038563090605892116 0.07734814094249892
0 0.9684025847693164 0.25799151534803283 0.03891050583657594 0.07633484651967141
0 0.07971442468037793 0.8424935149156939 0.03925792106725959 0.0800502594033723
0 0.7711483251806559 0.06369148702983138 0.03906568871595317 0.07819090747946392
0 0.3768395355753196 0.9438303257674016 0.04012292884936071 0.07668734846519656
0 0.3270328465814341 0.35554404593601385 0.03987030683713176 0.07756290812797233
0 0.27808867662590325 0.9442073405750108 0.03960564674819348 0.07609031884997858
0 0.7733465899110616 0.7475897667531345 0.038945820177876456 0.07736446649373106
0 0.9202519535853251 0.4538529282317337 0.0391906775986656 0.0776015546908777
0 0.27774110617009445 0.7477504863813228 0.039605336297943286 0.07701037613488983
0 0.42570726695386324 0.35556903112840466 0.0391924660922735 0.07896393774319065
0 0.42565314063368537 0.7470749567661045 0.0404738743746526 0.0817390834414181
0 0.9702265147304059 0.8438445741461305 0.038736798221234124 0.08005025940337221
0 0.0794483592273485 0.25651936921746643 0.04081028154530301 0.078119261565067
0 0.5743468593663146 0.2574848681366191 0.03908421345191775 0.07667261132728062
0 0.8717342968315731 0.6489542801556419 0.03943162868260148 0.07734814094249899
0 0.5746809801278489 0.4531707810203199 0.03940503974430243 0.08029043795936008
0 0.32690036131183986 0.7463994271508863 0.03995275152862701 0.07903696498054479
0 0.12874809060589212 0.3556313987246001 0.04074381878821573 0.07976420255079983
0 0.7717919480266815 0.3560771931474276 0.03965810394663701 0.0766026137051448
0 0.9198770997776543 0.35522341353220926 0.03913580044469143 0.07759717293558147
0 0.7738233208727071 0.9439394581712063 0.03955186687048352 0.07690561327280578
0 0.771272367565314 0.16075078047989624 0.04000860394663692 0.0784324948119326
0 0.7219114785992218 0.06293233895373972 0.03925792106725956 0.07734814094249892
0 0.029686631461923227 0.5496514267185473 0.04030016675931073 0.07802367055771725
0 0.6732592352695942 0.3573602227626459 0.03992452946081154 0.07646655447470814
0 0.27768182281823234 0.45315667823173367 0.039139354363535314 0.07823564353653253
0 0.6237666759310729 0.25765375054042366 0.038910505836575834 0.0776859057501081
0 0.32654001612006667 0.2571865164288802 0.039579476375764346 0.07742696714223953
0 0.9691842690383546 0.3535789559014267 0.0383893829905503 0.07565931690445311
0 0.6243746525847693 0.7469060743622999 0.040126459143968826 0.0773481409424989
0 0.12934982587548632 0.15924508971033288 0.04021021317398555 0.07947429096411587
0 0.2282033647859922 0.453909207846952 0.03954319427459707 0.07771411392131435
0 0.426196728877154 0.4532845606355383 0.0384343137854364 0.07781587872892344
0 0.32871200750416896 0.9441433405750107 0.03766998499166207 0.07596231884997845
0 0.6239143576987215 0.35592894314742757 0.03955328460255702 0.07630611370514481
0 0.08054627445803221 0.06180258981841763 0.03987937493051702 0.07576417228707309
0 0.6724362162312394 0.16106053134457413 0.04001556753752077 0.07770093731085172
0 0.12861311839911055 0.8443512213575443 0.04082128960533631 0.07903696498054469
0 0.4751489559477487 0.15991851653696498 0.03871508810450252 0.07676796692607005
0 0.6740412119232907 0.7482698843493298 0.03870916092273485 0.07804917207090363
0 0.2777796766259033 0.2573086488326848 0.03898764674819353 0.07699570233463038
0 0.17777237354085595 0.3562810743623 0.039084213451917725 0.07836143536532643
0 0.7224326014452473 0.3559433095546909 0.03995275152862701 0.07701037613488977
0 0.8217865522512507 0.45393769303934284 0.03889689549749866 0.07844661392131434
0 0.7723735408560312 0.5504958387375701 0.03908421345191775 0.07903696498054469
0 0.9191788307392997 0.16051714894076954 0.03947633852140088 0.07728970211846091
0 0.6243727115063925 0.6498029872460008 0.04012257698721514 0.07837002550799828
0 0.7221080938021123 0.2582670460440985 0.03965115147304051 0.07756143752702115
0 0.6235609043913285 0.06207736943363596 0.03919379321845468 0.07698926113272808
0 0.27770013854919395 0.35570266353220925 0.03917598582545863 0.07855567293558148
0 0.47610912117843246 0.5520294429312581 0.03820351195108397 0.07805099567661046
0 0.17985686492495825 0.9429785451794207 0.03873679822123403 0.07633484651967137
0 0.12917032156753747 0.06140660462602678 0.03950378932740417 0.07767432036316473
0 0.22786926097832125 0.3562774431474276 0.03852757142857153 0.07700311370514483
0 0.3761805355753196 0.25595395719844355 0.03880492884936077 0.08036608560311283
0 0.1785098410227904 0.06177820741461304 0.03986431795441919 0.07571540747946391
0 0.8702577821011673 0.355098897535668 0.03995275152862701 0.07802367055771725
0 0.6737944691495276 0.6484476329442282 0.04030016675931074 0.07768590575010807
0 0.42693537076153415 0.9440937081712061 0.03991159755419688 0.07721411327280552
0 0.5744877725125069 0.551000928123649 0.03971345497498605 0.08004714375270211
0 0.7716833866036688 0.25751925162127104 0.04048322679266272 0.0794434967574579
0 0.5243633335186215 0.06160886943363596 0.03882533296275708 0.07605226113272806
0 0.6739681767648694 0.8457022805879809 0.038910505836575834 0.07633484651967137
0 0.6236766924680377 0.45345029582792906 0.040467615063924406 0.07949840834414182
0 0.37525845511395217 0.061327354626026793 0.039740089772095644 0.0768402907479464
0 0.22801899624791547 0.2573822664288802 0.039869287659811035 0.07849399675745783
0 0.22736589772095603 0.5511713683527886 0.03891050583657589 0.07701037613488972
0 0.22802363382434684 0.061765251837440534 0.03918373235130633 0.07568949632511891
0 0.22806072818232345 0.1590264267185473 0.038215675375208466 0.07633484651967141
0 0.8220539188438021 0.5513402507565931 0.03873679822123403 0.07802367055771725
0 0.921414674819344 0.7472438391699092 0.03943162868260148 0.07937472978815396
0 0.6730327352695943 0.257085751621271 0.03947152946081159 0.07857649675745781
0 0.8708657587548638 0.5515091331603977 0.0397790439132851 0.07768590575010807
0 0.08041800111172871 0.9406802517293558 0.038927997776542586 0.07714249654128855
0 0.7232689856864924 0.5512580753350627 0.039541028627014994 0.0785348493298746
0 0.6731647352695942 0.4535623106355383 0.03973552946081154 0.07837137872892347
0 0.07919330183435234 0.744879485516645 0.039952751528627026 0.07937472978815387
0 0.17859594483046135 0.25691711921746646 0.039689110339077335 0.07891476156506698
0 0.3762333240689271 0.7470749567661045 0.03995275152862701 0.08106355382619974
0 0.8217933574207893 0.6496298097708603 0.03925792106725956 0.0773481409424989
0 0.3262358699277376 0.0620160166450497 0.03966601445247362 0.07686655555555556
0 0.474873394524736 0.062442899048854285 0.03920621095052818 0.07501820190229141
0 0.573960918704836 0.1605167813445741 0.03900716259032789 0.0766134373108517
0 0.672525739577543 0.06321128145265888 0.039847198999443986 0.07723049632511891
0 0.4260346207615342 0.1595411193255512 0.038110097554196844 0.07803976134889758
0 0.029498608810450216 0.353999383052313 0.03957670622568099 0.08055334889753564
0 0.42608740967204 0.5525224275832252 0.039257921067259616 0.07701037613488972
0 0.4761709326014452 0.4542268402507566 0.0383271347971095 0.0769983194984868
0 0.07954071706503607 0.15851977950713358 0.0396053362979433 0.07937472978815394
0 0.72173777098388 0.16020860354517938 0.039605336297943286 0.07937472978815391
0 0.7227027166481379 0.4534683106355383 0.0401455667037243 0.07818337872892345
0 0.17831707198443578 0.16018723692174663 0.03947877987770992 0.07798093731085173
0 0.03029460811561973 0.8430001621271075 0.040821289605336306 0.08038802421098139
0 0.27748221901056136 0.1593337221141375 0.03908756197887721 0.07965155577172504
0 0.8230724674819344 0.9429006637483788 0.04007906503613116 0.07820567250324255
0 0.03029460811561973 0.15716872027669693 0.04012645914396888 0.08005025940337224
0 0.030120900500277874 0.06225680933852139 0.040473874374652594 0.07802367055771725
0 0.8702193493607561 0.2573168692174665 0.04022330127848812 0.07971426156506707
0 0.6734470539188437 0.5506647211413747 0.03925792106725956 0.07869920017293561
0 0.6236044000833796 0.16182757576740162 0.03962819983324063 0.07518184846519675
0 0.42598937076153415 0.2573041340250756 0.038714428015564246 0.07833773194984871
0 0.27689009616453586 0.06166648702983137 0.039987807670928376 0.07684302594033725
1 0.5239992437465258 0.8260701533722438 0.004982335186214673 0.01426965866839601
1 0.36801402445803216 0.17091205479896238 0.003584235686492424 0.006627576523994803
1 0.1740807103946637 0.9458116173800258 0.003735466370205615 0.007168918287938
1 0.32692537965536406 0.9487210243190662 0.007593098387993332 0.006754341331603994
1 0.8601192577821012 0.25036655209684394 0.004295948026681527 0.015925456117596177
1 0.421676601028349 0.9401307586467789 0.007084541133963335 0.00974875075659318
1 0.42006463910505837 0.262197906614786 0.005444651750972694 0.01050204669260705
1 0.12812233129516395 0.8433639791396454 0.004629434130072215 0.006703191742326018
1 0.4224205162590328 0.5612874663856462 0.005944125903279535 0.008815577388672717
1 0.4208809781823235 0.15422578739731946 0.003811973596442389 0.012303397103328987
1 0.02956453376876039 0.8386151254863813 0.008929576153418503 0.007419014051015971
1 0.6168046770428015 0.353822626026805 0.004196371317398676 0.008970074362300117
1 0.3737065729571984 0.06471070038910505 0.007832824068927177 0.010291634241245103
1 0.6212735412729293 0.44652097870730645 0.00324919316286838 0.012721661262429733
1 0.8621631840323455 0.6430828278544344 0.004164903755757824 0.00910311680429279
1 0.8631521263201778 0.5486772146562905 0.004831100333518736 0.011743603545179422
1 0.4152266563368538 0.44763087591872025 0.005045575597554119 0.01658163337656715
1 0.7687895468315731 0.9327682281668829 0.004214958588104472 0.012314278642455415
1 0.6222314331573096 0.947887274319066 0.008629129238465793 0.007746311716385771
1 0.5680933852140078 0.24633862948551666 0.0036478599221790578 0.015199416342412458
1 0.719811484991662 0.060707934716817985 0.006631893829905522 0.0068131621271076345
1 0.5168964642857142 0.9398668762429744 0.005291284880489197 0.010276515564202171
1 0.12693133560311282 0.16245446508862948 0.006664010283490767 0.012734282101167288
1 0.8180298015564202 0.5480357730220492 0.006832281267370734 0.007622249891915227
1 0.9661358918843802 0.24756021325118893 0.007660122846025632 0.010729659965412875
1 0.9673495337687603 0.35205971400778213 0.008359576153418808 0.009118250324254173
1 0.8710406090883824 0.845025450389105 0.005382650639244194 0.014188723086900149
1 0.27961979016120064 0.5566707155209684 0.007012504168982657 0.011293782965845168
1 0.016964556045089223 0.44821915092526526 0.0034635799635305783 0.009603043809459125
1 0.07502994330183432 0.9441387891266753 0.0058948104502500745 0.017269870946822467
1 0.8633574567815453 0.35100831679636835 0.008242006948304743 0.008518926286208404
1 0.7664178668704837 0.16278334749243406 0.006873827126181047 0.01275204690877644
1 0.3735198653418565 0.24436121238651104 0.004037256531406287 0.008345776696930398
1 0.6648828469983324 0.7424392728058797 0.008095617843246368 0.006569249459576277
1 0.9101134043913285 0.3566884509295287 0.005405486937187475 0.018100076091655894
1 0.27252343023902165 0.06674124481193254 0.00557153863257359 0.012985841547773441
1 0.9192535904669262 0.9442149659533072 0.008664859088382368 0.021170694984868156
1 0.7693178392162313 0.3410916539126676 0.007674771817676478 0.01484165974924339
1 0.914209891467482 0.062214096735840885 0.007982384936075703 0.008529545395590131
1 0.8181485325180655 0.6522435682014698 0.005205158421345146 0.012674017942066622
1 0.9636950000000001 0.5418303749459575 0.008372923846581313 0.0071979833549503285
1 0.8647748910505837 0.9365106114353653 0.0067967993329628275 0.012935867488110571
1 0.6678610503057255 0.4560862739948119 0.00596077876598114 0.01183037029831387
1 0.5702753565869928 0.5508471414829226 0.00449514563646462 0.015510105274535174
1 0.476395673290717 0.8467552151967143 0.007429609505280764 0.012755782317336834
1 0.27713312951639796 0.931494541720709 0.008164257921067274 0.012159533073929966
1 0.27105776500833795 0.3519447140077821 0.007808038632573653 0.007321661478599238
1 0.47536855044469145 0.9408963910505836 0.00844160950528072 0.010919604409857323
1 0.8189189244024458 0.2603559945957631 0.00748594219010548 0.012834811500216148
1 0.1715621794052251 0.8466577151967141 0.0059932065036130515 0.011599723086900245
1 0.2266420673985547 0.6381682868568959 0.006311473874374661 0.013803396022481509
1 0.3231648225403001 0.25349580209684386 0.00955556892718172 0.008315896887159575
1 0.6165274227348527 0.6481413765672287 0.004403464702612528 0.014798634673584072
1 0.572678409394108 0.46383145255079977 0.00385802279043911 0.015254842412451354
1 0.47083714382990555 0.646084317336792 0.005692304891606475 0.01350851621271075
1 0.5190046252084491 0.453629611975789 0.01010775903279598 0.012690516645049695
1 0.4223054738743746 0.3476813167963684 0.004784549749861 0.015848455901426767
1 0.17184507559755416 0.7313379330955467 0.006122244580322343 0.013234747730220597
1 0.616068054196776 0.06383783279290962 0.005669617009449622 0.01676607674016429
1 0.7208487730683713 0.6382605368568958 0.008378885214007831 0.014969955252918332
1 0.36971035491939963 0.8396057143320362 0.005402803224013297 0.015570780587980929
1 0.8167862210950528 0.1598714502810203 0.004803044191217306 0.01722478210116729
1 0.5662141152028904 0.06256753837008214 0.006016739021678826 0.013902428664072614
1 0.7176031103390773 0.5495180361003026 0.007711779321845467 0.010203927799394878
1 0.9607918200389105 0.0579332143320363 0.005841318232351154 0.01438919174232597
1 0.9113542520844914 0.5483604768698659 0.008193495831017219 0.01329304626026801
1 0.5692855642023346 0.847463112408128 0.006822145636464682 0.012691047124945854
1 0.12271232518065586 0.4568575832252485 0.0036373285158420895 0.01704304798962397
1 0.8620795415508615 0.1585072438391699 0.00975559171762086 0.009144721141374804
1 0.9141931224291273 0.8317836542369217 0.009405583935519754 0.012975601167315096
1 0.1737008593663146 0.3558019204496325 0.007621905503057188 0.007713603977518425
1 0.8158967444413562 0.7334146691526156 0.005539751806559272 0.01245892369217463
1 0.9615912966926069 0.9400867150886295 0.007369102001111928 0.019969782101167313
1 0.03100890661478596 0.6480034654128837 0.00812532184546965 0.023180812364893947
1 0.868528778627015 0.7391108904020752 0.008669235408560334 0.015252603112840329
1 0.9678814619232907 0.8379336900129701 0.007643135075041738 0.018914829226113206
1 0.6174976095052807 0.2564520503674881 0.008306780989438474 0.015835899265023774
1 0.8675041557809895 0.44058178620838734 0.008633989716509255 0.007036276264591516
1 0.4750393428293496 0.731013447903156 0.008405194274597046 0.014559247730220548
1 0.9154164952751529 0.16523089191526155 0.00869591439688721 0.007856958063121465
1 0.3714007468037799 0.5469292146562904 0.004801341300722584 0.019292781236489413
1 0.7656848668704835 0.06825290683095546 0.00972948804891607 0.01266463597060093
1 0.5152567185936632 0.7513943921314309 0.007875945803223974 0.013653606571552086
1 0.328576082962757 0.6402040812797233 0.008113259310728184 0.013109455252918165
1 0.5678430875486381 0.643519978491137 0.009359683713173946 0.008504249675745848
1 0.9144925610061144 0.4437528166882836 0.006374800166759492 0.020284574146130482
1 0.22380765647581988 0.1540297290315607 0.0050319911061699986 0.020126339602248137
1 0.6246803674263479 0.8533163484651967 0.008595073929961216 0.007739871162991858
1 0.3766932529182879 0.6520436709900562 0.010197429683157263 0.008345105058365733
1 0.9106764234296832 0.25545567055771723 0.0063639402445802365 0.011151456117596195
1 0.7148916164535853 0.16352484749243404 0.010218156753752082 0.009917987678339783
1 0.07523969330183433 0.34386036035451795 0.004433064758198922 0.016059543017725917
1 0.9653221842690385 0.7419838616515347 0.006855631461923142 0.019639604842196214
1 0.6666044041133964 0.6533670830090791 0.010558562534741509 0.009751458711629881
1 0.5202802904391328 0.5476460378296583 0.007903843802112322 0.013130427583225331
1 0.3255676953863257 0.1487403605706874 0.005444653696497984 0.017194484219628176
1 0.7705288564480268 0.7392023878080415 0.008991287103946631 0.015329224383917052
1 0.9185766985825459 0.6426465525291828 0.004807414396886957 0.017681927367055848
1 0.22431219274596995 0.5479766824470385 0.008136614508060091 0.01657863510592309
1 0.5246730318232352 0.15669946422395156 0.008845987493051613 0.013435809987029805
1 0.5729683903557533 0.9375527734543883 0.007794458866036536 0.02030895806312137
1 0.22765027070594773 0.45481167120622557 0.007074389105058312 0.01708169433635969
1 0.3226568035019455 0.8308857718331171 0.008487115619788758 0.013420306744487772
1 0.32892131392440244 0.06475062721573713 0.005685721234018867 0.018318135970600932
1 0.028021288076709255 0.5443471110030264 0.005762593385213949 0.013648514699524364
1 0.27091684977765423 0.45527808322524854 0.005310547248471309 0.021553107220060517
1 0.3246577991939966 0.7420383904020752 0.009696352695942118 0.00872207349762218
1 0.27290134546970535 0.2584877742109814 0.0062053690939410135 0.018597841115434485
1 0.7224529555308505 0.359405698335495 0.008726088938299017 0.01435560332900993
1 0.3744060072262368 0.9436030243190663 0.00990810783768755 0.013612693255512237
1 0.5694824603946637 0.16364200951145694 0.007818014174541536 0.012385782101167302
1 0.6271190707337408 0.7486981856895806 0.008234065314063444 0.01026413445741456
1 0.4240109695664258 0.6344288304150453 0.008321862979432888 0.01452701275399912
1 0.025336065730961612 0.928436242974492 0.005574394385769809 0.022329308257673947
1 0.12185870052807111 0.649660800799827 0.012373598943857747 0.015261398400345842
1 0.7657340978321291 0.6409161257025506 0.006156873818788203 0.01708960332900992
1 0.7206547522234574 0.740321697038478 0.009993495553085045 0.012163605923043637
1 0.962836457615342 0.15068431614785993 0.011132254307948942 0.009253395373973145
1 0.1729388428293496 0.25340550594466066 0.010309314341300788 0.013795988110678762
1 0.07794166564758195 0.16462721595330737 0.0052825942190105075 0.02122384306095975
1 0.2235056140911617 0.24328469844357975 0.005288660644802613 0.02063174881106786
1 0.6671927812673708 0.2627279806528318 0.0052128254585881 0.019574842844790333
1 0.42326986575875486 0.05599094952442714 0.008414409672039979 0.02030031020319929
1 0.9646678710394663 0.6538518698659749 0.00781684269038355 0.01823929961089495
1 0.22756995497498608 0.8460968327929096 0.012098833796553648 0.012045958279291015
1 0.86661686770428 0.058379141158668386 0.005892167871039585 0.02092816385646345
1 0.3700513739577543 0.3538986120838738 0.005415595608671404 0.018951046476437552
1 0.22831278974430236 0.35590136208387374 0.008876088104502447 0.012918957630782558
1 0.965846182462479 0.44156797524859487 0.009478635075041706 0.016553049502810186
1 0.1208465137576431 0.5494604655209684 0.00563187520844909 0.026389812581063467
1 0.4187586286826014 0.7419683616515347 0.0045825202890494915 0.01899507522697795
1 0.12413946275708723 0.3504591843925638 0.010163264591439613 0.009617191093817546
1 0.2735133835464146 0.8426956559662775 0.00810803001667593 0.013444075010808514
1 0.0748777547248471 0.04901206625594465 0.006894018065591949 0.022774073281452648
1 0.3211381996942746 0.3509024936230004 0.012219153696497996 0.014134809554690856
1 0.6669606774596998 0.9384239650886295 0.005329617843246227 0.024646341331603986
1 0.17851939313507503 0.05859978750540423 0.008407294886047722 0.009678397319498476
1 0.32639650500277934 0.45065534457414613 0.010456989994441404 0.012435310851707754
1 0.17805400125069482 0.5516446710981409 0.005169095886603614 0.016617164504971922
1 0.5206859366314619 0.06513815683095546 0.008134797109505293 0.02159625443147425
1 0.4654076991384102 0.35814618612191956 0.004391661200667077 0.017886724167747538
1 0.1299538503335186 0.7371716107868568 0.0058302092829348945 0.017780103112840468
1 0.5744266999722067 0.3546969178555988 0.00971360005558647 0.019124164288802405
1 0.6706456878821567 0.15869767066580198 0.00872946914952765 0.015519163640293968
1 0.8159907020566982 0.44314581668828357 0.0050044213451919005 0.019471985300475617
1 0.028880014730405756 0.7427573320363164 0.008214122846025506 0.014039486381322932
1 0.6669005736520289 0.3481387436230004 0.004407579766536936 0.018311250324254253
1 0.08295007226236795 0.4443303463035019 0.0049934074485824854 0.021156103761348848
1 0.1268796236798221 0.9336070373973193 0.008851925514174472 0.01671642671854734
1 0.7668265744858254 0.44936872957198437 0.005708996664813932 0.020536751837440585
1 0.7187483197609783 0.26049767142239516 0.006326317676486833 0.01863122438391699
1 0.6216024565036132 0.5512742886943364 0.007802591161756567 0.017357929312581077
1 0.07591666995553083 0.6479366709900561 0.007248094219010502 0.02061228274967567
1 0.7689068417176209 0.8495121986597493 0.011653316564758244 0.013699602680501558
1 0.12670810464146745 0.07191261327280586 0.00850013312951636 0.011424989623865104
1 0.22522642120622566 0.7468569060743624 0.008100520566981574 0.012595634457414443
1 0.07655918718732625 0.24406359219628188 0.009670625625347462 0.02145781560743624
1 0.0733426110339077 0.8367517552961522 0.010185777932184616 0.017226489407695667
1 0.8136712063646471 0.8482460540423692 0.007558921345191598 0.017880460008646674
1 0.3249254644246804 0.5430401110030263 0.010203267926625818 0.016262514699524406
1 0.5214185404391327 0.25157625853869436 0.004932513340744902 0.022963457846952046
1 0.4773648194830461 0.2514145965196714 0.004449071428571573 0.019909133808906253
1 0.5232329323235131 0.6470836857976653 0.005125297109505311 0.02231825313445748
1 0.02913130530850469 0.24656866623432774 0.008964389382990613 0.019712667531344596
1 0.023200042384658115 0.3513968464115867 0.014015423846581374 0.011795044747081767
1 0.2267896036687048 0.06671372741028965 0.0075327926625903575 0.019384545179420676
1 0.7205296502223457 0.9409292298962386 0.00484814813785448 0.018284752485948828
1 0.8128063759032796 0.0658245540423692 0.0054670147304058505 0.02225004885430178
1 0.719885588799333 0.8332592282749675 0.006136270983880061 0.01880633808906188
1 0.17570256698165646 0.4423725222654561 0.007440057809894311 0.01696539645482057
1 0.5211208518621456 0.3541475241028967 0.008654627570872719 0.02115534089926502
1 0.37286672165091717 0.45922493341980103 0.010637556698165693 0.021468133160397862
1 0.5685276542523624 0.7501148400345871 0.007295719844358014 0.019590358841331656
1 0.2247550483602001 0.9378698178772156 0.005916529182879339 0.023052517293558356
1 0.27302315689271817 0.6482251126242975 0.006309161478599177 0.02611516601815812
1 0.6701233998054474 0.0659576864461738 0.00629989299610898 0.02265931366191091
1 0.12660673179544188 0.2517317881539127 0.004881311284046649 0.024003457846952
1 0.07822184811006111 0.5463270343709468 0.007437303779877765 0.02678993125810633
1 0.17395080600333515 0.156324308257674 0.0036478599221789563 0.00810635538261997
1 0.2734852695942189 0.15666207306528315 0.006079766536964978 0.009457414613056651
1 0.47272790439132845 0.051110570687418914 0.005732351306281304 0.006417531344574148
1 0.42235269594219 0.8473911046260267 0.004690105614230181 0.010132944228275004
1 0.8191008893829906 0.3507079550367488 0.005037520844913854 0.008444120190229071
1 0.673186492495831 0.5464426610462603 0.0029530294608116083 0.012159533073929966
1 0.7649041133963314 0.5410384241245136 0.00469010561423013 0.012159533073929966
1 0.6645011117287382 0.8359071011673151 0.006427181767648753 0.009457414613056651
1 0.028532907770195914 0.4585045368943673 0.00894232885758309 0.014445300462249615
