0 0.9681821049974759 0.15888790734197092 0.038017415446744196 0.07300255202198665
0 0.6718513377082281 0.45089811542991753 0.038175164058556275 0.07913722025912841
0 0.1783908072942958 0.15869753190027483 0.039075910398788494 0.07568913525716528
0 0.5724697122665321 0.6499680997251668 0.03912165572942956 0.07606988614055755
0 0.1772044399293286 0.7439434734000784 0.04017364512872287 0.07752671908127211
0 0.6225993527258961 0.4521304860620337 0.039052819535588104 0.0791480942285041
0 0.7703653457849571 0.550126374165685 0.0380174154467441 0.07637661955241458
0 0.5727852094901564 0.9398311739301137 0.03880615850580509 0.07422948566941498
0 0.5230943967693085 0.45273851590106 0.03975265017667847 0.07852375343541418
0 0.869642517163049 0.6494140439733019 0.03875499899040885 0.07618870828425597
0 0.7213055275113579 0.8444370828425598 0.039594901564866294 0.07913722025912841
0 0.17854905868248355 0.2555048440321947 0.0400234076224129 0.07912904416961132
0 0.8206871529530538 0.45120484884177453 0.03738642099949518 0.07975068708284253
0 0.47415637809187283 0.7461674236356498 0.03904975769813228 0.07768035178641547
0 0.522760419863705 0.6488421772673733 0.04003118803634515 0.07811230899096985
0 0.7708344502776376 0.8437100527090694 0.0392711216557295 0.07768315999214762
0 0.6726320104745077 0.6489869278563015 0.03879001792024224 0.07717487652139789
0 0.27564987695608273 0.938195181782489 0.04019425164058552 0.07586523596387905
0 0.523526533064109 0.9399505988417746 0.0380929449772842 0.07569526914016518
0 0.6224760222110045 0.9399845406360424 0.03912165572942956 0.07514968590498622
0 0.622081650681474 0.7467424911660777 0.03896390711761737 0.07699008637612871
0 0.623262102725896 0.06433495259128386 0.03974732508833928 0.07959255928543382
0 0.37512169661786976 0.45200023547310564 0.03848165673902066 0.08134146034550463
0 0.5735548303886925 0.06367751953278367 0.03939890863200393 0.0795046268158618
0 0.5233786670873296 0.551373431488025 0.03969019636547202 0.07825726737338051
0 0.86982651022211 0.2567281775618374 0.04006947677940431 0.07912184393404002
0 0.9196744068652196 0.8432101491951315 0.0388061585058052 0.07668335296427169
0 0.8206161066380616 0.6482704444444444 0.03882181448763272 0.07819577699254034
0 0.7709174659262998 0.15965474087161366 0.039437152953054014 0.07514968590498625
0 0.7705230943967692 0.4505913820180604 0.038648409893992916 0.07975068708284258
0 0.07997854618879353 0.2544353651354535 0.03912165572942958 0.08067088731841382
0 0.771154088844018 0.940751374165685 0.0380174154467441 0.07422948566941498
0 0.5727852094901564 0.7467424911660777 0.039121655729429654 0.07821702002355715
0 0.47408300378596663 0.4510752022968198 0.039218506309944445 0.07887792716921874
0 0.8704811331398283 0.45157053582646256 0.039170242049470054 0.0798685942285042
0 0.47396362809187287 0.5505803319591677 0.03866425769813233 0.07912493561052218
0 0.6223182735991922 0.6496613663133097 0.039437152953054014 0.07791028661170005
0 0.8206082786471478 0.5499730074597565 0.0388061585058052 0.07729681978798592
0 0.6217661534578496 0.8435168826069885 0.03959490156486619 0.07729681978798582
0 0.07937574457344775 0.3509929565174715 0.040755527511357886 0.0768632196702002
0 0.37520507319535584 0.6492012661955241 0.03927940434124178 0.07637661955241458
0 0.524187158758203 0.06412315282685511 0.039414196365472116 0.07916895975657634
0 0.32630300353356884 0.06211351590106007 0.0399103987884907 0.07944395367098546
0 0.9691100743311458 0.6474166606792303 0.03861136521958599 0.07648820946211228
0 0.5728640837960626 0.5511999411071848 0.03896390711761737 0.07975068708284262
0 0.4246592629984856 0.84336351590106 0.039121655729429605 0.07699008637612881
0 0.5237461670873296 0.35422540616411463 0.040109699141847595 0.07719345072634468
0 0.5232521453811206 0.7472025912838633 0.03975265017667847 0.07729681978798592
0 0.42434376577486116 0.9392177071063995 0.03912165572942956 0.07484295249312921
0 0.2271777178192832 0.5493382312524537 0.03916108934881376 0.07970806831566543
0 0.028951463907117614 0.7419303721044365 0.04086607773851589 0.07963518472712995
0 0.7217927897526502 0.4515090524146055 0.03899193992932877 0.08035909422850422
0 0.8695103483089348 0.3535102571652925 0.0388061585058052 0.07699008637612875
0 0.4733421308682482 0.9391272653121319 0.038052257698132155 0.07466206890459363
0 0.22668475517415446 0.4505913820180604 0.03880615850580512 0.07913722025912835
0 0.8204505300353356 0.25734933254809583 0.038175164058556275 0.07852375343541422
0 0.8206871529530538 0.9412114742834706 0.0380174154467441 0.07392275225755797
0 0.02943071668349318 0.1566826817824892 0.040562594396769305 0.07411330231645076
0 0.37486581398283697 0.8426839857675696 0.03860088591620391 0.07869836022771892
0 0.8694314740030287 0.7459756576364349 0.03927940434124184 0.07606988614055746
0 0.5218324078748107 0.25719596584216725 0.041645633518425026 0.07760355319984295
0 0.4250877175668854 0.5509109148998822 0.04029406208985366 0.08039956831566543
0 0.6221605249873801 0.5507398409893993 0.03975265017667847 0.07883048684727129
0 0.7707597173144876 0.7464357577542206 0.0388061585058052 0.07637661955241458
0 0.7706808430085814 0.64751423243031 0.03833291267036845 0.07729681978798582
0 0.1283785238515901 0.7433514064585787 0.03969495784957092 0.07879645249312922
0 0.9200571651943464 0.64828929456223 0.03894068071680995 0.07884694405182557
0 0.4744677482332154 0.2570151437966235 0.03777951463907111 0.07846884275618381
0 0.919851047829379 0.9393757321358459 0.03915944043412419 0.07331860208087941
0 0.2753275054265522 0.8424704016489988 0.040180503028773275 0.07827119199057729
0 0.9198321762998485 0.7454099899882214 0.03912169737506283 0.07739241813898702
0 0.7216972911408379 0.6486887276207302 0.0391164399293286 0.07719194287396933
0 0.7214953022463402 0.3546842734589713 0.03902795936395762 0.07627078484491563
0 0.72146327612317 0.06318708284255987 0.03896390711761737 0.0791372202591284
0 0.6720090863200403 0.8438236160188456 0.03849066128218073 0.07668335296427169
0 0.6720090863200403 0.7465891244601491 0.03880615850580509 0.07791028661170005
0 0.2761907540383644 0.6485185279740872 0.04001401691065115 0.07685154358068323
0 0.7705514516658253 0.06287126953278367 0.038705124432105005 0.0803459941107185
0 0.42501197034326094 0.45238976864939145 0.03982707041898032 0.07905319257950541
0 0.8203716557294295 0.7453621908127207 0.038648409893992916 0.07729681978798582
0 0.7214632761231701 0.7470492245779348 0.03927940434124184 0.07760355319984293
0 0.3752228153710247 0.7457221736356497 0.04026138036345281 0.07801678543384374
0 0.8202139071176173 0.3533568904593639 0.038648409893992916 0.07545641931684334
0 0.918570166582534 0.06410728307813113 0.03943715295305391 0.07668335296427169
0 0.12888061585058053 0.548132606988614 0.03912165572942958 0.07852375343541428
0 0.5230943967693084 0.8441303494307028 0.039437152953054014 0.07606988614055746
0 0.7213844018172639 0.550126374165685 0.038175164058556275 0.07637661955241458
0 0.1290167738515901 0.15940663201806046 0.0397094689550732 0.07465346819787982
0 0.42522797034326093 0.3545961235767569 0.03962807597173139 0.076707951904201
0 0.3755994447248864 0.16103504122497053 0.038175164058556275 0.07545641931684335
0 0.8701413427561837 0.5505864742834706 0.03849066128218073 0.07729681978798582
0 0.6727405076981323 0.06399400294464075 0.039007012367491205 0.08013759363957597
0 0.424739970343261 0.7461543235178641 0.03991406486622918 0.07704068472713012
0 0.32617402915194343 0.5500057484295249 0.0405989416961131 0.07920270219866518
0 0.8691948510853104 0.9396778072241854 0.038175164058556275 0.07392275225755797
0 0.127776375567895 0.3522833235178641 0.04006814740030288 0.07699008637612881
0 0.9190434124179706 0.3528967903415783 0.0388061585058052 0.07514968590498627
0 0.2265112164310954 0.9376127149587751 0.03877457824331148 0.075313769140165
0 0.1277532176930843 0.44875454642716917 0.03948346870267543 0.07851662367491165
0 0.9690963284957093 0.7447730729289359 0.03921486799596181 0.07857245131527286
0 0.7710962002776376 0.25743472791519434 0.03884812998485612 0.07992147781703964
0 0.32575088339222613 0.15965474087161366 0.04038364462392729 0.07760355319984295
0 0.4737108808682483 0.8444648530624264 0.03847426047450787 0.07673889340400475
0 0.869589222614841 0.8429034157832743 0.038648409893992916 0.07668335296427169
0 0.5729489435890964 0.45291596947389084 0.039764621150933877 0.07949212740478999
0 0.12929864676930844 0.06107568600314095 0.039011225896012136 0.07859522752257556
0 0.671772463402322 0.9398311739301137 0.038648409893992916 0.07484295249312901
0 0.573608577612317 0.2579866941499804 0.03919090585562839 0.07918500981546918
0 0.2760568783442705 0.7447612565763643 0.04006176274608784 0.07732188496270116
0 0.1286980224634023 0.2555310774440518 0.03970296062594649 0.0797949778170396
0 0.47445262670368504 0.35461492334118566 0.0393267576981323 0.07858595190420105
0 0.672859384780414 0.16083044895956025 0.039244766532054595 0.07443376796230858
0 0.17804856007067138 0.35276402345897134 0.04028439929328625 0.07672455261091482
0 0.4247611126956083 0.256800760502552 0.039956349570923776 0.0792670098154692
0 0.2280403324078748 0.15923898213584609 0.038677837960625946 0.07493163525716527
0 0.37550843690055524 0.551009214664311 0.03957063452801611 0.0793692341970948
0 0.3258297576981322 0.256275765606596 0.04022589601211506 0.08005742049469962
0 0.9687342251388186 0.35397035728307813 0.038175164058556275 0.07606988614055751
0 0.8197076066380615 0.15974944837063212 0.03889779782937909 0.07472563407930899
0 0.47491012531549726 0.06346790282685512 0.03961076047450791 0.08031232705143306
0 0.07992974318525996 0.1571813648409894 0.04028603861686019 0.07756453572830782
0 0.5733796922009087 0.35447480663525716 0.03967962670368509 0.07523838437377305
0 0.8696001414689551 0.15978696554770316 0.038354750378596744 0.07480066843345111
0 0.3747374424533064 0.9391678820180603 0.039290634528016254 0.07290290184530827
0 0.12802202940434124 0.9350167647232036 0.039928460625946495 0.07502960325873569
0 0.6227126451287229 0.35489055751864934 0.03896390711761737 0.07606988614055751
0 0.9677088591620393 0.06380054966627405 0.038648409893992916 0.07606988614055751
0 0.32504101463907115 0.7453621908127208 0.039910398788490654 0.07913722025912841
0 0.4737947607269055 0.6487107442088731 0.038642020191822266 0.07662250922654104
0 0.968548579883897 0.45073646888496266 0.03748837632508842 0.0769735266980762
0 0.8693186428571429 0.06298901953278366 0.03936923927309439 0.07812762681586179
0 0.17767311988894496 0.44951326325088337 0.039656284199899056 0.08006652414605418
0 0.32445283897021704 0.9382753422654101 0.040455755678949955 0.07550074852767964
0 0.8209482267794042 0.842403369061641 0.03948605477031799 0.07629672634471932
0 0.17840267882382635 0.06098281929721241 0.03973064790509844 0.07902296093443266
0 0.5727541935890964 0.8436438027090695 0.039059623927309516 0.07755065999214761
0 0.22760396087834428 0.06182555270906949 0.03969807824331146 0.08009496093443265
0 0.9195166582534073 0.4510514821358461 0.039121655729429654 0.07883048684727129
0 0.07903205451792022 0.8398360816647035 0.040068147400302866 0.07791028661170005
0 0.9693033215547702 0.9387909151943462 0.038366865219586134 0.07460283549273643
0 0.08009836332660274 0.06070736906164114 0.039361290005047976 0.07969899411071849
0 0.27616149987380106 0.15925111542991752 0.04027100580514887 0.07679630231645072
0 0.3257286603987885 0.6485919776207302 0.040339198637052015 0.07822537652139773
0 0.7710632002776376 0.3541896733411857 0.039097627208480645 0.07834891872791516
0 0.7213844018172639 0.1605749411071849 0.03912165572942956 0.07453621908127209
0 0.17749768576476527 0.5481713645465253 0.03981364512872287 0.0792147353749509
0 0.029131588213023727 0.5464854812524539 0.04027983467945482 0.08013723655280725
0 0.4261709647905098 0.06391125294464076 0.0396210815244826 0.07997209363957597
0 0.3760726905603231 0.06303371613663132 0.03880615850580514 0.07699008637612877
0 0.6725953833922261 0.3547085738123282 0.03934775820292781 0.07693285237534352
0 0.9193589096415951 0.25566229878288177 0.03880615850580509 0.07821702002355714
0 0.2763755678950025 0.061806782489202974 0.03849066128218073 0.07883048684727129
0 0.0787165572942958 0.9350768060463289 0.039437152953054014 0.07514968590498622
0 0.3762189313478041 0.3544184233411857 0.03815214840989403 0.07696601825677273
0 0.17782506145885918 0.936323714958775 0.039206407622412925 0.07457616961130734
0 0.029100723624432105 0.8382037020023557 0.04053360272589602 0.07832632822928944
0 0.42497476022211006 0.6495079996073811 0.03912165572942956 0.07637661955241458
0 0.3260177888692579 0.45144278582646247 0.040286461130742066 0.07899962740478988
0 0.029262367491166074 0.34982945622300743 0.04022589601211509 0.07514968590498627
0 0.9691209514134276 0.5498607816058108 0.03894861660777411 0.07952623537495107
0 0.1286358981574962 0.6470285943266588 0.039894209237758715 0.07755247722811158
0 0.9197532811711258 0.5495129073419709 0.03864840989399301 0.07760355319984293
0 0.5243563856638062 0.16149514134275617 0.03912165572942956 0.07453621908127209
0 0.07934755174154466 0.4481375147232038 0.039752650176678436 0.07975068708284253
0 0.7209900302877335 0.940751374165685 0.038648409893992916 0.07116215155084404
0 0.22660588086824834 0.6472074990184531 0.03927940434124178 0.07729681978798582
0 0.7213844018172639 0.256275765606596 0.03975265017667847 0.08067088731841382
0 0.22768808518425035 0.3535290234589713 0.038604337960625935 0.07702761896348652
0 0.819188541140838 0.0636471829603455 0.038175164058556275 0.07883048684727129
0 0.028836277889954565 0.4466717964271692 0.04013158354366481 0.08022825638005503
0 0.02905733960121151 0.2540391100314095 0.040762331903079256 0.08049184393404007
0 0.02894687026754164 0.9338498723989007 0.039594901564866225 0.07637661955241448
0 0.622870393740535 0.2578094326658814 0.039594901564866294 0.07821702002355711
0 0.9692098243311459 0.843502169414998 0.038810865219586176 0.07665392658029052
0 0.22659784351337708 0.7444594402237926 0.039263329631499234 0.07794518590498632
0 0.12785524987380112 0.8407562819002747 0.03991039878849066 0.07668335296427169
0 0.17784505590610802 0.6467601944444443 0.03956189374053507 0.07701567746368286
0 0.27617824987380113 0.3528960400471143 0.03967351135790008 0.07698858578720068
0 0.07926867743563856 0.5481326069886141 0.040225896012115084 0.07913722025912841
0 0.32543538616860174 0.8415231154299175 0.03975265017667842 0.07330928543384374
0 0.2763484970974255 0.4505889357086768 0.039698508581524496 0.07790539399293274
0 0.2267749678192832 0.8416927357675696 0.03898658379606257 0.07855626069886146
0 0.9684976022211004 0.2561223989006674 0.038963907117617276 0.07668335296427166
0 0.07879543160020192 0.6458271986650962 0.040225896012115084 0.07576315272870035
0 0.573258455325593 0.16072830781311345 0.03880615850580509 0.07545641931684335
0 0.3755205704189803 0.2571959658421672 0.039910398788490654 0.07821702002355711
0 0.2761042512619889 0.5497395985473105 0.040472005805148925 0.07805693561052211
0 0.32602965623422514 0.3530735732234001 0.03967920141342753 0.07673018531605812
0 0.47419232710752146 0.15965474087161366 0.03912165572942956 0.0763766195524146
0 0.6727189550731953 0.256275765606596 0.039910398788490654 0.07944395367098549
0 0.2273946239273094 0.2559690321947389 0.038963907117617345 0.07883048684727131
0 0.9186704207470973 0.15957746554770316 0.038691169611307225 0.07438166843345108
0 0.17790893021201412 0.8415602689438555 0.04000513957597176 0.0795182606988614
0 0.0289227152953054 0.6436631103258735 0.04049308329126704 0.077569644287397
0 0.6720090863200403 0.549819640753828 0.03880615850580509 0.07576315272870045
0 0.27666962556789504 0.2564640940321947 0.03970977107521456 0.07982061052218294
0 0.6230806055022716 0.15988178190027483 0.03938433064109047 0.0756037679623086
0 0.029893361938414936 0.0590461817824892 0.039279404341241796 0.07821702002355711
0 0.07845249873801109 0.7428299230467215 0.040171024734982325 0.07898041931684327
0 0.4256965918727915 0.16061354848841772 0.03961882735991925 0.07645383431488022
1 0.6181346034830892 0.5430990540832352 0.004896870772337232 0.008840172163329304
1 0.4741080114840989 0.5395398870239497 0.005216586824835901 0.014118105810757637
1 0.5163854608783442 0.6492679680997251 0.0030064634023220143 0.008148398311739215
1 0.42376099053508326 0.9340799542599134 0.0036895282685512547 0.015796707106399823
1 0.9634737396516909 0.73930072928936 0.006419507067137837 0.015803723989006632
1 0.7197883085562847 0.9374182877895563 0.006662655981827267 0.01157390734197092
1 0.2792793763250883 0.3530541964075382 0.005550283190307884 0.014101658225363195
1 0.9137524562089853 0.940451905084413 0.007111442958102085 0.0073470732234000025
1 0.9081159853609287 0.17176407332155477 0.00450250681474001 0.014123011582253583
1 0.6219983645885916 0.44980122536317235 0.0066342652700655995 0.013236182960345516
1 0.4209627544169611 0.2560463339222615 0.004553542150429024 0.013648400078523722
1 0.2730510297829379 0.1372997688457008 0.005071590106007154 0.01679720357283079
1 0.5226458004795558 0.15633862073027088 0.007522634275618246 0.007552440518256813
1 0.8710015193084301 0.9515431562622694 0.008375558051489053 0.009703243816254314
1 0.6691469063604238 0.845686876128779 0.007301846037354969 0.013450550844130245
1 0.964475012619889 0.9304758048684726 0.00978041393235754 0.011349136238712315
1 0.9146295791267036 0.8355043417746367 0.005357197122665472 0.019092415783274436
1 0.31773020696617865 0.8460287262465646 0.005945441696113107 0.014607251079701634
1 0.03020647576981322 0.6417625000981546 0.003632984856133265 0.015184265606596012
1 0.914262833291267 0.46502666077738514 0.005144197122665466 0.010391319199057768
1 0.5707158380868248 0.45918466018845694 0.006031726148409941 0.015327185316058194
1 0.22093912619888947 0.9385323381429131 0.009282777385159006 0.014867008048684719
1 0.029141725769813227 0.06853244307027875 0.004815993185259975 0.010780618374558298
1 0.12743103987884905 0.6464577169218688 0.008893599192327122 0.007020765606595998
1 0.02980372715800101 0.5454656713780918 0.004753979303382128 0.019443608166470342
1 0.031593337582029285 0.9296305366116999 0.009693183493185252 0.011812739104829124
1 0.5771511915699141 0.2510912835689046 0.005149913679959589 0.01803729937180989
1 0.8697387706966178 0.8375531415390656 0.009323569156991392 0.00947361484098942
1 0.9618061167339728 0.06492630977620731 0.004075802877334565 0.01001781625441695
1 0.2781822561837456 0.4647894107773851 0.005851540131246833 0.01516008696505702
1 0.12352105653710248 0.9379321710836276 0.010088124179707185 0.009319207106399613
1 0.6730244987380111 0.44643712465645846 0.00964257243816259 0.007695047899489518
1 0.9671554702170619 0.5401914373773066 0.007889968197880088 0.02079007381232806
1 0.7149209606259465 0.1534819210836278 0.004723954568399843 0.019400508048684737
1 0.7147037064613831 0.34351187828818214 0.008628932357395262 0.00803415469179426
1 0.7644567385159011 0.26296731851197486 0.007873499242806658 0.018823902434236334
1 0.8256315921251892 0.25873210109933253 0.005097239777889939 0.007049932076953258
1 0.3766248107016658 0.3581112583431488 0.005205704189803128 0.017483804475853945
1 0.3748879529278142 0.5551640386729484 0.008048425290257453 0.0067950086376129286
1 0.3734215897274104 0.9349845543776993 0.004671207218576459 0.017668307813113533
1 0.5197341942200908 0.2569805679230467 0.004196427309439749 0.012393398900667485
1 0.3773719293286219 0.46333804466038475 0.004342461383139806 0.010087750490773335
1 0.4767163048965169 0.1647158421672556 0.007571933366986323 0.012882803297997661
1 0.17514858165068148 0.5529841719670199 0.007476688288743054 0.01483554299175507
1 0.22416223662291773 0.7549351978798586 0.006622523220595637 0.012754260698861269
1 0.4253648551236749 0.8474479762465645 0.007738235234729883 0.012995684727129801
1 0.7707235864462392 0.9426922220259126 0.007013200656234122 0.016362709462112254
1 0.5690260950277637 0.5532106050255201 0.009095715042907569 0.008248008637612929
1 0.9615607452044422 0.8406465088339221 0.008037015396264125 0.015556216725559499
1 0.962536991039879 0.3570609304083235 0.005453529278142152 0.014063258932076925
1 0.8215918643361939 0.5486961382018061 0.007497745330640981 0.016050008637612793
1 0.07966900365976778 0.5471045214958775 0.007244526754164557 0.019846708873184207
1 0.22636398384654216 0.6433568004515116 0.0053740010095911115 0.018130333137023846
1 0.6702827765017668 0.7399286457597172 0.00786958076728906 0.009640156458578826
1 0.36857647652700654 0.7421163625834315 0.009313478041393252 0.010785924224577827
1 0.61836075 0.7507874970553592 0.010754522211004565 0.009393792697291027
1 0.1752387115093387 0.8529159940125638 0.005087948006057579 0.019236720259128346
1 0.9642069882635034 0.44234612465645856 0.004953009843513354 0.01649051472320373
1 0.022341256309944473 0.7423677796427168 0.006428037607269056 0.01580429151943462
1 0.4744007628722867 0.9472517889674125 0.008732547955577883 0.009697442873969564
1 0.7237506309944473 0.4435365135453474 0.010095911155981798 0.00920200235571257
1 0.5687672262746087 0.3487915459363957 0.006773977536597694 0.015265357283078096
1 0.470055905224634 0.4506298586572437 0.010481324331145762 0.010965449548488375
1 0.7705909621403332 0.06367627601099334 0.00633195759717304 0.016198684727129955
1 0.2259103623170116 0.8450030265999214 0.0047037579505299935 0.022179851786415225
1 0.1742658288743059 0.6553339349234393 0.010819679959616378 0.010126201609736934
1 0.47052827675416453 0.8455030425991362 0.01079857016658252 0.00952395013741657
1 0.6708941521958606 0.36268601452689436 0.006331332155477095 0.018149761287789543
1 0.7145427022968198 0.7513947808205732 0.009897432357395226 0.0149273602277189
1 0.8175902566885411 0.15926013849627013 0.006667038364462436 0.016432608755398512
1 0.3210216875315497 0.7494196635257165 0.008827397274104039 0.0072217251668629245
1 0.5712783339222615 0.8310608240086375 0.010270187279151953 0.010188913427561846
1 0.3716863327864715 0.832770991067923 0.012558682231196373 0.011676313898704332
1 0.32120181183745583 0.9385910549666274 0.008782645885916145 0.019657308990969586
1 0.42197261761736493 0.7533963311739301 0.0063197824331146435 0.017058927758146818
1 0.42252124469964664 0.556658689144091 0.007115511610297785 0.014848110522182958
1 0.37050497652700654 0.15796917167255595 0.004509986370519974 0.019628009226541013
1 0.5199309400555275 0.9335777546132706 0.006011416203937309 0.02232230781311332
1 0.222277128975265 0.3491244795838241 0.0047137884906612824 0.020734158225363113
1 0.6232746104240282 0.9460497060266979 0.0072367458354366115 0.0219170779348252
1 0.27433752561837454 0.5614947234982332 0.004707079000504827 0.021739646054181386
1 0.6221261187531549 0.3638492313506086 0.004485773599192352 0.019504128582646222
1 0.6735857584553256 0.6524292844522968 0.010413036345280041 0.008573900667451895
1 0.2735037770065623 0.06494395965842166 0.0047970901060070655 0.01795758519827247
1 0.31758557571933366 0.3523345127601099 0.010336168096920772 0.008792890459363958
1 0.8649642915194347 0.7583842648213583 0.010354102473498118 0.008309994110718557
1 0.07818187796567388 0.6477917506870828 0.010849772589601223 0.012327766784452205
1 0.7200149328621909 0.6416794835100117 0.006840401817264003 0.018417632901452582
1 0.6637652931600202 0.9420173049666272 0.013963608531044867 0.012191342167255727
1 0.22589635954063605 0.2545251170985473 0.006309249621403318 0.014236966431095411
1 0.2725225270065623 0.7475831635257164 0.008021579000504785 0.0139620592854338
1 0.12586654265522462 0.5515197886729485 0.009814113074204935 0.01960471005104046
1 0.3214983132256436 0.26811020239497446 0.0066121569914184665 0.017740137023949682
1 0.22108467945482077 0.5604019434628975 0.00930716809692075 0.019630938358853593
1 0.6690364035840485 0.16200350520219867 0.009731332155477088 0.012786275814683919
1 0.9627941111812215 0.6439104669218688 0.009671747349823484 0.011501798782881895
1 0.7721343253407369 0.7445429798782881 0.007031197879858654 0.01513469199057719
1 0.22200087064613833 0.06883604318806438 0.009998763503281159 0.012627285433843739
1 0.8216289886420999 0.45595902689438544 0.005846010600706616 0.02545925284648609
1 0.07231753975265018 0.8422177594228503 0.0042796100454315904 0.021615717903415838
1 0.9190473069156991 0.7510152310561445 0.007564144371529429 0.01752686022771874
1 0.2302394658001009 0.1646115057911268 0.006456959363957613 0.017385743816254424
1 0.36832485360928824 0.6409164669218689 0.008239237758707673 0.021170599725166796
1 0.07525252170620897 0.9310630206124852 0.007559065623422523 0.018763240282685462
1 0.22159837342251387 0.44988074195131517 0.010488260726905604 0.011236749312917294
1 0.671290025113579 0.5544496725559481 0.007117072438162556 0.021720010993325347
1 0.8197343671125693 0.8462732262465645 0.009319756436143325 0.012891317432273217
1 0.1305770287733468 0.25936518462897523 0.0067030853104493 0.017439634668237156
1 0.6239637236244321 0.8333646409501374 0.00901349167087326 0.010489014134275523
1 0.1754290733215548 0.15564878778955632 0.011017168854114065 0.015680241460541797
1 0.8109689045936394 0.35789281370239495 0.00918283695103495 0.013626425991362347
1 0.6179475111055023 0.26993498616018846 0.006533044422008974 0.023292571849234327
1 0.7175314398031296 0.06121440871613663 0.011176393488137393 0.008853082842559873
1 0.07819625365976778 0.15397025402434236 0.011136518425037866 0.009835306635257174
1 0.47281263995456835 0.7406053957597173 0.011277799343765845 0.008900123282292898
1 0.17701436774356386 0.36249959511189633 0.00982126451287232 0.020125809776207294
1 0.2743645131246845 0.6402846665685119 0.010963048460373517 0.018139932665881393
1 0.6240992361181221 0.06320695965842166 0.005271997223624376 0.020818118374558294
1 0.12485955098435134 0.8443008097762073 0.008042129732458367 0.024197752257557898
1 0.8661244186017163 0.34960417981939534 0.005509870519939344 0.02345555869650563
1 0.7205645543917214 0.5425283206713781 0.008580633770822743 0.014889373576756841
1 0.9155866978798587 0.05542270848056536 0.006913429076223971 0.01675568237141736
1 0.07538951615345785 0.05721899165685119 0.009493557294295815 0.01132271554770318
1 0.9174919326097929 0.6457558839811544 0.009728401312468243 0.01578603337259516
1 0.12346643361938414 0.15996950520219863 0.006726900555275098 0.01685427581468393
1 0.56720698182736 0.7492276972909303 0.006108499747602179 0.018034593639576022
1 0.717756183745583 0.26057003337259516 0.004732458354366489 0.02239153906556737
1 0.4755883830136295 0.060508459069493536 0.009196782685512314 0.018240050844130332
1 0.3259236708732963 0.06292345965842168 0.00564887228672387 0.020771651550844126
1 0.025498743816254416 0.84565264330585 0.006107509843513378 0.023334485669414897
1 0.9116279673144876 0.352436029937181 0.006312465169106523 0.017178391637220247
1 0.5167844522968197 0.744288623871221 0.006309944472488585 0.01932420494699648
1 0.17367896706208982 0.9422105389674126 0.00536796188793538 0.024687677463682906
1 0.3252234139323574 0.5542191719670201 0.012728336193841524 0.011752076168040698
1 0.07655401337708229 0.3513497965253239 0.01000403785966682 0.020577792108362795
1 0.2680005506057547 0.8584448778955635 0.006338626198889382 0.015540554377699065
1 0.5275665241039879 0.06217307577542207 0.01156306486622916 0.01429735060855909
1 0.5175695643614336 0.5474685380840204 0.013258145381120454 0.01789174204946992
1 0.3186521958606764 0.16318217510797015 0.007887430590610782 0.019017471535139364
1 0.031101583417465925 0.14840775343541418 0.011938680716809692 0.011144838633686685
1 0.1763863260979303 0.06719279318806438 0.007840674406865209 0.015300318610129567
1 0.1265734266784452 0.06748721024734983 0.004614378344270571 0.02084615272870042
1 0.12800765863200406 0.7483263969375735 0.01057983669863705 0.013702526109148077
1 0.6243402264008077 0.6546654183352965 0.009206977788995374 0.014530568904593562
1 0.0760340203180212 0.4466433088928151 0.006627062847046921 0.023846283667059185
1 0.27442864298334174 0.9418888221436985 0.007048822059565855 0.021036843345111775
1 0.5698885880868247 0.9402465549666272 0.010210203937405384 0.014505908519827432
1 0.3700875952801615 0.05585869189242245 0.010077207218576488 0.018337582842559878
1 0.8670819047198384 0.17017455614448365 0.010220339979808151 0.009326977228111513
1 0.028640478546188793 0.350706529937181 0.007395973750630994 0.023091258932076888
1 0.7726109524230186 0.5515295890263054 0.006393440938919781 0.022038976639183475
1 0.570332836698637 0.6478206173930113 0.009637203937405404 0.011043099725166804
1 0.961265622286724 0.1624020057911268 0.008311764008076596 0.02057781016882607
1 0.17170022400302876 0.26033378474676094 0.007116967440686521 0.017342834903808352
1 0.7714858336698636 0.16419910590891246 0.00832818122160534 0.02005094405182565
1 0.08000724533064109 0.2544658670985473 0.010038512872286708 0.013128532783667088
1 0.025445108404846036 0.2573044340400471 0.011578233467945483 0.014199533961523365
1 0.47141964967188293 0.2531520169807617 0.009331321554770256 0.013302365724381617
1 0.7677373406108026 0.4576040434825285 0.011408206208985356 0.021555752846485907
1 0.668796406360424 0.05920412553985079 0.009580332155476969 0.017781383784844926
1 0.8192383657243816 0.9423218387318414 0.010311759212518926 0.017716942873969386
1 0.8682630331903078 0.07365571142520612 0.006596094144371583 0.027526621908127193
1 0.7657566044926803 0.8472572765999214 0.010006225643614336 0.014604017667844556
1 0.8208389817011609 0.6479473508048684 0.012473980060575533 0.01569736749116599
1 0.8632385470721857 0.6524723679819395 0.011281613579000448 0.010941600903023208
1 0.7688127648914689 0.3660950957008245 0.010303470217062077 0.018114808598351077
1 0.42717459818273595 0.06741461012956419 0.00695822412922768 0.020991352964271705
1 0.5686734762746086 0.05395120848056537 0.006961477536597828 0.0209256160188457
1 0.8627508040131247 0.5494062886729484 0.008786630237253843 0.022604776403612113
1 0.8686740234729935 0.255779217805261 0.012084058051489117 0.020317300549666257
1 0.7180716809692074 0.8473510502552022 0.009464916708732878 0.019937671770710607
1 0.12706650681474002 0.3584179917550059 0.004259212518929825 0.007668335296427149
1 0.12328054013124685 0.45887318413820166 0.0029972236244320883 0.012882803297997686
1 0.035651186269560826 0.4611736847271299 0.005994447248864214 0.008281802120141377
1 0.4143267289247854 0.17207744405182568 0.0042592125189298 0.009202002355712594
1 0.5675006309944473 0.15919464075382803 0.006152195860676406 0.004907734589713373
1 0.5277479808177687 0.46163378484491563 0.0061521958606765076 0.007361601884570036
1 0.5190718071680969 0.8511852179034157 0.00457470974255431 0.006748135060856006
1 0.27380415162454874 0.26041666666666663 0.0029009798865394436 0.012535098275170506
1 0.3674009180474697 0.26829175374433994 0.003218763994626071 0.010340473702542664
1 0.1788155889602426 0.7465686837379731 0.004240206147160513 0.008766405455863947
1 0.07660352692478861 0.7510627596053998 0.004225077881619921 0.008972611630321875
