0 0.10436730620438964 0.15437732434386017 0.048554116337596674 0.07766335131227962
0 0.47286798840848304 0.7371960994624221 0.047488032385273216 0.07466500351933723
0 0.04271504020668822 0.15541234863097386 0.046687236851444054 0.07341360233068865
0 0.04288922009272237 0.7503776343654791 0.04801230696540982 0.07469558350954161
0 0.47483255392132917 0.9376059352536738 0.04783589215734154 0.07628412949265183
0 0.5330373367549786 0.7378244226012425 0.04724173021371343 0.0764941547975151
0 0.5955341270315037 0.9351029475645357 0.0467661304632984 0.0741966445712391
0 0.04301757066255146 0.057412280429825234 0.04599001730730728 0.07332719015875856
0 0.5348668175576138 0.9363023602518415 0.046647499266324305 0.07471908904678275
0 0.9574538105195469 0.8288583816414111 0.04562949414509384 0.07467674476919729
0 0.7730177464459259 0.6344512914973363 0.046398464210834614 0.07458614073794928
0 0.7742261898347249 0.733288244089791 0.04630210084367885 0.0749273213708838
0 0.35104597538364357 0.6424587699040707 0.04769602169599237 0.07583757066981953
0 0.412779147695696 0.7398293484440132 0.04712015289912049 0.07466500351933732
0 0.5339156492911666 0.8366398061268526 0.0464851051413364 0.07522854654753722
0 0.41169218275267905 0.640221042895626 0.04820192415274454 0.07557531502347538
0 0.47368723610792324 0.8374714799089685 0.046847536986392886 0.07614214140415367
0 0.6466586714798137 0.04821666961020016 0.04605823635657741 0.0738953611869633
0 0.7141386111634704 0.7342395218520191 0.04618296964670468 0.07557895629596156
0 0.7717438724991954 0.5355403739017307 0.04675062033055045 0.07503522054824711
0 0.22794462785789513 0.34973817380628236 0.04729876268868821 0.07445100259111699
0 0.952183969042558 0.4348214348516643 0.045916119506977666 0.07499555894806954
0 0.4132728252811705 0.9390722474990718 0.04680522761420592 0.07605685520553822
0 0.6550399848431683 0.8344422223229907 0.04649512767794052 0.07521160103763863
0 0.5917951846235973 0.5386161674881045 0.047794630752805246 0.07555766502379094
0 0.34945295181196045 0.4448421681276809 0.04678896535038672 0.07401176496672891
0 0.5313528511530018 0.5404410404750997 0.047352643825572714 0.07514191904980075
0 0.529346726080625 0.3440351107365733 0.04720693236505536 0.07418093732809608
0 0.29158499902654533 0.9444125966843445 0.04760716057931944 0.07725785724235638
0 0.29083499902654536 0.8424070790942413 0.046432730693285275 0.07442704425569896
0 0.655710744097487 0.9336825745775407 0.04629003071288335 0.07448320009569571
0 0.042133647678196745 0.25389051805421325 0.048129012706187656 0.07603616633575506
0 0.5938741654262326 0.7361692520018639 0.046926092068569125 0.07537292464767044
0 0.5947203288933385 0.8356749410519304 0.046298495792239304 0.07517519729676031
0 0.5324323319556372 0.6385394438508653 0.04680502835187819 0.07431873139920156
0 0.712699742971841 0.6350767517970256 0.046591791145046434 0.07489887088779405
0 0.7667316223544418 0.04666335702290279 0.045619159014786706 0.07362471460559257
0 0.2294969083137584 0.745028272527445 0.04747319257472239 0.07558315535247354
0 0.7068691616227716 0.04742669491572287 0.046994984817037795 0.0738953611869633
0 0.290178036384088 0.7431669729348085 0.047397796206131444 0.07554710474142813
0 0.7158383131700591 0.8327557625404789 0.046295815778281124 0.07496598297106132
0 0.28960828868464794 0.5446091740834318 0.0475605812631144 0.07499880366627258
0 0.9488883535688635 0.23982329078743886 0.04531802352015473 0.07497376767589897
0 0.2903299266120197 0.6434179922845804 0.04737600654802894 0.07617606604188436
0 0.5927863432913619 0.6372885232514867 0.04765035181200498 0.07463146154904614
0 0.10682022688818457 0.9512012328094924 0.04922754622363086 0.07819553438101527
0 0.7756037523709133 0.8321038776154013 0.0471239565739374 0.07585132416981887
0 0.8351434993086145 0.7317891885653347 0.047887366711711885 0.07505651182041784
0 0.3527489098532981 0.9416111346426285 0.04686947915374567 0.07586813152947
0 0.47112431082300865 0.5407356371435569 0.04693080824001688 0.07462482693497713
0 0.5262956653391545 0.0498241569574388 0.047556388865827776 0.0760570362888042
0 0.652140354627087 0.5378340921134929 0.046302348337920136 0.07430624442441228
0 0.40996014999625596 0.44390200567860133 0.04636570920972744 0.07581798864279711
0 0.23031665601319862 0.946274396276981 0.04683369717584207 0.07624160826076547
0 0.8264243120219387 0.04534587172747444 0.045915146875305055 0.07536796611256097
0 0.35044130698290915 0.5437823987779091 0.0474633952364209 0.07545185224049986
0 0.10371009356193239 0.056613043082586585 0.04789083128061381 0.07541526403850861
0 0.41358167815155933 0.8399915917470027 0.04839964369688121 0.07749581650599456
0 0.28894043121313934 0.34841228666272556 0.04752714677596057 0.07601242667454891
0 0.3522377650242468 0.7412959106894108 0.04649832972357468 0.07601817862117816
0 0.5877965411089244 0.14650810066779194 0.046515926984390665 0.07561779866441612
0 0.41104711493927304 0.5427290991852728 0.047562928753864205 0.07597850203681804
0 0.5283150770115426 0.24641913989826886 0.04669024970058487 0.07409260915454963
0 0.6533736719626163 0.6367930034013313 0.0474156944694963 0.07520407259795882
0 0.7111967842292586 0.4394091212751884 0.045905796870423454 0.07353810670039984
0 0.7125426976963646 0.5368694770385705 0.04763098913357642 0.07487885547332478
0 0.6546145806303812 0.7353607520018638 0.04719093472606065 0.07469411509720437
0 0.6513187151566867 0.4398915538126496 0.04659233873923776 0.0748157019251667
0 0.8360544271737439 0.8313868974655567 0.04700264536300501 0.0759810146193527
0 0.5906668720874089 0.44099944664980006 0.04805125582518211 0.07515510670039979
0 0.10560516137533836 0.5501940728613409 0.04842526576776753 0.07510895549940885
0 0.3524230897393323 0.8409405168488435 0.048171259609608906 0.07676041772808559
0 0.5863086859379756 0.04888449450835926 0.04777262812404885 0.07523101098328147
0 0.4719552033515001 0.6400893804465463 0.047615882955102294 0.0753119901253163
0 0.16601957220209113 0.15330599944570106 0.04846757513995448 0.07657400110859783
0 0.8954808279798688 0.7313851885653347 0.04734603630341509 0.07487397212010716
0 0.5304745386168134 0.44235497441202826 0.046562653424254925 0.07567705117594349
0 0.22982780084224988 0.8455947658304346 0.04748383740377372 0.0776425189501763
0 0.831549552101367 0.43672449037612054 0.04727258806041857 0.07567436849853562
0 0.22653816521543785 0.152638174547542 0.047090398315500236 0.07523835131227967
0 0.5898452326170086 0.34291413058672865 0.04756793848965244 0.07444081822716406
0 0.8899369287660328 0.24069663601220584 0.0468912192573925 0.0735931566269864
0 0.9528853873090051 0.5333112509147356 0.04557901363196554 0.07558065697177133
0 0.7709222330287949 0.4385360260504214 0.04588064912659713 0.07523194789915696
0 0.3469772414700629 0.053670155939029754 0.0460699561481474 0.07374268812194046
0 0.8971648135818453 0.8300311197033285 0.04781410349419102 0.07545857014380897
0 0.8325407107691318 0.5355136992763424 0.0473216360538299 0.07529460144731506
0 0.10560516137533837 0.6482409543262964 0.048750835881733415 0.07634229379158879
0 0.7769256418413134 0.931623403978162 0.047641139238407904 0.07536854129445252
0 0.7166599526404592 0.9323534714407009 0.04716578698223421 0.07495229532046253
0 0.04326174824802582 0.45163956690559004 0.048431793162050894 0.07602026700354701
0 0.042616430434619844 0.35284001135720283 0.048117867877136386 0.07696812911873059
0 0.16543842967359967 0.0559452181844275 0.04763086019693736 0.075659563631145
0 0.16775717737303986 0.7471629096710019 0.04771037400029627 0.07669253086167813
0 0.40964040229681575 0.3464007993154869 0.047354064380676214 0.07356940136902616
0 0.8913481066311622 0.4360856927637371 0.0470069979086858 0.07470950342361338
0 0.4071586195403926 0.05221260634639338 0.046948480463351414 0.07556743710353143
0 0.04377264307707711 0.5515292226576591 0.048802442592221836 0.07567265590677248
0 0.46828696715485896 0.2474693313180201 0.04679081284113639 0.07478008838236885
0 0.9467686323649103 0.04483848403590768 0.045911754467543725 0.07560411132880604
0 0.5277018779816117 0.14851057536226922 0.046136402669186664 0.07488289988650694
0 0.04392428330500873 0.9520282581150151 0.04910572304808509 0.07721633601046979
0 0.34879066675497755 0.24961273111433827 0.047417815920215836 0.07538033940077785
0 0.4668463200252479 0.05154528144823428 0.045862939265709196 0.07423278730721324
0 0.10486123378986403 0.2529506056051337 0.047914120938716345 0.07678959041918687
0 0.043267820662551464 0.8510667774647867 0.04909507821903381 0.07700024669988055
0 0.8374722301112499 0.9306582889032396 0.047325001093263694 0.07468923174398638
0 0.6504725516895807 0.34180648774957817 0.04741326194977952 0.07566556420115426
0 0.46951367749675643 0.34533823707008915 0.04631410249923906 0.0746041756561398
0 0.8941675298417039 0.6325828923524186 0.047619344040262336 0.07585302484562863
0 0.8334116482329434 0.634081197876875 0.04713024163933512 0.07509687409640531
0 0.8302681530322846 0.33815674177558797 0.046063078461736115 0.07555886569960082
0 0.28903296857068206 0.44671298037307866 0.047712221491045995 0.0756467902722516
0 0.16865831760097152 0.9480228087260603 0.04821037400029629 0.07763183397365182
0 0.7089004187555642 0.2434730367614291 0.04614623927833001 0.07414227572791847
0 0.2881095386846479 0.2504029558088156 0.04781878240277254 0.07590748919709611
0 0.2873597886846479 0.15184819985306472 0.046319282402772576 0.07471170151596146
0 0.043523143077077116 0.65048797861341 0.048629012706187656 0.07662314399527073
0 0.34936041445441773 0.3469457244173278 0.04790617109116455 0.07571255116534437
0 0.10601212401779565 0.8488097405249118 0.04826248071078468 0.07617272139435786
0 0.8870843902265502 0.045086368960985355 0.046792623270569655 0.07484896057958279
0 0.648228169179254 0.14610410066779192 0.046918240957697074 0.0748097986644161
0 0.22827019797186093 0.5467345485742274 0.04762433280265405 0.075036354277318
0 0.7104399091568818 0.3414937575997335 0.04651864300199995 0.074101913451931
0 0.4703103855380941 0.44310251833136277 0.04693080824001688 0.0757989633372744
0 0.10534401654628711 0.4508683675166355 0.04757740599569921 0.07500451802195607
0 0.4677474602531796 0.14944147515858744 0.04701407949364087 0.07621804968282517
0 0.1682341377149373 0.8471932405249117 0.04703644411426208 0.07662626996858539
0 0.7697795202978781 0.34071949825574754 0.04533516607266958 0.0738043153633377
0 0.22743373302884384 0.2513245929523724 0.046602543144551506 0.0761708140952552
0 0.10552376884684694 0.7495696343654791 0.04728577036888724 0.07729278188008704
0 0.893176371173939 0.5340148937518862 0.0467969883100036 0.07511156174700441
0 0.3475528115840288 0.15131253740398515 0.04689552626211327 0.07627362559939331
0 0.16675792737303988 0.45004159221111273 0.04733972457012538 0.07598421639250152
0 0.7693827426274774 0.2421703582499777 0.04608822620556255 0.07497695035330687
0 0.10526262401779565 0.35228607360260056 0.049368041622511225 0.07638690340584425
0 0.16634539231605694 0.2521328429523724 0.047816934912022845 0.07620736470630057
0 0.40897229482530717 0.24839998111433828 0.04666898966559074 0.07558808838236883
0 0.6495944891533924 0.2440334018363514 0.04701042541688534 0.07557573602760778
0 0.9507421083682047 0.33768739655082103 0.04554564830302444 0.07399471495037753
0 0.2257884152154379 0.05487389328626841 0.04689317877136355 0.0745702134274632
0 0.9588049302234761 0.928652179963692 0.04620513727662279 0.07568069626240545
0 0.2864583984567163 0.053951756142711575 0.046795492744670056 0.07535918812194049
0 0.5889188383472673 0.24481522721096308 0.04668178462122904 0.07401208527838456
0 0.16757767507248006 0.6472912792244555 0.047676939513142495 0.07602289297686156
0 0.9558426806478288 0.7298866330408785 0.045693792283258684 0.07625508316901976
0 0.22866576578526696 0.4481705299657151 0.04711318797360283 0.07487534088329714
0 0.8983495491838219 0.9298633762159337 0.04728367068496684 0.07466305711859814
0 0.7083337271356178 0.14584027576963285 0.04797069515893543 0.07533544846073431
0 0.16627514461661677 0.3505466738062824 0.04767643951314248 0.07396140340584426
0 0.4077341896543585 0.15050378740398515 0.04679734023541979 0.07518277539571147
0 0.9545048585129583 0.6321137971276516 0.045144744289847535 0.07491483439609462
0 0.2285143755573353 0.6448848045299782 0.04746154774567114 0.07489649216213444
0 0.16709489231605693 0.5482011108196251 0.04736251422822791 0.07480957999020428
0 0.7682627714235243 0.14506165323581885 0.04713484167925709 0.07465223322867297
0 0.9480900218353107 0.14244161756151794 0.044494667789896185 0.07504130457727484
0 0.8906628710291855 0.33790860685051033 0.04679648831000353 0.07568805614913472
0 0.8875762988943149 0.14283253024882375 0.04545651739555757 0.0748849395023525
0 0.8290342256337982 0.2411931280676873 0.04552849300688152 0.07427341058810469
0 0.8276898884895076 0.14301556994913445 0.0465130304683248 0.0758764792026632
1 0.5267623089722064 0.5289510120131378 0.035486002470718134 0.04165718282751847
1 0.3131384305583364 0.5203160814404663 0.006305870318912177 0.012559466547204995
1 0.1697057181283137 0.4088796660908629 0.00927415580076405 0.013712732996453043
1 0.23475230193942118 0.8340429074794803 0.006478902739184138 0.028671865570006158
1 0.3627476097895677 0.9327293258843107 0.011595518439477337 0.027212752990712467
1 0.17050824858417693 0.8404177809518668 0.01157593625662736 0.030668312922142792
1 0.5477222951727715 0.7073369643301294 0.016652139067528382 0.0337227299223335
1 0.4099966556945468 0.9135483795505833 0.012815040135469647 0.029235809712212218
1 0.42267391544537175 0.6339514725029558 0.015133980320914417 0.011221447042729706
1 0.35930051152029846 0.8249028725764234 0.01100160235680205 0.01640624718966503
1 0.5406503041728652 0.6333090424019082 0.007710012069400546 0.02589562450412724
1 0.5419150205774772 0.830418114977585 0.008660464075989131 0.02696838875641271
1 0.17010128594171967 0.7292078898893771 0.010436440857747014 0.03031523120452711
1 0.24235599157628027 0.731443416213309 0.016991562468765584 0.011624634056072447
1 0.23010873412601515 0.9279126411849357 0.015114898138064483 0.009460332980916763
1 0.7239239130791747 0.9237495886649729 0.015706111158706383 0.011722441794664402
1 0.6618070625910449 0.4391074023636926 0.016141528905759872 0.01244066203018158
1 0.9085655551411914 0.928739819991744 0.007681821742900491 0.020464909833643078
1 0.899726040453661 0.23985963531247215 0.007381446236262912 0.021274429426187118
1 0.48013540558832957 0.8301483599236621 0.01741624106269332 0.012761719847324136
1 0.659084302847609 0.6132465941802482 0.011534047813617396 0.03881299791096259
1 0.5964672913671307 0.7262463069665331 0.010138928865837928 0.024219153633377052
1 0.16913367420524264 0.9368560060459394 0.017255216040188384 0.016326143685863853
1 0.29903774092147734 0.43760464732764726 0.010415061159159907 0.01840744648843085
1 0.7214918047294051 0.5331789843908563 0.01972797478775119 0.011622857732800258
1 0.4183314993626965 0.8279861848218212 0.01144714815556379 0.01708607005100602
1 0.5994805415118843 0.8199902301924541 0.011265525142167773 0.026871238287083207
1 0.7222812951307228 0.8177493612314688 0.01892230172196283 0.01790557976573377
1 0.47399070904979096 0.6255766096465126 0.009194716959923917 0.033237670718798004
1 0.9073079638089563 0.8307823530395023 0.009230369736311788 0.029992674430714003
1 0.5912364740316012 0.4245740136924987 0.01750733258950799 0.010859884687793758
1 0.6593024037785266 0.8210180991534395 0.009164576609664223 0.0385756269582771
1 0.7799532533841879 0.7300385807027515 0.008168256623622446 0.02382739960736739
1 0.3643396471471105 0.41881868834115843 0.007434733382494429 0.020167178311771464
1 0.9634794558025629 0.4328485253506877 0.009790315328795894 0.03152574920292899
1 0.11352396878311657 0.7320186145838544 0.013548376654506599 0.027853680593481634
1 0.29668480873488334 0.8265196225764234 0.019353337013903432 0.01422604678230148
1 0.46563382572353884 0.9138026917959811 0.01711809053535117 0.029780484814053054
1 0.7197999440550518 0.22995051232547697 0.015378618767985457 0.035463532702973644
1 0.8912724633746957 0.42925187862747427 0.01210900353884938 0.02370799545681291
1 0.7288730260781119 0.6229473441802482 0.016758475077258257 0.015033275813137632
1 0.600430243518473 0.6219045465678646 0.016132563826403965 0.017118871037904562
1 0.17833169742327531 0.634348945160615 0.009602983364995014 0.037285641339639
1 0.2976559466622552 0.937325513638913 0.021969042754681194 0.014333828907280723
1 0.3578070839348241 0.6271077604612397 0.01268617707188744 0.02122232255193435
1 0.04822156255748347 0.9351450632315494 0.01587856420324039 0.02343457788887181
1 0.830523706838312 0.42843163265348405 0.01335716353187029 0.017217503508832346
1 0.724433631663617 0.7261166165169992 0.01500428252459836 0.018849391835241182
1 0.294545813336003 0.7171805437593315 0.019398916330108554 0.012764589555481338
1 0.348641597738183 0.7281453276439794 0.017017634564639395 0.029280456917413464
1 0.902770939667497 0.7355780448885039 0.01211795612445225 0.027134058128716557
1 0.658499658773626 0.13656347966407642 0.009047756635525822 0.02853541075392552
1 0.6656669762029043 0.9265242843174429 0.019054683063690566 0.01707772743612889
1 0.54059169858736 0.917305466854904 0.019620166227331266 0.03645355281074027
1 0.10971712840648078 0.8338959708657332 0.011394953988803646 0.03159898777909143
1 0.5940654548342367 0.934041303887705 0.012429351786872583 0.04082222687634164
1 0.6595688364429971 0.22150654827967145 0.007858403543875967 0.020452985510430337
1 0.716779102578063 0.3268131737532622 0.013107243550854943 0.019681665109009903
1 0.7172859776504398 0.42595328340270733 0.014220089682431603 0.028741535157123375
1 0.1758613094959035 0.31990599564921435 0.0125903385359437 0.015232392113155935
1 0.05361513037088947 0.5262869549128525 0.008347129716086577 0.021683711455159654
1 0.7865192440750128 0.6216835862681754 0.017075545742119252 0.015058950438525991
1 0.8392420340620308 0.31789902314398566 0.017573125716155557 0.012178824190146166
1 0.8527559430193028 0.6375973359882819 0.01258457830175817 0.024824560927651527
1 0.7742553013775995 0.5280939367784728 0.013957679544657084 0.018978381608965304
1 0.03608687467259855 0.6464999978084784 0.018780250654802894 0.011769004383043034
1 0.10579305730156094 0.6390675327115355 0.012406123805361147 0.026268516848843522
1 0.8402493753942661 0.5256956114038612 0.013045192906931445 0.02283684190865477
1 0.6608890096535388 0.34573971317367935 0.013724442228112343 0.019668934399378283
1 0.7821446140585414 0.833793551401109 0.01287190118287076 0.030850341004082814
1 0.8396689283317721 0.8348659563162889 0.019232587321426364 0.011818103082111873
1 0.24176093801454093 0.6248222605729093 0.01472305796751575 0.033236820738455186
1 0.7813948640585414 0.42096293831788706 0.014951381985506197 0.01995841633608484
1 0.8985003481905082 0.3290919633136261 0.010799465433627557 0.034826085428495
1 0.24067536055058789 0.4225147495681471 0.007655590075483397 0.0296278493399761
1 0.29685898862091753 0.624945835359399 0.017051556558040207 0.025546172755616072
1 0.4689748630810816 0.3287459050430668 0.008157025022504942 0.02967821090086075
1 0.8999110260556376 0.11441372041846422 0.006431494229674399 0.02229486948832657
1 0.9615928356742809 0.5348709842509097 0.017816748138019915 0.02637720670368343
1 0.4170178240777819 0.13803980456223552 0.008214236674008247 0.025582760957607347
1 0.728413252694184 0.13291983719374595 0.00994494447664151 0.02718847601694635
1 0.04438496888933384 0.1508911906873833 0.010528946980906933 0.015152832800539258
1 0.11459903889708238 0.3238561191216008 0.013026086996404075 0.02207833946529247
1 0.6553218027028556 0.5082660361691963 0.00939270139253389 0.032990310540257105
1 0.77934137351247 0.32326669360341753 0.0078454008933638 0.028963736457611758
1 0.11339536821328748 0.5293059285889209 0.008596455970711705 0.033551857177841767
1 0.23652572032265623 0.5217092924637731 0.012699169391688482 0.02925908696436431
1 0.4101541183370041 0.541566326348421 0.014779105648315884 0.027990454326296325
1 0.9046651848681558 0.6362533042000441 0.009296100394193495 0.03220357675179703
1 0.5984960079164963 0.527558404990235 0.018261092622450733 0.025991318032489507
1 0.9551708739242564 0.23201311560226354 0.016354478506394914 0.014763628207634051
1 0.35689479887784115 0.22785827561492944 0.01451074718585326 0.015000403470358838
1 0.6585423799265745 0.7201328903931643 0.02499081744524259 0.019245828538658916
1 0.8462444428745491 0.14742963657199282 0.013814635604344873 0.02850370179538378
1 0.353180983364995 0.5247835920564096 0.015426975932229296 0.02943028533490968
1 0.15479522013909616 0.527347770799527 0.01578401959439747 0.016774642821144818
1 0.41895427751799996 0.32740174259398724 0.016712994124273295 0.029206637021110708
1 0.8488143660850909 0.7328536520513533 0.018341135893851897 0.029455542304571068
1 0.9587967202005864 0.8371049839385704 0.017222517190631073 0.024852936228849605
1 0.5377163185708886 0.4155253986175763 0.009904771523329206 0.029582575137327656
1 0.8293311299041002 0.23704322262516633 0.01632229820292939 0.025969064351264757
1 0.9583707921907035 0.13524147402463374 0.008214699565594374 0.0306761862511317
1 0.5980566358742452 0.12606100700641723 0.011751851064695631 0.0247878156422889
1 0.9702233070229876 0.9374460976140254 0.01524865244070419 0.023379814328982673
1 0.9740915282269407 0.34667606228450937 0.00983213324333956 0.031869092920727635
1 0.5863451916362666 0.033832825948825446 0.015314962588738115 0.014383753119741745
1 0.41970352751799994 0.22369362581861127 0.01554006423823906 0.022803053266677007
1 0.8930207471148371 0.5439430912738124 0.014605571019132596 0.0238695001501105
1 0.4746307044486714 0.5355311143067051 0.01344941809958206 0.035847680039182706
1 0.35375605347896083 0.31429330891302115 0.0165558265020584 0.01908466843708771
1 0.4662544751537097 0.03160606227765505 0.008714249167761333 0.030950225777400944
1 0.410420835580581 0.02834253900895042 0.011641110249435494 0.017464580054718928
1 0.7787761428545882 0.9277984468648021 0.014002362498634473 0.03391867163177895
1 0.7791946957920942 0.22798579425366164 0.01761177611049412 0.013749096559342925
1 0.30168205873488335 0.2325705858235091 0.009358837013903441 0.03454152185070002
1 0.23961960387884232 0.23772840143354074 0.017255216040188356 0.01737944327850031
1 0.7830786334006593 0.13822893043826004 0.01757697826183639 0.015944829228228867
1 0.358469618991807 0.12366329496470128 0.012337817299819151 0.026949990744129796
1 0.47972844294587236 0.12562921904813315 0.012695474410188918 0.030917889522038958
1 0.1752920617964633 0.029113738397904994 0.009821992567234256 0.025928527406855417
1 0.040201144174248374 0.8449956934009462 0.02215229755073602 0.02098583822766561
1 0.12166134290712949 0.22043010254990664 0.01680783524442987 0.012477306321904113
1 0.5859590074822357 0.22325189739050144 0.011822803214447074 0.029471493282556382
1 0.53605119264472 0.1354266784987321 0.01823192638208588 0.01342956980611387
1 0.7756816956473408 0.0303278525770528 0.014778102755198775 0.019090483056280475
1 0.11196004349820203 0.4302155101840904 0.013746096198643329 0.030552471793953647
1 0.598569113646755 0.3326653680888591 0.014828323280332643 0.022988323630359207
1 0.8420705148646663 0.03245027706249443 0.013462779584579183 0.03204579232685304
1 0.9610847443420456 0.7396715528005766 0.019606238539337732 0.02269980410270682
1 0.47364963059740717 0.23172066614345097 0.018484270397053755 0.029156133916356422
1 0.04314154130385947 0.021966915536563988 0.01399251249375312 0.019682831073127977
1 0.4111480459224785 0.41759692568839707 0.014093530933230394 0.027877201580475977
1 0.11286118372613367 0.13823555558064457 0.013571666312609148 0.014658262994425368
1 0.9702387734275995 0.6345997249393693 0.018310950578869164 0.020812418230447792
1 0.8372913657955838 0.9316574071644912 0.020314500643778707 0.030266242980380987
1 0.22820834389808353 0.03381455064330273 0.015008837226337928 0.016000253119741747
1 0.1753562370813779 0.2320902492909977 0.013926053478960813 0.022335950007768068
1 0.11509578144681731 0.03634746716601846 0.013687437106365396 0.02593106566796309
1 0.9587412633946566 0.0366473007987128 0.01308023824983069 0.03365910964944514
1 0.29883470870038836 0.12479714473344533 0.015005996716981853 0.021133690281617906
1 0.35210541325102923 0.036570199421211876 0.014973555248434342 0.022075251082923658
1 0.05698872349045347 0.3333276095240666 0.01695755301909307 0.023723780951866856
1 0.29617341390583213 0.3245905178995099 0.022329547355800942 0.03693568559533811
1 0.8965013481905082 0.039688106463115824 0.017504042512592976 0.014130101877319085
1 0.05241678834849675 0.4249524040246577 0.015627365470359283 0.03265228737172789
1 0.47607298030341505 0.45339214325401106 0.020006399695103563 0.030017737933794884
1 0.7235650885534431 0.0424644863610869 0.020214326537057146 0.01871307394426466
1 0.536909429245242 0.23510199650133143 0.020024935279942264 0.01765504075499314
1 0.29305795816505426 0.033495399828575495 0.019444495646313616 0.026118251082923656
1 0.6567864719859126 0.03088092615250726 0.021590093401995993 0.01554770454551441
1 0.108521793449238 0.9449816233869097 0.004018520484314668 0.008501305745014903
1 0.18113987289046124 0.5313568928980671 0.00735193169386175 0.024852475385534013
1 0.22737564761333473 0.66606101737116 0.022701657346078468 0.022831292641070595
1 0.29612275928134874 0.1575653421700855 0.007881425264658872 0.02003385902764253
1 0.4857354752267013 0.2619043199313411 0.019847259054981834 0.0188274764771793
1 0.5305402854128493 0.7296017470582951 0.005726303514909174 0.028210051199137727
