0 0.9711968068437669 0.7095272938899878 0.02653126164822626 0.05601906596823302
0 0.5016429424735408 0.7979022694749582 0.030488133666309016 0.058632487147551635
0 0.4207026510356284 0.49125347339628583 0.029374279993537557 0.05819680477523919
0 0.7716071033826905 0.049621973100000875 0.02714989176276016 0.05014429531110922
0 0.30086084777160294 0.5683935608027614 0.029654882547984842 0.05696917860524794
0 0.9588393645656695 0.053810869640741645 0.02680071424529445 0.05247905443703477
0 0.6209165161246238 0.48998627301483183 0.02846831259924519 0.058409867807373256
0 0.9319265941400231 0.6354281201037262 0.0266116426001884 0.054695656651806736
0 0.7402710809296367 0.6395861457296522 0.027994718285031656 0.055709708540695534
0 0.6217705091404948 0.8713863080222534 0.028251544951339233 0.05450000471104855
0 0.38098006432666154 0.49131625445030946 0.02880123513717342 0.05916964141294319
0 0.4607411785226732 0.4910968606611142 0.029139933987050774 0.05816600414811493
0 0.6619227904308945 0.7940294824519106 0.02912793901867066 0.05539447792593004
0 0.6216880953526179 0.6419318870815042 0.02872830193546816 0.05687608810365815
0 0.34231930115272646 0.11630582753459388 0.02960038564579144 0.056969415401533434
0 0.4212358168698559 0.04331902851502434 0.0282817030334825 0.054507994741249406
0 0.8917521805037206 0.4136707934963106 0.027230786784769624 0.05534399917034183
0 0.0676914263777975 0.4189640832849681 0.02677962885734005 0.056527025149932235
0 0.6218861799125006 0.7959442682852136 0.02899615414325691 0.057209704940684
0 0.95978255831747 0.12451438375185535 0.026120763509365034 0.05237837086665909
0 0.46044925128077246 0.04358480315059035 0.028556079503249412 0.05306257010984908
0 0.5414612563396352 0.4905241858178953 0.028949796966517397 0.05815035383455272
0 0.3819553959675904 0.11622882687180598 0.02816120806481897 0.05657334625638805
0 0.5011953697154414 0.490681048553067 0.030024769875812318 0.057616804775239276
0 0.8851621907923312 0.051954498885186134 0.02675418164766612 0.05128424374073873
0 0.4203509784470754 0.34023942752166547 0.029534498267835538 0.05666874621091766
0 0.7410477693495487 0.8682352047222532 0.028008292181137394 0.054492625148085845
0 0.4604495012807726 0.415299712723804 0.02970799743845489 0.05738657455239187
0 0.6996419489094986 0.48915422993335034 0.027191158054035502 0.05674578164441025
0 0.9701798742764186 0.6343142864989871 0.027032572074437503 0.05554508075023373
0 0.1045226076604555 0.7963880325498162 0.02850198353544316 0.058388369220352065
0 0.6616824297609264 0.6408727922703931 0.02993038679849937 0.05652045005180651
0 0.5420987182559472 0.7972521474879016 0.02907330286393624 0.05761466801665743
0 0.6602495828850261 0.48950742820372073 0.028604495990417537 0.05795576434811403
0 0.5796007203752758 0.18976657606336486 0.029666923039944733 0.05650550132245428
0 0.5418848925491385 0.873393267098706 0.028789578692219417 0.0551280931543042
0 0.0683199004239377 0.270467571096924 0.027574435571329985 0.05667803250145096
0 0.7331065973498707 0.048281323374077645 0.02713902688303466 0.05048451283704078
0 0.7796930984259685 0.8663575323963273 0.027795535500156874 0.054262383636974734
0 0.2633407935989041 0.04505611198338272 0.029647075452606652 0.052845522680758775
0 0.30167412342969224 0.26659444487124656 0.029569078441445237 0.0584966454928674
0 0.6951747974376395 0.04716405077407488 0.026982405124720884 0.05076789845185024
0 0.661432832885026 0.565165493885205 0.02968782687065212 0.05618170217033053
0 0.7804258114779156 0.9405401067259598 0.028619377044168687 0.055076786548080674
0 0.8963712634113628 0.786961027411139 0.0282566702335561 0.055609773488832455
0 0.7017331123716108 0.7186174545482014 0.028935463650705935 0.054135512518522604
0 0.0278226324558809 0.6439803604178758 0.02776273508823819 0.05736727916424843
0 0.18244113659666766 0.5688358261269104 0.02844334979789017 0.05670821638614816
0 0.6177803646527648 0.04576522325926 0.027970270694470434 0.05124355348148
0 0.5787134703752759 0.04500475252346599 0.027892423039944842 0.052513370736973465
0 0.7014443993196636 0.6401209613963436 0.028871305194717603 0.055772167548152306
0 0.6572392231437514 0.1175244207814902 0.027844769898905504 0.055016788303707785
0 0.6620085812327854 0.8708192735889199 0.029042886798499562 0.055128487414752285
0 0.9687588322921006 0.5613875115573218 0.02612205043792142 0.054668848549634524
0 0.3030905526471458 0.04384921768946452 0.02944423205529353 0.05379184650395577
0 0.5399904018558338 0.1158051896069776 0.02845485111122621 0.05600849656995023
0 0.460409446712198 0.11564832687180597 0.028476470366100456 0.05569477109960695
0 0.18596595622596865 0.04577387960106302 0.027919708027833508 0.0536701283868406
0 0.38094408251618644 0.4159586440913899 0.029448907725726427 0.05729231307146904
0 0.7412740017016425 0.7926677684444727 0.02897402453323107 0.05695153229623983
0 0.7401961067365737 0.5638906059778196 0.02887130519471774 0.056149857170374504
0 0.7021267571506652 0.8697854549906587 0.028459485698669656 0.05497309001868252
0 0.847306446275794 0.051073223100000884 0.027647889064576322 0.05178782990370174
0 0.9315219603160703 0.5616722181000198 0.027085544072047482 0.05498639147403447
0 0.22150118310657593 0.7971078911298124 0.02769131425613721 0.056805257980267
0 0.46055750601659423 0.5678362180483857 0.02907101203318861 0.05615943609677129
0 0.5399181882348835 0.043647834204613996 0.029030060078828884 0.05375348190433418
0 0.5791612931333752 0.11622882687180598 0.028788068556143475 0.05572607172673135
0 0.26039068365790247 0.6441793736979563 0.029039590513550907 0.05733574589913567
0 0.778930733902162 0.5637389852370568 0.028708827780098114 0.05509123644440471
0 0.3821832551047394 0.043584803150590365 0.02847299909721624 0.05390984463950582
0 0.6216489791765711 0.5659835714000199 0.02954828796720986 0.05706247795551567
0 0.7404953855255957 0.9424564859704041 0.02818669365299645 0.05513264881474707
0 0.9342323671198178 0.8595640154185492 0.026603779728622618 0.05402038299993836
0 0.380658484043104 0.6437015776878126 0.02887314290303827 0.05771309839955899
0 0.5000559970421152 0.043639759047832904 0.029329224190067373 0.053172481904334185
0 0.6213864885556252 0.9457162401927974 0.028609241163047056 0.05432524508474865
0 0.10613380535837523 0.3442727232540143 0.027873200778862278 0.056169745211839706
0 0.7341889996742353 0.11834959947778115 0.0272507609401396 0.05465280104443772
0 0.701059448583734 0.5648348300333752 0.02874298828274121 0.05552037446667079
0 0.8194130436784351 0.9392813913185523 0.02870547587545824 0.055580872711043526
0 0.5798490202905027 0.26467757368711287 0.02843639596759036 0.05720717935036632
0 0.7748569978704204 0.2660749896481569 0.028132053523229558 0.0562610552962786
0 0.6620746674449086 0.7190237974148403 0.029431693046699126 0.05343743976291162
0 0.30097759927769735 0.6446070195802914 0.02957704821058858 0.05788557289916606
0 0.7018179772211818 0.7933604494185468 0.028848559525894622 0.0568261357554989
0 0.30240588096016435 0.1162903627699545 0.029942912778841493 0.05785488016617285
0 0.6599276128489497 0.4140626986851994 0.028730457390124017 0.0563796026296011
0 0.540901915392011 0.33966700267844663 0.02898253300647455 0.05580632136769872
0 0.7014709390459135 0.9438648283983122 0.028011412940570406 0.05570606867371885
0 0.5820471565000062 0.7962626763128873 0.02952234182288174 0.057047849882723024
0 0.30094261589922006 0.49205767540550444 0.02919574410404888 0.0582516491889911
0 0.7390909364419067 0.4888147472296466 0.02807245063712559 0.05682219548144727
0 0.7405415386496954 0.7176254699000255 0.028278999901196124 0.05391409479254149
0 0.8186042760305291 0.7139989615703957 0.0286277435233643 0.05547383598513434
0 0.14749229506997308 0.0465223267480221 0.028495385762542985 0.053945163622201156
0 0.9245280867807275 0.19504301861852466 0.02695602349482673 0.05570482502961717
0 0.8182565137145116 0.6381380855111337 0.02780390197935249 0.056842277407362245
0 0.8929014235195917 0.48726234204075775 0.026577983841051287 0.05623531591848454
0 0.8186042760305291 0.8645812652592902 0.027344574403599144 0.05373136634067874
0 0.341447712297047 0.797812931048966 0.029413894682358093 0.058527166432477094
0 0.8965046895152572 0.8613155412037345 0.027753620969485675 0.05324295218512319
0 0.34301981018929306 0.04355901005742738 0.028666373597036016 0.05382236076916028
0 0.3009656957183331 0.7977824591517242 0.0298645784414452 0.05724436357943621
0 0.027739561766735678 0.7205879275488489 0.027442546583850924 0.05702273070226332
0 0.10457951082027012 0.6439201962178371 0.028307695602878803 0.057851516444186485
0 0.8092059640752745 0.050076826559260136 0.02676895199375628 0.05105400222962774
0 0.6619159661274431 0.9457240653495785 0.029644649809908028 0.05462332024152976
0 0.6219768084045653 0.7207895387666924 0.029562361863315668 0.05419919857031895
0 0.7375210579498422 0.3397402622481597 0.028268933364386257 0.05553726858516209
0 0.5819315655523819 0.8721543357311202 0.02943508716953409 0.05490962916488376
0 0.38141999156856216 0.19044158754428775 0.028529671685769326 0.056725824911424465
0 0.42090351776309637 0.5676019027631313 0.029340427385993 0.05638255273018637
0 0.3409844486993882 0.4919510034517518 0.02957704821058858 0.058954699575403974
0 0.4205868100880043 0.41555015714012367 0.028854743614487973 0.057322613698593344
0 0.6183665054608469 0.11707716850370703 0.028116017014822612 0.056136628399993456
0 0.02826764763876565 0.49347673631263306 0.027420388445233167 0.05803830528148578
0 0.5410537381501104 0.4145308695617331 0.0294301057645738 0.05726101244434463
0 0.5013831742840159 0.5670904269172764 0.030832160738663305 0.0573612964790096
0 0.9233603384329682 0.1234163320222258 0.02731518195081502 0.05320378438517799
0 0.1437674369269447 0.7965668633197911 0.028427607759045664 0.0581414650802863
0 0.3411517860917822 0.6438282222714359 0.02913337962141366 0.058160766869291725
0 0.8574870558428783 0.8629798773666977 0.027478402282501174 0.0532983144517899
0 0.22111483626639059 0.4930869761559296 0.02799695045844423 0.057561067808086654
0 0.4606595143952748 0.6428308276878125 0.028829637693319723 0.05689528495576321
0 0.22449379810551223 0.04559067532150166 0.02760806041501264 0.053303719827717866
0 0.3412218779596507 0.41647050935485846 0.029896238056320898 0.057060516525643874
0 0.18247335125209502 0.6442583275778682 0.02789159060435763 0.05762093064422526
0 0.6958305344206906 0.11783916213334204 0.027395660706987717 0.055646271007411534
0 0.5015666560944911 0.6436644931734385 0.03047948815011033 0.057717588809904144
0 0.9285551696883694 0.41373374176668093 0.025643054735824473 0.05421093030367502
0 0.1852494622503464 0.11890207040199163 0.0283547441740998 0.05727446490209856
0 0.42076696914038014 0.11603240855295396 0.02921506171923964 0.05589808477546516
0 0.817057937010511 0.5633240715444862 0.027459819162975914 0.05526858138518928
0 0.5004594424735407 0.33987124615407965 0.030136115052918362 0.057344507691840595
0 0.7767985058778769 0.4138219294148454 0.0279089283548937 0.05564627100741155
0 0.14420488980084786 0.3440462611240085 0.028994419254658378 0.05692595231185916
0 0.854475039847213 0.48811937647409115 0.027741898978020017 0.055683247051817826
0 0.02771462326234841 0.5691258261269105 0.028162905205560477 0.05668365070613288
0 0.4612290194359677 0.8729472304058387 0.02851116885070936 0.05405708442010869
0 0.4206587737089546 0.2655873792707932 0.029430452582090646 0.05789709114485146
0 0.5006436742840159 0.9477553153495785 0.028777451771060704 0.05473187243646503
0 0.5812829098634058 0.5658049884700058 0.029289193726787243 0.05761466801665743
0 0.9216891130650033 0.05262512828888975 0.026795703278368745 0.05111474405925698
0 0.5402341290129613 0.1903003751226783 0.028942305425481235 0.05616097522498664
0 0.6569535352731962 0.04647161980000075 0.028299929453607372 0.052152760399998485
0 0.9259660428485457 0.2679386964074163 0.026624012831049915 0.05419722794072287
0 0.07013297091590258 0.12081624168117625 0.026579162772355298 0.057239950957632006
0 0.7797322146020154 0.6385157751333559 0.028515352412133523 0.055583311999954685
0 0.029666379867889187 0.2703496031630877 0.02744500463373756 0.05704666231379381
0 0.4603840266668394 0.19003873456724754 0.028569557517283836 0.05620254380056285
0 0.26052327251358204 0.4928675239789841 0.029460436899702604 0.05773309298347447
0 0.22160894230010844 0.4177520782549817 0.027906832643202206 0.05652127781002136
0 0.2226725360567568 0.19264144073219905 0.028012921862108645 0.05629732994776558
0 0.34106228303678454 0.5679353636558022 0.02942137953579599 0.05666371384060843
0 0.18335459183673466 0.3431665941187851 0.028267647638765638 0.05667803250145096
0 0.5000359818104751 0.11547857595745556 0.02957704821058858 0.05620254380056285
0 0.5419009335815358 0.7217442653268432 0.028965587998914712 0.05402467185481093
0 0.5014150833363917 0.8731662981527297 0.03003241539201101 0.05439173041913259
0 0.3011062032488052 0.4168373755460183 0.029834256152804342 0.05718331937868467
0 0.3019465436105792 0.1913888597763998 0.0296469127788415 0.05715228044720046
0 0.028414132455880894 0.41921461109498936 0.028021452331657287 0.05733036360998255
0 0.9339846980000526 0.7860520704926205 0.02726329369688091 0.05681337662957345
0 0.8965185134113628 0.936078865533367 0.028037902585650146 0.05446347585178456
0 0.699440508837346 0.41381065560371794 0.028713031589378206 0.056127309548119564
0 0.5808322474476303 0.4141546130373662 0.029107505104739372 0.05735577392526754
0 0.46116030608479114 0.7973629312511643 0.02857596173184988 0.056832391272855415
0 0.38101177573262035 0.5681760109583863 0.028324466941568465 0.05660708256449258
0 0.5007876015259166 0.19001795027945942 0.02992886970626605 0.05616097522498664
0 0.7381109569169552 0.4138848776852158 0.02726734379501119 0.055772167548152306
0 0.5414173790129614 0.9477946209332588 0.028862042313169817 0.05481048360382565
0 0.027803991077590462 0.8694924076707293 0.02818759370994775 0.05345569945830909
0 0.9668977118167363 0.48694785068890584 0.02508135798269122 0.05610991937774381
0 0.9726637960255086 0.9326013112185676 0.027292232388074995 0.05444303131107348
0 0.8960049171040668 0.7123855757815342 0.027395660706987717 0.056023960629633815
0 0.18244138659666764 0.49361597112594313 0.028751944050083786 0.05861905774811371
0 0.3418406264107474 0.19106821028194398 0.028954373511418278 0.05681644622292818
0 0.26239903908062084 0.11720650706387267 0.029475921838758364 0.05693798587225463
0 0.8575329589669782 0.7132298667592846 0.028596743826513015 0.05594999101476386
0 0.06919461488218474 0.19506646029212615 0.027167204722468676 0.05641266521570904
0 0.42085513349114295 0.7229748271982587 0.029557473677211676 0.05461445008474824
0 0.06674097609188602 0.5689869675469144 0.027651576555259766 0.05701049922615612
0 0.10479848725722173 0.720754225478816 0.027359224341910685 0.05644847804217442
0 0.8191051475384645 0.7902345874703987 0.028474634331446477 0.05586206657031406
0 0.8949969657995329 0.6358932493481707 0.027689462513497343 0.05562591514069581
0 0.6196372784406415 0.2648650069444532 0.028604492382787297 0.05711439994813067
0 0.029601950557034403 0.3450650288740568 0.027162098885931178 0.056242942251886245
0 0.5820512292581054 0.6418912627465392 0.029818341822881633 0.05812507576117019
0 0.6986535064841742 0.33948002210743256 0.0279089283548937 0.05552037446667079
0 0.38090427794761195 0.34073392099729866 0.028937516862875462 0.0568104586325272
0 0.3414162138031414 0.26653329344472615 0.029973572393717195 0.05776341311054771
0 0.9629238189812471 0.26887189467778666 0.02573080541413978 0.054049279829611684
0 0.5813908552948314 0.9470785268155327 0.028353666654432834 0.055072844427687236
0 0.7781338623942268 0.4885874455000169 0.02852657079596935 0.056115798940706514
0 0.5805920930486019 0.33940022814878995 0.029058978032384976 0.05696732136769885
0 0.9304439127042403 0.48692310933705396 0.02723915326396524 0.055556850511076984
0 0.8164263199627111 0.48851078166298 0.02760807109911785 0.056717850511076986
0 0.14579520320210462 0.19393945834987933 0.029459924920998058 0.055838717536732155
0 0.5017110833363917 0.7225285088024764 0.029904779182507654 0.054745884276420555
0 0.5405701835815359 0.2648031357951601 0.028894778353126902 0.05717587872324194
0 0.8938654781155506 0.5620148905852048 0.027479557737157035 0.054412771036997216
0 0.30137837342969226 0.34183045949537216 0.029444584465822998 0.05623629242141923
0 0.10508016398008478 0.4942840746759528 0.028230672039830405 0.05844385064809435
0 0.027668585329784088 0.7959346082898047 0.027608687962141377 0.057481520700328984
0 0.6597475336209556 0.3393868139777893 0.029011883494018374 0.05634113053331032
0 0.9724313106555842 0.8578625859114976 0.026344371065196312 0.05207491775735256
0 0.8557474905831426 0.5627565542629828 0.027848779122325293 0.05488892606662707
0 0.8579874273508138 0.9371869430481818 0.02822251147441919 0.054917079311043886
0 0.8535627475672716 0.4141743796592736 0.027713751185808676 0.05408503376293433
0 0.7725709079786492 0.11990225466667004 0.027281064187006536 0.05398121519999297
0 0.8124816508429458 0.2668298688926014 0.026391212282366443 0.055504676051834186
0 0.6589956374809849 0.2649277052148235 0.027764725038030073 0.05698800340738985
0 0.8143703938588167 0.3403202622481597 0.02734572625062497 0.05518651009627311
0 0.1436904133638963 0.4943596453859547 0.028889749137336093 0.0582927092280905
0 0.3809402597580871 0.26602666684918375 0.029009480483825796 0.057645966928756884
0 0.42090636494723593 0.7976355357324297 0.029189214336709172 0.05737760023538633
0 0.1845179547198742 0.19338963787915814 0.02829274718628866 0.056266400418486746
0 0.14651954205778422 0.11946710563735223 0.0288849098600538 0.05657174678498335
0 0.6968713150855456 0.19152525148148752 0.027680785269026145 0.055215910874061934
0 0.03157480659075224 0.12132092097117432 0.027410679927043276 0.05643561249758174
0 0.541505133666309 0.5665412275444006 0.02932540610366645 0.057110172262914725
0 0.460341305849347 0.33994185236488444 0.02963553381750449 0.056638445583793356
0 0.4611023960678092 0.9478878722088157 0.028993503043322478 0.05504507270061404
0 0.7803045315139919 0.7912939322815097 0.028761767852250753 0.055966411540684276
0 0.5822709428790558 0.7215243715376479 0.029969914580980923 0.054714583649296
0 0.9722743507339935 0.7841475736760751 0.02687550974231756 0.055307595976405624
0 0.7799422702213017 0.7164772133556085 0.02867882982675301 0.05489089176296701
0 0.2607101896822802 0.4173564741194978 0.029678602562306332 0.057610586996364996
0 0.6202397709297715 0.41402095462594246 0.02895966832420029 0.05701077215558795
0 0.06829502062999113 0.34488982177403754 0.02721658173124322 0.05619481089185527
0 0.26193970173103565 0.1919843245410392 0.02980259653792861 0.05712135091792162
0 0.22362987792462524 0.11845933801967194 0.027748244150749505 0.056999929666737954
0 0.22194477524037837 0.34299317922635963 0.027802749627692414 0.05611801376627876
0 0.07136534792467712 0.04800236656026311 0.026425115646258514 0.05277828699941961
0 0.7354026511460945 0.1922176824555617 0.027753310204210093 0.054586428170358185
0 0.1440307222715173 0.4184832196749855 0.02864608419599724 0.056774429289997964
0 0.1090052766193434 0.048205263010253435 0.027762352509119584 0.051672665699361575
0 0.3412452077787636 0.7223632402480373 0.029320222995376573 0.05516726615144947
0 0.5815796429638289 0.4902344358178953 0.029594805443832004 0.0578532786777716
0 0.9330564254372878 0.7103712311296824 0.027203185339022856 0.05552037446667079
0 0.8900362297677912 0.3404709001407523 0.026493540464417528 0.05498419971849534
0 0.4206911827613305 0.19051219375509248 0.028775634477338947 0.05601976280337723
0 0.18268750958789315 0.7971711789998066 0.02909014290643793 0.05783868224027865
0 0.03037996233855861 0.19543203100212808 0.02810193394459233 0.05593467527568189
0 0.26151161287535607 0.2671135434447261 0.03003609955011753 0.05861844834590828
0 0.3809241646062761 0.7978662073714806 0.02861996694156856 0.057531047994753344
0 0.857686068158896 0.7887341047666948 0.028518011474419215 0.05613441122216593
0 0.8498564569395709 0.1932522859148209 0.02748691700109258 0.055648462762950685
0 0.22244275284484505 0.2677398662064331 0.027553355438285146 0.05773284051684637
0 0.10711647029971409 0.1948512810021281 0.028298059400571826 0.05719143799574382
0 0.10666062604752047 0.269971749613078 0.028156606526668626 0.05750008657380545
0 0.14352402198560582 0.5694764903269491 0.028248872128561583 0.05587356490617137
0 0.032564018658187914 0.04853136153027666 0.028002679927043278 0.05323171125943122
0 0.5419292698758124 0.6435308559086101 0.029310115071269134 0.058862438496341846
0 0.7363259118098715 0.26627461024445326 0.026905176380256916 0.05514953799998234
0 0.9642140250490651 0.3412402449518634 0.024846660926409747 0.05425675160738406
0 0.46088571810405626 0.7221871928826874 0.029752767363570975 0.05334707697234022
0 0.22130084804791483 0.5686088639969047 0.027906832643202175 0.0559520092861289
0 0.10799039702257715 0.12009713310118013 0.028043300207039313 0.0573131479976785
0 0.14352402198560582 0.6442583275778682 0.028556966380755184 0.057923213484233085
0 0.8890347367519204 0.26701896370371253 0.02731352649615923 0.055631072592574896
0 0.2608733508266006 0.34219682568653204 0.029537918826569504 0.056663560039099496
0 0.8484185008717529 0.12162634931852202 0.02756229384091647 0.05390430136295593
0 0.697815686593481 0.2651168000259347 0.027901408429202215 0.056359020703686126
0 0.2617919517310357 0.9476892031646149 0.02872875316396582 0.055869593670770136
0 0.965580785712842 0.4133563021444587 0.024885527102456718 0.054715016466638004
0 0.8153898171548161 0.41401077422595656 0.027331502250999385 0.05526858138518928
0 0.46019380584934705 0.26516424200596483 0.02905267933370319 0.05818051598807028
0 0.42147673340571934 0.9484528650762134 0.029288870538146723 0.054647734612212506
0 0.4207377029279708 0.6435059470862308 0.02963642738599296 0.0570139416776611
0 0.06693347628906636 0.4935523070226349 0.027728482697426803 0.05788716386148193
0 0.851520395359483 0.2667674206222311 0.02824845560138618 0.056135158755537914
0 0.9618049774372354 0.19558456170000615 0.02605946056564655 0.05628432502961719
0 0.7756412232383851 0.34015615878890043 0.02764743366753485 0.05561368242219905
0 0.3416849577359548 0.8729419311482419 0.02911004218621087 0.05452546048813274
0 0.14518836585251949 0.26870181106240637 0.029024593595790613 0.057823941640956535
0 0.18364636586419464 0.26842702582704575 0.028417593572440367 0.05788530069951422
0 0.4210218281753942 0.8733233164657905 0.02910632595790013 0.054805402334771776
0 0.5010473697154415 0.4146796571401237 0.0304484060853157 0.057558587601125775
0 0.5005755334211649 0.264599392319527 0.03008044246436534 0.057050816615194656
0 0.30102045023661633 0.7224091769099183 0.029351412778841405 0.05678646329840864
0 0.8522582176033477 0.3405093570592708 0.027799346409468257 0.05506111355553238
0 0.6189048153886944 0.19035347569630226 0.02867936922261139 0.055642083199987924
0 0.06638807293207137 0.6440949033178565 0.02833219437050181 0.057596364964209786
0 0.2604605993205062 0.5687751195589088 0.029490759188343457 0.05651043705898522
0 0.34137754663444325 0.3412347447307328 0.029429232031943187 0.056572186715337355
0 0.06670851143645865 0.7961736032598182 0.027894741496598634 0.057657227800348244
0 0.3808757803343226 0.7228620622811056 0.028366290980098647 0.05408102473170764
0 0.7738929432744615 0.19250793245556166 0.02838533183491284 0.05541872125183967
0 0.6579299860091258 0.19092051012963568 0.028713027981748167 0.05551718665924718
0 0.3016391911455658 0.8727128325747625 0.02856520182443686 0.05376179857653427
0 0.38129502113091807 0.8738999121304677 0.029047865155726698 0.05565069814539138
0 0.06613083471359558 0.7204124704488296 0.027971765059647057 0.05606725082220937
0 0.620177016124624 0.33940052954445593 0.0289140662788932 0.05611676858516212
0 0.10564574645075421 0.419087785355001 0.027975412846297943 0.05647214644999034
0 0.260904525525771 0.7217520607187586 0.028977593525739802 0.0557776956807284
0 0.810369530987251 0.120618926992596 0.026658064490155196 0.05440738752591895
0 0.22119135982943902 0.64433389828787 0.02784190333234744 0.05807435490423687
0 0.1435101987084689 0.720953748258851 0.02852931982648133 0.05624295792222876
0 0.18289093372276444 0.417954224704972 0.028418661293502914 0.05632100502998642
0 0.22181582448486642 0.8717597789707876 0.028320597012718142 0.0543630479783324
0 0.8864849760881434 0.12186711661481825 0.026833413999760122 0.05463762903702991
0 0.2611690270318654 0.7970796986666463 0.029195259188343533 0.05706070166783778
0 0.18256444809228037 0.7213075361288451 0.028381878536922 0.056345967982201636
0 0.9276693474445045 0.34061026224815966 0.02720764995948385 0.05526292393331013
0 0.10510658150941535 0.5692139296769201 0.027667318594104307 0.056557574966144206
0 0.06668382293207138 0.870236331930741 0.02769131736172729 0.054943547978332265
0 0.2212378977620033 0.721307536128845 0.02762688494528241 0.055136836622170594
0 0.9347188463199277 0.9340519811914678 0.027833371952795793 0.054941982634653455
0 0.8117632616871042 0.19298702726667274 0.027264138386261055 0.054110773140728395
0 0.8565474666712859 0.6370994444185657 0.027780611442917307 0.055016788303707764
0 0.8878911029279672 0.19437482899630243 0.02720764635185395 0.0556274111925802
0 0.26163628305624304 0.8720561428200506 0.028728753163965753 0.053059348596389444
0 0.18348873084886128 0.8712548496807894 0.028535925663018828 0.05456232075836708
0 0.3016587860801071 0.9472312560176558 0.02984974109186007 0.056786487964688284
0 0.027805506260475205 0.9445583043141808 0.028498718327910868 0.054864335461404526
0 0.3814775602009683 0.9473225869734552 0.02805887357368579 0.05391450222989292
0 0.14393555733017843 0.8714057411007932 0.027993612935029052 0.055166386438382516
0 0.34142413247793396 0.9483764988850536 0.029211066369339456 0.05449500222989292
0 0.10544525781327023 0.9455407235442059 0.028036576949620414 0.05592232540143152
0 0.1833097452183772 0.9463115304217451 0.029410331410825212 0.05685937347649453
0 0.10495833150941536 0.8702481147707488 0.02814105422458838 0.05466483081834013
0 0.14403097227151726 0.9464111668117625 0.02833848994380357 0.05584951489649817
0 0.22252138080449568 0.9460092475817372 0.02757504988662123 0.055952524956471045
0 0.06666389381839692 0.9447094457341846 0.028421694764862466 0.05516661830141222
1 0.06567809159025928 0.5978638879377055 0.006824088928324956 0.004939664635325934
1 0.5004903176808859 0.4884816143029825 0.007367144668467268 0.006091280800900349
1 0.6560415430076584 0.2018127237851928 0.00675813527938775 0.006041896000015105
1 0.5374025774022716 0.19101051602937502 0.007233373078841229 0.005681907842655522
1 0.1051046145371192 0.1366076845618108 0.0028379463176575006 0.006396257883536476
1 0.5394450680955762 0.5868304749150255 0.007034427223550065 0.005113975927518379
1 0.6964475481879727 0.5759641383555771 0.003706173576532288 0.011355759733376205
1 0.923272260899078 0.12035709294815705 0.006480004054814391 0.006294827037037507
1 0.3798791353892981 0.18874397192661757 0.0029057073271920347 0.013039244480359487
1 0.29975923036239666 0.9605646133656108 0.005394442651660236 0.005437043849466971
1 0.14571773332788496 0.05501405741973914 0.0033854365338812885 0.011241396722363075
1 0.6606294744434414 0.6429260233815056 0.0023299981509530662 0.01138590902967754
1 0.5789318231636142 0.19703551941812014 0.002471301150122659 0.013684064933707881
1 0.5008296950075597 0.7324556530979182 0.006400535531318296 0.006455757136522684
1 0.6199921277191156 0.7257665714481752 0.002636720142418688 0.014657970570424663
1 0.6545979777479226 0.26990448789630656 0.00374268784793938 0.01262504497779812
1 0.2991447243380189 0.8849771973149646 0.005222436627282521 0.007545070806732544
1 0.37828450313540246 0.5850322308181092 0.007570117260051301 0.005435984042545023
1 0.29833530867541525 0.12146812532455631 0.006996936627282579 0.004795673473439825
1 0.4569212510014615 0.8072664347203772 0.00689022425561155 0.004952914253407193
1 0.7867006681156853 0.7457677429778057 0.00553826563974651 0.009151279674129315
1 0.4598192452390035 0.5709820648872449 0.004175045972630447 0.010928070105877642
1 0.10336887631864339 0.2027140848326562 0.006463469880705914 0.007187906945250543
1 0.49926718612473026 0.34792400318469313 0.005063808798056444 0.010430156682948454
1 0.024831862290696324 0.42280866900644043 0.0026334091058418272 0.014307513427131758
1 0.5410841133574555 0.42337594522476074 0.007642372231109688 0.004975066860551323
1 0.3428330812785068 0.19655136519839936 0.002373813158673087 0.012554477044322932
1 0.26474941860474166 0.9545008776308153 0.0058301685346908065 0.010538825732351684
1 0.662188960475183 0.8016382232926227 0.003702118006648123 0.012479757281540991
1 0.4622230444233231 0.3429267923308946 0.008052034701937516 0.005456061699943309
1 0.3001486520493781 0.3507344930201301 0.007261966749171048 0.006292873629226852
1 0.7348067964335596 0.4158362740666975 0.00269465515150698 0.013596826400000997
1 0.8126797854172321 0.42612643812594186 0.00760145097876934 0.005857945437068717
1 0.5761457597122102 0.8020564643975242 0.005308810456817922 0.010161105206078507
1 0.4208212808963213 0.27090332419335933 0.003491725922231798 0.011397249640967498
1 0.8526005354358597 0.04718308577846564 0.006031999919667279 0.00938625566231739
1 0.4263176984076609 0.4256507442840742 0.007611251299123339 0.006638815292740443
1 0.5851329635842488 0.7267871491047838 0.0046056717408215824 0.00988486951266178
1 0.41985367175917226 0.4818770407140123 0.007010143857437285 0.007156159720427683
1 0.49792746362095025 0.809406655678222 0.0037132910323973397 0.01212378839459833
1 0.9610885660519324 0.27538736698149197 0.002319913720029027 0.012234596229650334
1 0.1881869302474613 0.9566072534822984 0.007819671990535378 0.006281527084542645
1 0.41981818994869713 0.1209945724214965 0.00722503472028829 0.007043197037928289
1 0.6580687783072501 0.9454466491047838 0.0028052114373941753 0.013995899463816412
1 0.4153699764848737 0.7189795396911962 0.0027522491238681102 0.014031542120107087
1 0.693200037725172 0.12514116149630555 0.006351687142837862 0.008309171688889505
1 0.4617508811414653 0.19359214520202556 0.002951417105824811 0.016052015874394466
1 0.816818857661097 0.4974070124555742 0.003686081498241111 0.012610094096333466
1 0.8911763353394372 0.7817596890941247 0.00677003300978736 0.007417657174829632
1 0.3777745540283233 0.8794097626529664 0.007962385803958333 0.005992943230994258
1 0.7342058772643923 0.3451603726037167 0.007617683937160638 0.008153262822247927
1 0.3801474459002837 0.810820526162652 0.0057271207410423755 0.0076973879683667175
1 0.5400090587888811 0.1319528258102416 0.008353208949251949 0.006026128658637376
1 0.6955918774159667 0.19699778432222967 0.008625437919957277 0.007866189400014855
1 0.6225404606267575 0.26218021242963957 0.005880653605609043 0.011455252533353064
1 0.14411257598836635 0.5795938826175276 0.002615822094055025 0.01397193683497775
1 0.5805109500664224 0.35285010782768694 0.005789773230036783 0.010180392066403728
1 0.22510841859306652 0.1254084877355897 0.006032481763414761 0.009133539236949016
1 0.6559504145155939 0.054668083614817016 0.007710293735375958 0.0067404433333375265
1 0.25610979059060696 0.19575727375752208 0.008165231782873374 0.006506040810092541
1 0.026743945652173914 0.6461293914683691 0.01429284417825101 0.012696237376668687
1 0.33917482224194023 0.05606826169930049 0.007666638459502773 0.006078340516846373
1 0.7006424186198104 0.4208721356963274 0.00404198272726047 0.013093240237037972
1 0.21896559573104601 0.42168133149545367 0.007727144335995316 0.007563531630876453
1 0.26983212794408384 0.13116650870574578 0.007184231790656791 0.005865045941900575
1 0.22138097273982052 0.7356597618494874 0.008133992605737985 0.0059367154188430535
1 0.7352464864563102 0.19895212048519267 0.008359437616808605 0.006223654807422325
1 0.7446230401997637 0.49729133592596275 0.003849507359295743 0.014100412562963955
1 0.33672296681922187 0.11424388958976081 0.004319909540933136 0.008552878180651853
1 0.6232585997825991 0.6480449284111353 0.008293882653221398 0.007694719088937053
1 0.8100325860797962 0.34193500465187715 0.004426933463190058 0.012589654074075014
1 0.6931006660162602 0.06198698832592851 0.005138944528919669 0.013505045837042018
1 0.500863563451404 0.276884373857062 0.003598181047516838 0.014403667004164325
1 0.22131147532781228 0.797428068630296 0.0031894322685596037 0.012986288740568785
1 0.6988174796237555 0.2657329967037138 0.005253839391816286 0.012155269511131129
1 0.4603397720043163 0.12417942706449032 0.005341853654420755 0.011688056637478083
1 0.3790439852197517 0.47822184786550365 0.007022770778595998 0.007970774023410137
1 0.92522909380672 0.27627995865557603 0.004106141183248667 0.011960171370371267
1 0.5807909090340251 0.2665337440800223 0.007244836681440845 0.009404265825323109
1 0.18083735812875873 0.34995288566453864 0.008500527753130229 0.006529225769007558
1 0.7749591447607241 0.6367891702407645 0.007720704961565902 0.007796651177825109
1 0.2618229908933825 0.28052372461587805 0.0067016263640467975 0.006811548232886256
1 0.11020347200039436 0.04902096063068292 0.008353038252982337 0.006245658541303926
1 0.177554851523218 0.5035576563165022 0.0069010432810805294 0.007043615592958111
1 0.8509277676177516 0.4145943955222377 0.007838999939691022 0.00726782563706798
1 0.1856932529187876 0.20304211855087517 0.007962487764442227 0.006598659926077499
1 0.2607411550498918 0.04803417739102545 0.007775617327480221 0.01206617190029629
1 0.4960420008477314 0.19483995690196898 0.003310326563715502 0.015815791220258908
1 0.6111197295517375 0.03797842906296463 0.004855170128015338 0.01418506504444778
1 0.8866665330866761 0.2014671115185263 0.0034712139655635934 0.016553050711126595
1 0.42269590779912936 0.3516573774007877 0.00823417938875549 0.006917356055824101
1 0.2573162966149846 0.7989581655008093 0.00855425588038422 0.006995542413782569
1 0.42455137799078435 0.9522100995280569 0.008927412607605933 0.006872833292604728
1 0.22068196354628808 0.354136214064616 0.004756550083801696 0.010253882569162346
1 0.7784980023004013 0.49462332299261114 0.005903983273248797 0.010371887496333188
1 0.14019807857635808 0.8862660197813891 0.008442204278812974 0.006100191042754981
1 0.6165424709153678 0.35111940671853187 0.003376821975041033 0.016882227274100662
1 0.6960018704318377 0.6379604460259498 0.008960304096004068 0.008727409666714007
1 0.17834495755693577 0.6553338234184563 0.00824772660948442 0.007890101276842693
1 0.3000162393989632 0.1981855694779607 0.00830513542396372 0.007147815132724433
1 0.6206908337869336 0.12429534756667165 0.0031640616864307453 0.018058178155565322
1 0.2249139065443111 0.27262740792528334 0.003463801039866783 0.01588395679200897
1 0.46007098491570536 0.9554174176008797 0.003269042170643976 0.015425970614289635
1 0.5820256818768975 0.5754021333207654 0.003623873060490462 0.013284567268655175
1 0.5387335774022717 0.8112578174727072 0.004139591353139122 0.014917236199663234
1 0.1446355736896589 0.12589740677979044 0.008818797980977355 0.006628377325350526
1 0.4947096184438443 0.050468735024422715 0.004823673436284518 0.014507920989531952
1 0.2217675695800059 0.9579403369123622 0.003509620772946885 0.014497542464693461
1 0.6193527968388808 0.41726590401112673 0.009176375293925943 0.008975014940771863
1 0.7765861447607242 0.2608029364851952 0.0035684865777299755 0.017483114481501378
1 0.7804511537722606 0.8606345655555877 0.005590553864873256 0.012578027970434481
1 0.14269805630725502 0.28381715964472676 0.008646447201178301 0.006944902997255598
1 0.14467667943409246 0.9511719478622558 0.007649500246475414 0.009595067324434235
1 0.4589686404481606 0.2730364108310634 0.003766299509711962 0.01503897197568891
1 0.5818781818768975 0.4164341706951041 0.0036310185766890873 0.016316792330894662
1 0.809541630265725 0.12394189929630128 0.003099140675755259 0.017002523125935552
1 0.33938499543501605 0.7263191013761187 0.008647310146484174 0.00931616081192544
1 0.21682686136147822 0.043330068332467844 0.003448349227105102 0.01658695378318111
1 0.5785842740777682 0.957104608749804 0.00877956175594116 0.008472745296567297
1 0.540771995337477 0.9565304646015763 0.004236645497847916 0.0172465043599335
1 0.9303766987503855 0.4900359352592777 0.0097222283810063 0.00620162964448073
1 0.2937739336734694 0.41819670143873905 0.0031991866233907888 0.01646421999572346
1 0.21952488107561866 0.49992451489649836 0.005684290890269188 0.011287070032888454
1 0.5055072533817504 0.9528667667965116 0.009998870553997596 0.007910834220147302
1 0.25941814751941966 0.8867488344762806 0.008864945640498771 0.009194697482970455
1 0.6171250062111802 0.8772333407037365 0.005547991094806336 0.011861785185250393
1 0.5793317728245218 0.8767402430752959 0.006133146327228614 0.013302963188746159
1 0.4199404716927499 0.19893511712864315 0.005109417087473921 0.014686091847383289
1 0.14534322397219757 0.8020320964403173 0.008935212313911083 0.007103344360611463
1 0.33817082073584576 0.34980309159360967 0.008273623398558553 0.009377535540825346
1 0.6174975608071389 0.8036829388592891 0.008139121614277949 0.007634946903763209
1 0.8906797652570411 0.3448935733592848 0.007634856262603154 0.00944224055555631
1 0.349005471341397 0.9609308948208448 0.0063742438861128445 0.016617606759935063
1 0.7373972224880521 0.8045017663741041 0.009447275856338923 0.00650087803709662
1 0.10252013810016761 0.9562293999322886 0.008777134822044765 0.006432668504546426
1 0.8801538479712453 0.1293375887592644 0.0037932099107490717 0.016282867459269317
1 0.3401864924228272 0.8009289293383633 0.00455361737418082 0.014967140559611427
1 0.8127050776971733 0.5724253196481696 0.00909066936260483 0.008109880807449985
1 0.5420637677564838 0.2755467539931343 0.006258772400656097 0.012277684397298351
1 0.07248676974267967 0.07392915559102341 0.006146691215616695 0.009631048461984926
1 0.6600942744352291 0.3497405901778036 0.006223370230861467 0.012589654074075014
1 0.1842299140631081 0.04249033259767236 0.00917681005308305 0.007269693725753739
1 0.9735647586452505 0.9289504542385729 0.007364081391207843 0.00710673125895741
1 0.7317592697741173 0.12847741982593544 0.007506539350626625 0.00944224055555626
1 0.37352795391791543 0.04719787385706198 0.007548144723519423 0.008622950222621415
1 0.10217175638371291 0.34634056393886636 0.003620107463275159 0.014358434900367598
1 0.8452234991893577 0.2609205806852045 0.00795564854254441 0.009442240555556244
1 0.6924717275963482 0.49459270207779654 0.0042154338651427346 0.01899409409633348
1 0.3799672170302269 0.1254508388589754 0.00431274370624163 0.015923429285761747
1 0.6972352049917203 0.7152691323037305 0.009444923951698912 0.007200230651904785
1 0.29916790656766135 0.2628371935882946 0.009379126387397076 0.0091944157069982
1 0.3391047303740718 0.6494486324724318 0.004226442675010477 0.01643401159238787
1 0.5827973409292735 0.5053231586588633 0.0035198273747455034 0.015901617944850777
1 0.41501096365765183 0.04084781113685888 0.004317817257020246 0.016239428485087255
1 0.5387575909384488 0.8781682676049526 0.004955127732188866 0.01609541099381075
1 0.1830857288212768 0.268931316484406 0.005394102219835352 0.01411219673458164
1 0.9645885574155627 0.4921867022370556 0.0027623118874069907 0.016755887496333263
1 0.7006262825275565 0.9544201034342155 0.008508292636106618 0.005933860317615025
1 0.8504128222137105 0.6431038424074312 0.008997207659749698 0.008260547081529268
1 0.18358724691905748 0.7423672366995552 0.008084305333727657 0.005822210679048283
1 0.1445749673666568 0.35197838832462763 0.0033855577245391097 0.014569534049139115
1 0.4583256176052881 0.049401816705570714 0.007355181065867653 0.012122960135733413
1 0.4994904725037799 0.5761942019531796 0.004473308798056388 0.013959828749578025
1 0.8915065650780071 0.6469995491666907 0.008162644124272221 0.006260374437085131
1 0.4605279085561222 0.7368219239455733 0.008149909694681705 0.007288952372412031
1 0.7379330287362516 0.26672620346297315 0.0034996207048319876 0.018729820762983414
1 0.7014440448834915 0.34747599304075394 0.0047484346154758154 0.01585988294076687
1 0.5387897499908246 0.3439626600226222 0.0066179365302452406 0.012139496456274313
1 0.34024502249412353 0.4178757980266976 0.008172605426609974 0.012524055350215346
1 0.7772255515644718 0.4092094818444599 0.007422349449295761 0.009728481303734129
1 0.8111383047173787 0.04790908377407614 0.0076048064910392505 0.01194927132592977
1 0.49936673603995707 0.8774145747564439 0.007167544838013577 0.011954299826450172
1 0.8162791199771146 0.862599677503736 0.002840803186558046 0.015446217274138368
1 0.02818739192053633 0.05305052394080093 0.003395501084491766 0.015114370961501268
1 0.6222728646301489 0.49590647397781445 0.006415845598826193 0.012337860992593501
1 0.0686449777925663 0.2695395936834978 0.008746719954648529 0.006541338846972381
1 0.6230114547105946 0.9503727537477776 0.004698345969785586 0.014875834220147405
1 0.8462574223940921 0.13105384740741252 0.008967408020512598 0.010584212429639582
1 0.018162002471400544 0.20076795618977436 0.00448567506012338 0.015557346699533327
1 0.6998493741114856 0.8019421888592891 0.010119163663088368 0.00809492992598533
1 0.45894632977879185 0.8740801395405583 0.006448937304895396 0.010186383562381983
1 0.6572318299557113 0.8725935304852178 0.0037359768233992895 0.01736450940006524
1 0.25967448035072155 0.425649828114977 0.008507948652687673 0.007667261936035703
1 0.2965992996388487 0.05409762075785808 0.006110231806223668 0.014601593869322171
1 0.2203965787735384 0.8815471990713871 0.009178497781721357 0.010399024182627448
1 0.7374808140320637 0.5688308886740954 0.00838187438447972 0.010011088044486713
1 0.34156820622986034 0.8845495922045392 0.007394262052647145 0.010538534380059247
1 0.22166055413378166 0.1971315728304365 0.003899427544015347 0.01841975136695479
1 0.967780404770959 0.8554816894713776 0.007826305730100297 0.007882487900790044
1 0.18279040502654154 0.1170542662659987 0.009098123305157326 0.008430490591685267
1 0.6601263536632233 0.42836297987040206 0.007570697806614822 0.01271555061481577
1 0.09512698609878732 0.8033531470303734 0.004923736567090622 0.012925162700715847
1 0.020996685029084094 0.8741749943412652 0.008071945923296856 0.00882016028245325
1 0.4224282313607716 0.8126543562982338 0.0038557588756642502 0.01665344396532473
1 0.026816401114068814 0.1301899597117431 0.009218425219363106 0.007744959663377839
1 0.3019543267485484 0.8078014712786754 0.0038062860256230908 0.017411689204875083
1 0.7365645903163395 0.6388662131629869 0.00585154680872626 0.013462495511158827
1 0.3375246400122978 0.2730546755429636 0.0052072619514625116 0.015945815850566612
1 0.1816860963472345 0.8020893869704006 0.00418425017253285 0.01696409702070038
1 0.7735727010089237 0.34877291536668004 0.004077746866340557 0.01855369300002644
1 0.8167251236567624 0.6355686617518754 0.008749592162018012 0.007216151177824976
1 0.7383430217521224 0.04110135122963151 0.005759240560526719 0.016248392400003527
1 0.2602040571576456 0.5770077797599047 0.005736439616121091 0.012859841402694226
1 0.889441348346412 0.42102883466668256 0.003695844485035198 0.016304945437068716
1 0.10300967603273192 0.8845854339814277 0.004254975056689347 0.014902453762816943
1 0.5412318633574554 0.7300796270004504 0.005044036360699038 0.017421155882274008
1 0.9272191105108553 0.19264503432222968 0.005258784254039188 0.012794793177792365
1 0.7432952930796766 0.9454923980555908 0.00522183247970493 0.014081658377848185
1 0.8131322501214199 0.20183108557408194 0.003873549506909901 0.01960199882223782
1 0.38200613496543223 0.35229351309780516 0.004984506818553235 0.018071777763421094
1 0.9227018744791134 0.34091540735556836 0.009032262926485013 0.006823263140766092
1 0.7757679124086302 0.2082858698481562 0.007386338785518772 0.013239050392608386
1 0.4623825126976211 0.4209212377597073 0.005286335041030059 0.017227527714349915
1 0.17634544759932957 0.4280325014509576 0.005314625850340136 0.0151141420003869
1 0.09980246396529627 0.28418511675372415 0.007280362417430763 0.00959455658734763
1 0.10469814729370007 0.7320658426194622 0.0070399175786256705 0.009799442638808371
1 0.1806726957754116 0.5630410616173341 0.003592250172532798 0.016547011994583076
1 0.8535101075095226 0.8717781427518844 0.008320264283115822 0.009930733933398064
1 0.9594783936276858 0.4196961452037195 0.011057885783512527 0.008395014940771885
1 0.37960349853370023 0.738100800771971 0.005402848716144179 0.014275959800391563
1 0.3051028191597005 0.6514799767846778 0.004670060243777143 0.013898646791092695
1 0.7749521078126712 0.5615714924518729 0.008504680329530615 0.010429467925967764
1 0.26206448637509927 0.6529613120017105 0.006062966725820734 0.01246330018022424
1 0.06661471859903381 0.8801118555813503 0.00849391881100266 0.008433185722576923
1 0.8900131652583885 0.8628517205852174 0.0034504290449178317 0.017208268844508993
1 0.14526643990929705 0.6533087879667248 0.006469979296066252 0.012242455020313407
1 0.8490154100780744 0.19686550821852616 0.004991235596266082 0.01996501643705233
1 0.338182412553122 0.5773284051684638 0.009340120487554286 0.008247548645263772
1 0.1815199549689441 0.8831739061714065 0.005132721433500964 0.013795832462758686
1 0.9261593914185496 0.4099820849222526 0.007121588614697037 0.010952999044445251
1 0.7366343579642456 0.7179374510111379 0.004428842393148746 0.016719385044498204
1 0.3797933225722303 0.6521591930662698 0.004395570968832631 0.017432430945193294
1 0.26177633125515654 0.35991402782784004 0.009129975762387343 0.009316337538564872
1 0.6998063264996557 0.8795624267074402 0.0035327794639690344 0.016519957192658235
1 0.45645658898219643 0.6522423087506986 0.006407381536076589 0.012647766795315702
1 0.9641137330218689 0.7152775917804731 0.009606407523435327 0.007101016469849765
1 0.9308668518744855 0.8527701779815133 0.006303900805252695 0.010429494333396632
1 0.891417587500906 0.48740845747781386 0.005902577950920077 0.012211964451852745
1 0.21493425268658187 0.6505126716966532 0.007163191363501922 0.010882182240278584
1 0.7682802043134048 0.040846368366668634 0.004269070387279862 0.02003166818518877
1 0.8162238770826635 0.9313196601296986 0.003721190447319214 0.016744239918519636
1 0.8510453661458924 0.9333695796667015 0.004780830819925842 0.013903366251921309
1 0.8924764788658838 0.9380581225889238 0.009944006995837962 0.0070442112222916945
1 0.9628191666074805 0.1977884307037113 0.008739114831125131 0.010061792859274082
1 0.8830171516508375 0.046373314752119116 0.007420113354950282 0.013585277949743128
1 0.8530410652295812 0.49672879704816675 0.00771854589928014 0.009937835607444432
1 0.06320235337178348 0.12175664137163862 0.010851282608695651 0.008892888663184375
1 0.8171826975528681 0.791920654744474 0.006166324514112046 0.013533999429688746
1 0.9646760803953571 0.3494930274740874 0.007591625494902084 0.013588365644470647
1 0.09956534615005423 0.5792042462275102 0.006214126786946654 0.011426098374927444
1 0.1389921190969141 0.4192298820855098 0.003922002563344177 0.01911665293093442
1 0.932543436434368 0.9372892777778128 0.0073135066926892775 0.013114176311180873
1 0.7811121714201666 0.937956967400035 0.008118025928356738 0.013289555555625497
1 0.06662829187617075 0.8080445283904044 0.008158678004535142 0.00868120826078548
1 0.7372241802081108 0.8648687550185508 0.007868606736573738 0.011411648407471735
1 0.02879000714778665 0.35233167619462175 0.005425260278024252 0.014467523989166222
1 0.9259396228268728 0.5639040182370582 0.007946076533980318 0.01054848490374577
1 0.09715601626737652 0.4196623643354614 0.007797796904268953 0.010996900270845484
1 0.1016280699990141 0.6517642198684466 0.005939857241447315 0.014122459856838965
1 0.9634888989595742 0.11916541675185666 0.0035501427676418143 0.019001695770379804
1 0.14277404983732622 0.7294057112594313 0.006679298531006612 0.012096876958792767
1 0.25980731920640104 0.7285030413904755 0.00948762033966911 0.012584899899196623
1 0.13808301966873704 0.5112206110466242 0.010669709454796434 0.00834326233313982
1 0.45782931812310246 0.5051542533887451 0.0063327986436296675 0.01623942848508722
1 0.7771562839165658 0.7988790251815113 0.006534349449295885 0.012962291874133567
1 0.9582844252438502 0.050556350911113254 0.008569779896076081 0.009928047111115031
1 0.9282222812828611 0.6329537219703942 0.003894027269909981 0.0172300992889362
1 0.05850095797594399 0.49665956785645193 0.008238397564823034 0.01056217595279547
1 0.024496439046633147 0.2801014247436642 0.010777406832298135 0.011111718127297379
1 0.9616751560596731 0.6493567787200777 0.0053086403702565545 0.015522409726746234
1 0.8919629612179776 0.5715543196481695 0.008533020964096206 0.009600087725968503
1 0.8152294210148455 0.722079609418572 0.0064800040548145255 0.015485274511112338
1 0.3349873839879201 0.5053150818263739 0.006545725805196146 0.01359319218315662
1 0.9298192057345147 0.7061430895407671 0.00788592543728806 0.011603696696348996
1 0.06550577381203888 0.9525444935664341 0.0065525359803785075 0.0159184611163096
1 0.9681926009090416 0.5634867992466865 0.0066397455166627125 0.015516363248723785
1 0.06456556802721089 0.34839887560456567 0.007354617667356796 0.013264639969046218
1 0.2992302273502078 0.5825518745532577 0.006452448676037934 0.016128495754039712
1 0.9314513149264326 0.7818121810074367 0.005519925437287848 0.015118258874132323
1 0.06606925653159815 0.4200009956954924 0.007120088928324956 0.013947031630876374
1 0.8550763804893172 0.7077444774333597 0.008780591858869164 0.01318498945931212
1 0.06513892664892043 0.7296805547494679 0.004667429162969541 0.01880197813890507
1 0.10074056999901408 0.5074998660766106 0.006328433106575981 0.015482469433159307
1 0.060210778665089226 0.6555333461984909 0.00682136882579118 0.012932146836912387
1 0.9717223557802002 0.7899279405788433 0.007185762457068039 0.014148406570173005
1 0.02881444565217391 0.5132458637067131 0.008457325791186042 0.020011464693364327
1 0.02353994163462487 0.7246505420294062 0.00945541200828157 0.01828210417875805
1 0.02073496075105584 0.949797096346548 0.0152636858716276 0.01895082252715366
1 0.3701061761663475 0.9547149690716925 0.0027786655847693597 0.013165290496991213
1 0.6610394674593121 0.7222907010111381 0.003948033446765555 0.008768264288942632
1 0.421751381683108 0.5724346124833567 0.0020528501835515925 0.009401711498412492
1 0.6206322845228631 0.5779848625703919 0.006489083013984545 0.0042927943259688075
1 0.5032005947532403 0.6489320573555433 0.005544771571275305 0.006589866278897426
1 0.3803869448092588 0.4128501074359961 0.001458306761568463 0.006257003412756984
1 0.6522027843486728 0.1179650586740828 0.006480004054814391 0.0047840685481485
1 0.6146017155834793 0.1934694914000073 0.005846846607076274 0.006110017392607062
1 0.8169916499410382 0.27022241902963984 0.004238715322194128 0.007456907244464626
1 0.8514815791978395 0.3417611660037164 0.005576524571726312 0.004124573518543931
1 0.8903086652583884 0.7086531843518783 0.002474478308988324 0.008849644807460198
1 0.034262850230468336 0.21167678533000317 0.0033897291207640894 0.014868240004695213
1 0.014297973933661116 0.4297236366099451 0.0035396685275733207 0.015137772979805753
