0 0.3231242944220091 0.6494403946800157 0.04017842226148411 0.07869527699254024
0 0.07540383644623927 0.9372239399293285 0.039752650176678436 0.07883048684727138
0 0.6698794800605754 0.8452039163722025 0.03959490156486619 0.07883048684727129
0 0.9208575214538111 0.549819640753828 0.038332912670368556 0.07699008637612881
0 0.1253739148157496 0.25966142815076554 0.03968018702675415 0.07885367687475457
0 0.5216611698637053 0.3588392740478995 0.04098766027258967 0.08151345190420099
0 0.27393046441191315 0.06579431684334511 0.039910398788490654 0.07760355319984295
0 0.32307304442200907 0.06656818659206912 0.041022413932357386 0.08099169316843347
0 0.32291140837960625 0.7465891244601491 0.039437152953054014 0.07975068708284253
0 0.6205732395254923 0.64923404456223 0.039733051489146985 0.07889604358068306
0 0.5214695427814234 0.5526853823125244 0.039342417213528436 0.07904076855123666
0 0.37253295911155976 0.6496685113859442 0.040245120646138284 0.07853804358068316
0 0.6696428571428571 0.9419783078131133 0.041330136294800666 0.07852375343541418
0 0.42158316506814736 0.6492012661955241 0.04022589601211511 0.07821702002355706
0 0.5203586754164563 0.9419658654299174 0.04090664916708734 0.08033926914016476
0 0.47108376489146897 0.8448619697683549 0.03984547021706208 0.07876006046329022
0 0.17471745103483086 0.35764305722418527 0.03961662847046948 0.07973448508048683
0 0.520649293286219 0.8442837161366312 0.039910398788490654 0.07760355319984293
0 0.22390835600706716 0.6486238111503729 0.04050979631499246 0.07951597722811145
0 0.6206154881373044 0.35754549028268556 0.04044854316002022 0.08137975166862979
0 0.27322059565875817 0.26041666666666663 0.03975265017667842 0.07852375343541419
0 0.4708137690560323 0.35813907381232823 0.04088296466431101 0.08011305143305848
0 0.22368753154972235 0.35795789163722025 0.04069914184755175 0.07975068708284253
0 0.3224381625441696 0.3576511582253632 0.04101463907117616 0.07913722025912835
0 0.5717293262241292 0.3589126573419709 0.04016486143361939 0.08227368531605814
0 0.47187489058556287 0.1654328660188457 0.03985023548712776 0.07627700019630938
0 0.124858026249369 0.9381441401648997 0.039910398788490654 0.0769900863761289
0 0.3722867238768299 0.7468958578720062 0.03975265017667842 0.07852375343541418
0 0.3224381625441696 0.8439769827247742 0.039437152953054014 0.07699008637612881
0 0.7706607086067643 0.45496258617981944 0.03955463276123185 0.08051802669807628
0 0.5227297844522968 0.16513868296034548 0.03902342554265528 0.07568863407930898
0 0.6701161029782937 0.6482810659599528 0.04069914184755175 0.08005742049469965
0 0.5708412144119132 0.6494025113859442 0.0405971183745584 0.07800604358068321
0 0.4710320218324079 0.9419230988417746 0.039426486875315546 0.07902680231645062
0 0.27316451653205454 0.35779519051825676 0.0409024808177688 0.08065221849234389
0 0.1749432104997476 0.06594768354927365 0.03849066128218071 0.07913722025912838
0 0.027981842377587076 0.06476446976835493 0.03892683467945481 0.07799772634471926
0 0.42149573838970217 0.8439890029446406 0.041313031549722365 0.07885452728700423
0 0.6700372286723876 0.3573444248135061 0.04022589601211511 0.07791028661170005
0 0.620457792402827 0.5516142596191599 0.04094963478041385 0.07953551688260685
0 0.47116264058556284 0.7476681404593639 0.03937222715800109 0.07945485178641545
0 0.37110360928823827 0.84336351590106 0.039594901564866246 0.07637661955241458
0 0.07725287165572942 0.16381021613663133 0.039349256688541126 0.07548556772673734
0 0.02764858960121151 0.454197186297605 0.03889132357395255 0.07837376010993324
0 0.47147764058556296 0.65045754456223 0.039371232710752276 0.07888917628582644
0 0.9215086651943464 0.7450902234000784 0.03837321125694107 0.07797981861012962
0 0.6201886673397273 0.7472025912838633 0.03959490156486619 0.07852375343541418
0 0.42134654215042905 0.7473559579897918 0.04069914184755175 0.07760355319984293
0 0.27350338667339724 0.8434585361209266 0.039687237758707736 0.07840706046329031
0 0.17431221605249872 0.6485877993718099 0.039437152953053986 0.07883048684727138
0 0.27364701236749117 0.16446699931291714 0.039974489146895616 0.07679913407930897
0 0.32241654719838464 0.9408428648409892 0.04128690560323075 0.07932020160973706
0 0.7702877030540131 0.6483236778563014 0.03975511332660275 0.08014264428739694
0 0.9214396596415951 0.8431954028268551 0.03855069737506308 0.07665386022771889
0 0.8199698580262493 0.6485485777385158 0.04068428950025234 0.07997897722811143
0 0.4716790135032811 0.4559830198272476 0.04008947576981317 0.07765115940321927
0 0.6702440160272589 0.4553696365331763 0.040954967945481965 0.07765132646250494
0 0.37223958064109036 0.06594758647428346 0.039658363705199456 0.079137026109148
0 0.9693652195860677 0.16118840793089909 0.038175164058556275 0.07514968590498627
0 0.4713406405855628 0.2609470282685512 0.0394127299343765 0.07958447663918335
0 0.9699559444724886 0.7449074070475068 0.03746363048965163 0.07761418590498634
0 0.12572653773346792 0.35711855722418534 0.03912344396769309 0.07807201825677262
0 0.4715630148914689 0.06671942000392618 0.040172975769813234 0.07822682587357675
0 0.6200309187279152 0.9425917746368278 0.039910398788490654 0.07852375343541418
0 0.6204641166077738 0.06447926953278366 0.040145800100959306 0.08172159363957597
0 0.22423760600706716 0.26070579485669415 0.04116829631499248 0.07971547663918338
0 0.6702726431095406 0.7463529236356498 0.04006573043917224 0.08050521908127213
0 0.07587708228167592 0.7432150569297212 0.03817516405855629 0.07791028661170005
0 0.9215470325593135 0.25724637779740867 0.03844994598687533 0.07831784393404002
0 0.02757884654215042 0.9373853648409892 0.039382831903079236 0.07792640302316438
0 0.5209947983341747 0.6502869947978013 0.039970414437152914 0.07977501040439734
0 0.027281470848056533 0.8394277855319984 0.03941907496214033 0.07770716117000395
0 0.7701287228672388 0.5511999411071848 0.03975265017667847 0.07913722025912841
0 0.9703117112569409 0.8415231154299175 0.037544169611307354 0.07637661955241458
0 0.37203296188793533 0.5528798989006675 0.04050711509338716 0.07942980172752258
0 0.5707344775365977 0.06594768354927365 0.03912165572942956 0.07791028661170002
0 0.1256467693084301 0.5513533078131135 0.03991039878849066 0.07944395367098551
0 0.02721163553760727 0.6473608657243816 0.0383329126703685 0.07637661955241468
0 0.9694440938919736 0.6462872987828818 0.03707092377587072 0.07545641931684334
0 0.6210944825845532 0.2594726112092658 0.04046004038364472 0.08031644346289749
0 0.7702864714790509 0.25796279937180994 0.0388061585058052 0.07913722025912838
0 0.37157832786471473 0.9405850816647034 0.0399133442705704 0.07880463525716526
0 0.520983921251893 0.7477507571652924 0.03994866027258967 0.07962008519827238
0 0.3722867238768299 0.3582646250490773 0.04006814740030288 0.08097762073027089
0 0.02721163553760727 0.35627085787200624 0.03864840989399294 0.07821702002355711
0 0.3224381625441696 0.26087676678445226 0.04069914184755175 0.07760355319984293
0 0.17483807395254922 0.16453411601884568 0.039542377082281685 0.07693336749116605
0 0.5709513262241291 0.8447285029446406 0.04018634755174152 0.07726619316843328
0 0.9207786471479051 0.06134668237141734 0.039752650176678575 0.07791028661170003
0 0.37232695078243305 0.2605005282685512 0.040464098435133725 0.07930494346289747
0 0.6703225146390711 0.06476401953278367 0.03984997627460883 0.07983722634471926
0 0.42181978798586567 0.5527336081664703 0.03975265017667842 0.07791028661170005
0 0.9210941443715295 0.6473608657243816 0.0388061585058052 0.07699008637612871
0 0.8699835941443714 0.5502797408716137 0.039437152953054014 0.07852375343541418
0 0.7698382058303885 0.06262141941499803 0.03980261055022711 0.07861936022771888
0 0.07632988553760726 0.8402965852964271 0.04128925113579001 0.07944476069886135
0 0.22360865724381626 0.8425966823714174 0.03959490156486622 0.07729681978798582
0 0.5714429491418475 0.7465944568119356 0.04022310171630496 0.07976135178641543
0 0.5711925748359414 0.16502768296034548 0.03940685588086836 0.075466634079309
0 0.6199009208732963 0.4551235476050255 0.04048589172135288 0.07682102414605409
0 0.7701287228672388 0.7458222909305063 0.03912165572942956 0.07944395367098551
0 0.6200414222614841 0.8451799969572045 0.03988939172135275 0.07887832567726732
0 0.27330926792024224 0.9406029649587747 0.040560989146895515 0.08006733549273647
0 0.7208449182231197 0.35688495710639967 0.0402511691065119 0.0800586853160581
0 0.3229902826855124 0.4564193168433451 0.039594901564866246 0.07729681978798587
0 0.32307842011610294 0.5530098491362386 0.040402170873296325 0.07662236808009412
0 0.07662425290257446 0.45445031959167653 0.039985002523977804 0.07765309305064792
0 0.2729050984351338 0.7450554574008638 0.03975265017667847 0.07852375343541418
0 0.8201350328117112 0.941058107577542 0.03975265017667847 0.07852375343541418
0 0.5713483290005048 0.259700061444837 0.04003386143361942 0.0783174766391833
0 0.22453648170116103 0.5524874824303101 0.04018856158505805 0.07741803513937966
0 0.8203432323321554 0.8440636362387122 0.03953805477031805 0.08023072752257555
0 0.969680716809692 0.35473719081272087 0.038490661282180635 0.07576315272870039
0 0.2736762623674911 0.5529067324303101 0.039717491923271044 0.07825653513937968
0 0.37286083480565374 0.4565573865331763 0.04058537481070168 0.07879989281507654
0 0.4717472236244321 0.553193708284256 0.038963907117617325 0.07821702002355706
0 0.4217772370015144 0.3583080738123282 0.040929537102473594 0.08045105143305845
0 0.12533127208480563 0.45473228307813107 0.040225896012115084 0.07821702002355715
0 0.17495356701161027 0.45441343629760506 0.03914236875315495 0.07880626010993325
0 0.17478707395254922 0.25935107803297996 0.04007137152953055 0.07945991028661169
0 0.22402160739525492 0.9397308814291322 0.04042080186774358 0.08016356890459381
0 0.42092136408379605 0.9416415153121319 0.04111077460878342 0.07785016843345123
0 0.32266479858657243 0.163557998723989 0.04146791115598185 0.0768215333725952
0 0.9695898187783947 0.4519631193561051 0.03767787077233728 0.07758642716921861
0 0.7200435386168601 0.7462823910482921 0.03927940434124173 0.08097762073027089
0 0.7204379101463907 0.06410728307813113 0.03975265017667847 0.07913722025912838
0 0.9212437853356891 0.45266275265017664 0.0391054404341241 0.07714529328621905
0 0.8206082786471479 0.2575026992540243 0.039437152953054014 0.07699008637612878
0 0.27337834427057045 0.6482810659599529 0.03975265017667842 0.07637661955241458
0 0.96952296819788 0.940751374165685 0.037228672387683 0.07913722025912841
0 0.17484419687026753 0.5511749652532391 0.03923912569409391 0.07847380172752258
0 0.5705488317768803 0.943308531900275 0.04127434199899024 0.07811686749116613
0 0.8709778831398284 0.8434918862387122 0.040479239273094485 0.07724682705143317
0 0.8195829126703685 0.06334044954848841 0.03833291267036845 0.07760355319984294
0 0.12588339222614842 0.06472074990184531 0.03912165572942958 0.0785237534354142
0 0.7704184488894498 0.8446963696505693 0.04033210222110038 0.0784288602277189
0 0.027811966683493186 0.2584093612092658 0.03890258051489147 0.07696300981546916
0 0.7204014265522463 0.45393076923831954 0.040310677435638605 0.08152172693364736
0 0.521359162039374 0.06564095013741657 0.04006814740030283 0.07913722025912838
0 0.9208575214538111 0.9409047408716136 0.038332912670368556 0.07883048684727119
0 0.07642920242301866 0.3567309579897919 0.039279404341241796 0.07913722025912841
0 0.026817264008076727 0.7435217903415783 0.03754416961130742 0.07606988614055755
0 0.8705353859162038 0.453220936297605 0.03990974204947 0.07887512740478995
0 0.12572128773346797 0.16280903248920298 0.040690430085815306 0.0765505345504515
0 0.22422398031297322 0.16508899931291715 0.03987905603230692 0.07742966725559487
0 0.9692074709742554 0.5504331075775422 0.03912165572942976 0.07699008637612871
0 0.17459319825845532 0.842242619061641 0.03905262569409391 0.07781562681586182
0 0.8704568399798082 0.6478209658421672 0.04006814740030283 0.07852375343541418
0 0.9688919737506309 0.061653415783274435 0.037859666834931714 0.0785237534354142
0 0.22429260461887934 0.066461953180212 0.04033180186774357 0.08016575952100509
0 0.3724647035588086 0.16465104907734587 0.039793112317011596 0.07594029996073814
0 0.9210591624179707 0.3556123404004712 0.03968268626956087 0.07935385237534362
0 0.8698258455325591 0.355350657636435 0.039437152953054014 0.07699008637612875
0 0.5711589546945987 0.4559109031213192 0.04060160449268042 0.07873385963879073
0 0.027412097930338213 0.5502267987828817 0.03873383745583039 0.07780440243423638
0 0.42181978798586567 0.06487411660777385 0.04069914184755175 0.07944395367098546
0 0.7206349196113074 0.8453196030624264 0.04046216633013628 0.07844839340400472
0 0.7702864714790509 0.3556573910482921 0.03975265017667847 0.08005742049469965
0 0.8702990913679959 0.7455155575186493 0.039437152953054014 0.07637661955241468
0 0.720308672387683 0.6483146778563016 0.040125169106512 0.08012464428739709
0 0.42161236408379604 0.2609116449744798 0.039653299596163545 0.07890024322732629
0 0.27377701097930335 0.45552793629760496 0.04023448637052002 0.07735445916764819
0 0.8705357142857143 0.25796279937180994 0.039910398788490654 0.07852375343541422
0 0.6706292688036344 0.2591624613270514 0.03920149570923763 0.07785574322732626
0 0.8202382309439676 0.16056561542991757 0.039643549217566736 0.07635796819787985
0 0.12477915194346291 0.6481276992540242 0.03975265017667845 0.07791028661170005
0 0.8205082323321555 0.3555489399293287 0.0401835519939425 0.07984051825677276
0 0.9214096415951538 0.1619552414605418 0.03912165572942956 0.07668335296427169
0 0.7203590358404847 0.5511999411071848 0.04054139323573957 0.07852375343541418
0 0.5712077233720342 0.5528869748723989 0.039437152953054014 0.07699008637612871
0 0.12517352347299343 0.7447487239890067 0.039910398788490654 0.07791028661170005
0 0.5218420441696112 0.2594718446211229 0.040718414437153023 0.07970144346289745
0 0.8207224781675921 0.4546905198272477 0.03966555199394252 0.07752002669807614
0 0.6700372286723876 0.5518134079308992 0.039910398788490654 0.07852375343541428
0 0.7694977284199899 0.9425917746368278 0.04006814740030283 0.07852375343541418
0 0.07627145381120647 0.6470541323125244 0.03896390711761736 0.07576315272870045
0 0.22400735461887936 0.7458159236356497 0.04039229631499247 0.07881775225755798
0 0.9699962140333164 0.2575026992540243 0.037859666834931714 0.07760355319984293
0 0.42198461408379606 0.164917782489203 0.04071329681978807 0.0770872336081665
0 0.0767446996466431 0.06487411660777384 0.039279404341241796 0.07699008637612877
0 0.17462771327612317 0.7455155575186493 0.03912165572942958 0.07883048684727138
0 0.8202936052498737 0.7463317737534353 0.0407007895002524 0.07984945249312916
0 0.8702202170620899 0.06334044954848841 0.039910398788490654 0.0788304868472713
0 0.07644838414941948 0.5509606654888104 0.03931776779404341 0.07743173537495106
0 0.1741806982584553 0.939655198370632 0.03948961458859159 0.07878526914016484
0 0.8709475088339221 0.1619013322536317 0.03978749621403332 0.07718900137416572
0 0.22404035461887933 0.45535478641539057 0.03951180464411913 0.07884855987436189
0 0.6207407874810701 0.16456247546132705 0.03912165572942956 0.07330928543384374
0 0.8707766345280161 0.9406816817824892 0.04007674204946992 0.07961130231645086
0 0.4223229856133266 0.45525348606203375 0.04075904543160017 0.0792594259913625
0 0.1255071662039374 0.8405583518845701 0.03994668980312974 0.07874136022771891
0 0.7198069156991419 0.9418249411071848 0.039437152953054014 0.07944395367098561
0 0.5208206781928318 0.4556481365331763 0.0408841630489651 0.07759485963879076
0 0.07645987720848056 0.2594334281507656 0.03997174835941444 0.07901114369846879
0 0.8209716010853104 0.5512895321947389 0.03984830060575471 0.07747600196309395
0 0.0280692152953054 0.16261744895956023 0.039417077738515896 0.07678083431488027
0 0.7206229182231196 0.16251804907734588 0.04075366077738534 0.07658203455045148
0 0.6706217674154467 0.16324449931291715 0.0395019901564866 0.07619453455045153
0 0.719964664310954 0.2576560659599529 0.039437152953054014 0.07852375343541419
0 0.7708448245835436 0.1616308322536317 0.039922864714790555 0.07664800137416569
1 0.1255939308430086 0.05929952542206518 0.004680386673397281 0.014523249901845305
1 0.9656713584048459 0.4501297757165292 0.004232750126198986 0.018713750490773506
1 0.8141557733467946 0.4449479084216725 0.0037555911155981747 0.017421615429917527
1 0.3691899806915699 0.6459429835100118 0.007139978041393239 0.006209831959167565
1 0.8680397873548712 0.05553759177463682 0.004834105249873793 0.018979783078131127
1 0.07607702170620897 0.5517418218492344 0.005279071176173655 0.015479842756183772
1 0.4197000113579 0.35276661287789557 0.00487054770318025 0.01283642481350607
1 0.47363539828369505 0.7488632470553593 0.004899824331145907 0.015696159992147584
1 0.33171464310954063 0.9464185887318415 0.008579800100959137 0.00706957557911261
1 0.621150374305906 0.15710553778955633 0.006437262493689998 0.011539807813113478
1 0.8172705066885411 0.5458543040832352 0.00667554391721349 0.008850873576756907
1 0.9200588041393234 0.5480622880840205 0.005225652700656472 0.016704242049469877
1 0.2163522211004543 0.9301690714566155 0.0036282180716809566 0.008895268943855604
1 0.9689143334174659 0.8406136758932077 0.00973569459868762 0.016848816254416872
1 0.6689635334427056 0.5433728704358067 0.009561575214538058 0.007679072634471909
1 0.9622164938162545 0.6413915000981546 0.009249495961635594 0.017766666077738493
1 0.6714090265017668 0.7511761475265017 0.005617080767289093 0.018431960934432605
1 0.5737317011610297 0.4617871515508441 0.006309944472488687 0.012576069886140573
1 0.7209733099444724 0.24246633215547703 0.004923647652700781 0.013815863368668985
1 0.9655134771580008 0.047243440125638005 0.0051795070671376816 0.007962079308990972
1 0.5203385671378092 0.2655523351001178 0.003618675921251833 0.013040402434236369
1 0.7678002274103989 0.1559053547310561 0.0049724881373043065 0.018847908519827254
1 0.6702329049722362 0.8359465082449941 0.007969323826350206 0.0175946160188456
1 0.5689157234982332 0.9421588215547704 0.008369966431095374 0.010067908519827244
1 0.22461049356385665 0.2576453339222615 0.004148523220595658 0.007996532783667052
1 0.3232323146138314 0.7417386291715743 0.003459651438667269 0.007860590106006999
1 0.3248180535083291 0.6407659165685119 0.0043896375567894904 0.014723565371024705
1 0.07936863074204946 0.26120225098154687 0.007529775365976768 0.008244300549666257
1 0.26971629505300354 0.3483134789948959 0.0048001206461383405 0.012540690223792783
1 0.2678739290762241 0.8449810094228503 0.005329880363452791 0.016089217903415824
1 0.1709364781675921 0.9289680697879856 0.008013464664310936 0.01007033863368672
1 0.9636621097930338 0.742123513054574 0.007620252902574163 0.016292824695720378
1 0.5227202949268045 0.9385198049666275 0.010844114840989403 0.01857287534354156
1 0.7709610739525491 0.9367360709658421 0.010008695103483132 0.012324874165685173
1 0.8723762637556788 0.8431285260109932 0.0072035552751136675 0.019794184727129977
1 0.3695343522211004 0.947427189438555 0.007082229429580979 0.01057357557911271
1 0.8715955095911155 0.7352010456419317 0.010027052498737886 0.02032229034157821
1 0.9176283152448259 0.7401666463486454 0.006931658253407237 0.02020655810757748
1 0.922472413175164 0.9389462877895562 0.01112534023220592 0.009131374165684904
1 0.862586808177688 0.642128166568512 0.007221638566380456 0.00954519807616795
1 0.8641120540131246 0.15482867108362777 0.0035401524482585344 0.013639673930113843
1 0.7136178349318526 0.3480628457008245 0.00953868652195849 0.015495824106792275
1 0.5259165407622413 0.8420908921279937 0.006975600959111615 0.011440516489988105
1 0.12761054543160022 0.7484239135257164 0.006010610297829341 0.014734426580290498
1 0.5227186817264008 0.7410886629367883 0.004221899545684035 0.01897599175500591
1 0.4177376384401817 0.8440619590694936 0.009741785209490164 0.013019584020416017
1 0.9178661867743563 0.6375529829210836 0.009610887430590711 0.017468631723596337
1 0.07406853003533569 0.8462129258932076 0.00677207672892477 0.010558050844130307
1 0.32472817781423524 0.26066285109933246 0.005831377839475037 0.013617368080094245
1 0.07428402587077233 0.6526343679819394 0.008234068399798084 0.013071468197879828
1 0.870084524861181 0.5465100546721633 0.006423580262493849 0.01796830840204154
1 0.9191199353861687 0.2535004002748331 0.006787892983341643 0.01444599960738123
1 0.9170563166330136 0.34445959511189633 0.00996863881877843 0.012273389281507698
1 0.4737388996718829 0.055689591774636824 0.00406182710752146 0.017448849430702795
1 0.4249696120646138 0.054140658127208474 0.00474275466935892 0.01625244895956027
1 0.5224996789500252 0.1494370200235571 0.00749938011105503 0.007245904986258347
1 0.32324192920242306 0.5468759042010208 0.007857383392226172 0.009875007459756545
1 0.3701699723624432 0.543622587259521 0.008965961383139844 0.01147390675304284
1 0.6194203798586572 0.45078004230467217 0.006111284704694648 0.01679975049077341
1 0.46930054202423005 0.4522700926580291 0.004104620141342759 0.019340851197487147
1 0.67000453066633 0.06138112553985079 0.008426072438162483 0.014040850608559086
1 0.32735604101463905 0.3583858972320377 0.00593910424028269 0.015707593050647815
1 0.8225689830893488 0.6480825172752258 0.007751988389702241 0.011132766784452247
1 0.027564238263503273 0.6436220172752256 0.004500498738011108 0.021894167255594885
1 0.4709052809187279 0.9409173049666274 0.005627600706713817 0.01745867628582667
1 0.9632918980312971 0.2467670298390263 0.011515648662291815 0.01564340400471141
1 0.675598879984856 0.6484276339811542 0.00859527385159008 0.011056000196309392
1 0.7147720807672893 0.44284325795053003 0.009123178192831765 0.016723181782489226
1 0.5173098268551237 0.647034183745583 0.007783173144876189 0.008321699254024335
1 0.9181616728924784 0.8295643405967805 0.014067870772337341 0.01379534707499018
1 0.566736856133266 0.847272142716922 0.009572728924785423 0.010280017667844414
1 0.6695682862190813 0.4474063420691009 0.004250605754669376 0.0210932836670593
1 0.7652111142099948 0.24127678239104827 0.0051027589601211785 0.01987576383981156
1 0.5716905839222615 0.3588223468786808 0.009761184502776387 0.008700025520219867
1 0.17155161534578495 0.7380005889281507 0.003943715295305391 0.01779053788771101
1 0.3721994626451287 0.4467795748920298 0.00900844472488644 0.008850547899489629
1 0.17458008442705705 0.6420974663329407 0.008929179959616335 0.009606598547310557
1 0.3166515840484604 0.45047015901060067 0.008733681978798558 0.01619258343148797
1 0.8704796491670874 0.4514132757165292 0.007526314992427935 0.018600617785630033
1 0.0779108862948006 0.7427859964664311 0.006028303129732469 0.01803519199057716
1 0.8741323852852094 0.35915343099725167 0.005268798334174615 0.020307193757361612
1 0.2227638720343261 0.6478558004515116 0.008788257950530008 0.007905399489595528
1 0.7225055460625947 0.74208397928936 0.00880011433619379 0.009623757165292525
1 0.27256240270065624 0.5554078722025912 0.007626330388692587 0.013668943462897449
1 0.17409221012115092 0.4497725085394582 0.009589431347804147 0.010839749312917115
1 0.7702724621403332 0.4433172911268159 0.008861940938919689 0.01025391401648992
1 0.026743108404846033 0.8305192238908519 0.009928725138818775 0.010658646839418947
1 0.1683311135790005 0.5458570540832351 0.008491735487127703 0.011299240871613688
1 0.47448801426047454 0.8389063251864939 0.008873542402826777 0.013515382606988702
1 0.5712735908632004 0.26101865145268943 0.005547215042907538 0.01842696878680794
1 0.31671834098939927 0.05899700883392225 0.0038677097425542277 0.01880908402041617
1 0.8673807420494699 0.24876079701609738 0.009622665320545159 0.008588535531998391
1 0.370963342503786 0.8450217428347075 0.00927220444220081 0.014780817432273193
1 0.6184325069409389 0.7353828454063603 0.007771533316506866 0.015050956223007499
1 0.47083927536597675 0.6474716505692972 0.0095455784957092 0.010514099725166875
1 0.7656764871277133 0.5456715214958775 0.006064996466431032 0.022099242049469815
1 0.41709401968702675 0.25324050039261875 0.006612061585058017 0.018033133490380885
1 0.4750698844018172 0.2549910501570475 0.009918282685512227 0.00901083254809576
1 0.5716532151691065 0.6491488513937966 0.0060499553255931055 0.023109835492736645
1 0.12611367112569408 0.5459076210247349 0.009635353356890444 0.01610584157832731
1 0.12477915194346291 0.9312426383981154 0.008202927814235216 0.019017471535139267
1 0.7687479676930843 0.6454120842167256 0.009071454820797596 0.02138136749116606
1 0.37273020986875316 0.7446121297605024 0.009524436395759648 0.013769458578720101
1 0.22367911786976272 0.06413717589320769 0.006957766279656725 0.012823017667844524
1 0.22148687342251386 0.550505904789949 0.010711260726905586 0.011203541813898809
1 0.026949989651691063 0.7405279964664311 0.00541349873801111 0.019483857872006263
1 0.6666821660777384 0.353301996171967 0.010022846037354935 0.01115219140164895
1 0.5670546116860172 0.15982382214369845 0.004835753912165635 0.022053376521397765
1 0.967208214664311 0.15252523743619942 0.0115704459868752 0.013952273458971357
1 0.42036162317011605 0.5518009883195917 0.010172765774861198 0.011680708873184089
1 0.4219754933114589 0.6373590326855123 0.009469003281171036 0.014175731252453774
1 0.37282971680969207 0.25246723380447583 0.005223958606764307 0.020193133490380776
1 0.028867995961635532 0.34645538869257947 0.009149419485108529 0.01932420494699648
1 0.3711657154215043 0.055733707891637216 0.009182955830388652 0.007545148017275244
1 0.6234177333417465 0.6483336843345111 0.009158980565371165 0.017992034550451445
1 0.7697739621403332 0.7385135959952885 0.008912449268046276 0.017377990577149442
1 0.7671959746340232 0.04992924106792305 0.00965146314992426 0.015473280722418528
1 0.41987163427561836 0.7393430794071456 0.004527301867743562 0.018172891048292093
1 0.13006373043917213 0.4485976148409893 0.008676173649671881 0.01073566941499804
1 0.9184478096920746 0.049946558009422846 0.007816647147904884 0.022800248723989006
1 0.6195167513881878 0.3465950957008245 0.0078115249873800755 0.018431324106792255
1 0.07677776615345785 0.07188817707106399 0.007032554517920226 0.01633848684727131
1 0.568389849192327 0.05092422447978012 0.00942171504290751 0.014710247546132697
1 0.2223209963402322 0.8379984247153514 0.010305003785966679 0.008583048488417806
1 0.07927636824835942 0.1557599542599136 0.012446758707723366 0.00932324028268552
1 0.02255076186269561 0.25318088368669023 0.004116043160020191 0.016925433254809538
1 0.5233102977031802 0.5415076873773066 0.009664109288238213 0.018157573812328246
1 0.3723567126451287 0.15241095367098548 0.009324939172135314 0.008046172752257557
1 0.6253773562594649 0.24494583274440518 0.004608740282685529 0.01989926501766787
1 0.17875331915699139 0.15611787131919905 0.004999671630489669 0.018422875343541416
1 0.07531351754164563 0.4447910411268159 0.010907543412417972 0.009760281311346652
1 0.6212838729177185 0.5451793882018061 0.005539270822816584 0.023696975461327083
1 0.2272722296819788 0.35019937946603846 0.005450492680464412 0.017970891637220245
1 0.12678717390206964 0.2649291354534747 0.005764370015143884 0.021648403612092672
1 0.2747192074709742 0.05291151354534746 0.007414184755174194 0.015643404004711425
1 0.6182831270822816 0.04751177365528072 0.011225265270065624 0.009265812720848057
1 0.3709299695860676 0.36072668099725164 0.007761464159515339 0.019001094228504132
1 0.02355225214538112 0.06044769248135061 0.006530023725391218 0.01897505084413035
1 0.47247327675416456 0.3483532627601099 0.005962078495709225 0.019822724577934794
1 0.12730312973245833 0.35780452493129167 0.01135790005047956 0.015029937180997283
1 0.12275193084300859 0.15673832096584217 0.011310878344270567 0.009206907341970912
1 0.27519226173649675 0.25013631674519043 0.01025404290762231 0.017493365724381673
1 0.47649400315497215 0.16157373861405572 0.00959402296819789 0.01609967628582646
1 0.7163955779909137 0.05753669248135061 0.006507178192831832 0.01498158166470356
1 0.1743715899798082 0.0654890431880644 0.004298213276123139 0.020548219081272082
1 0.5229613004795558 0.3528780797016097 0.008469120393740428 0.014453891637220254
1 0.2733595200656234 0.752455813996859 0.010133559565875874 0.011578360227718854
1 0.2733625131246845 0.1605033381429132 0.013913540131246802 0.0114923421672556
1 0.17749869901564863 0.2643958185119749 0.006246923018677439 0.015966902434236326
1 0.17891931221605245 0.35084722958382414 0.009400143866733985 0.017902125049077323
1 0.21982269056032305 0.16624950922654103 0.003943715295305417 0.010428936003140949
1 0.07532496214033316 0.34415488810365136 0.0067831903079253 0.006134668237141729
1 0.22167103323587972 0.4554746418376194 0.004663991074934083 0.0067970846011648055
1 0.12462140333165067 0.6478209658421672 0.004732458354366489 0.007361601884570135
1 0.17707281675921252 0.8465842167255594 0.00489020696617872 0.013496270121711814
1 0.07587708228167592 0.9335431389870434 0.004101463907117608 0.013803003533569027
1 0.027684881373043917 0.932316205339615 0.0058366986370519975 0.006441401648998892
1 0.4196113074204947 0.45319861601884565 0.007571933366986373 0.007668335296427149
1 0.3186521958606764 0.8340081468394188 0.0034704694598687524 0.015950137416568526
1 0.42418601716304893 0.9401379073419708 0.0034704694598687524 0.012882803297997587
1 0.8233688793538616 0.15398017275225756 0.005836698637051946 0.01349627012171184
1 0.7148378344270571 0.6524219670200235 0.007414184755174144 0.009202002355712618
1 0.7187815497223624 0.8416764821358461 0.006467693084300866 0.00920200235571252
1 0.7730470721857647 0.8370754809579897 0.004259212518929749 0.006134668237141779
1 0.8206871529530539 0.8401428150765605 0.003943715295305391 0.016563604240282755
1 0.6729555779909135 0.9481129760502551 0.005363452801615409 0.010428936003141072
1 0.627918349318526 0.9366104731056144 0.003628218071681033 0.014416470357283254
1 0.823684376577486 0.9358436395759718 0.0048902069661786686 0.009202002355712618
1 0.9706272084805655 0.3493693561052218 0.0053634528016153074 0.012882803297997686
1 0.9189645381120645 0.4415427463682764 0.0033127208480564717 0.013803003533568878
1 0.12012838894681961 0.8531655515004054 0.005050834202294041 0.0076034063260340306
1 0.2727939259645464 0.9413967457420922 0.005050834202294041 0.007286597729115958
1 0.5191641770776751 0.05392506337135611 0.006280554046713657 0.006931242078580486
1 0.41923049340218016 0.16419846050870143 0.003765060240963842 0.009064033913431505
1 0.6772445820433436 0.2563800739594083 0.0030406899601946487 0.009137426900584807
1 0.02994585365103293 0.44680474797506664 0.0033322309218723556 0.0063529665123289725
