0 0.4248441864924958 0.16322373692174663 0.03955079655364092 0.07729864115866841
0 0.6228413386603668 0.6477425752269779 0.0391443226792662 0.0776268495460441
0 0.672652843385214 0.06582629626026804 0.041143652306837045 0.07975840747946392
0 0.5239294182879377 0.06634432587548636 0.03934716342412453 0.07809234824902725
0 0.5241718759032796 0.35783682555123214 0.039137248193440805 0.078095289667099
0 0.8699528917454141 0.45344964861651543 0.04038521650917163 0.08152370276696934
0 0.7713832637576431 0.06542813424124512 0.04092522679266253 0.08031314267185474
0 0.1797475676764869 0.9362612656722871 0.039907864647026184 0.07843746865542596
0 0.9690497083101722 0.452122369001297 0.04089958337965527 0.08157126199740583
0 0.3265156756531406 0.06506885278858623 0.0393324619232907 0.08118146865542585
0 0.12974221789883264 0.8411424556852571 0.039952751528627026 0.07734814094249899
0 0.3765321393829905 0.06597454626026802 0.03916072123401893 0.08005490747946391
0 0.5736876730127849 0.35725791353220926 0.040892577821011654 0.07963958408992654
0 0.1283525569760978 0.2600181041936878 0.03891050583657586 0.0770103761348898
0 0.870327703168427 0.06401800183744055 0.03974517843246252 0.07816840747946394
0 0.6719705391884381 0.8409735732814526 0.040473874374652545 0.07633484651967147
0 0.4746386881600889 0.3578010159965413 0.0397790439132852 0.07869920017293555
0 0.42513201778765974 0.3572943687851275 0.03943162868260148 0.07903696498054473
0 0.6231176734296832 0.2602338108517077 0.038654746525847675 0.07744178945092961
0 0.8198825736520289 0.35644995676610464 0.03925792106725956 0.07937472978815391
0 0.17820664257921062 0.25984922178988323 0.039605336297943286 0.07869920017293558
0 0.17803293496386874 0.06580333981841761 0.03995275152862701 0.07768590575010809
0 0.770898971372985 0.4529537662127108 0.040304057254029954 0.08120746757457849
0 0.8201033722901612 0.4534945310203199 0.03969951834352413 0.08026240834414183
0 0.9692711228460256 0.25697822092520534 0.040300166759310835 0.07903696498054476
0 0.475389040717065 0.744073383484652 0.040584918565869946 0.07978911456982285
0 0.8693037265147304 0.7434008982922611 0.04047654697053906 0.07979520341547777
0 0.22684477487493046 0.06512781020319929 0.03891050583657586 0.07701037613488974
0 0.918261957893274 0.9377033980760916 0.03972708421345185 0.08064620384781662
0 0.2276640767092829 0.35693917833981836 0.03881203335186219 0.07900211370514477
0 0.4741848140633686 0.06536091385646346 0.040608371873263036 0.07950317228707308
0 0.622377015008338 0.3569566039775183 0.03925792106725956 0.07633484651967141
0 0.47404764883268485 0.16358344336359704 0.04102887187326293 0.0793691132728059
0 0.623034484852696 0.1628216785559879 0.03987803029460823 0.07919664288802421
0 0.4246977487493051 0.06563445741461305 0.039605336297943335 0.08005025940337225
0 0.5247262297109505 0.9356374128837007 0.03989854057809887 0.07516317423259838
0 0.22719219010561417 0.16358625162127102 0.040994997220678134 0.07869920017293558
0 0.8695645803224014 0.35513875151318636 0.04065083935519737 0.08080549697362732
0 0.17908644483046132 0.6468428687851274 0.03858561895497505 0.07785402550799829
0 0.8699121417454141 0.1619837961521833 0.040303716509171646 0.07819640769563338
0 0.5243881682879378 0.26078847287073065 0.04026466342412464 0.07720005425853871
0 0.3269872151195108 0.45541504539559013 0.03977904391328515 0.07802367055771721
0 0.969311373540856 0.06441254626026804 0.04003325291828799 0.07693090747946392
0 0.1785735910227904 0.35706345795503674 0.03999181795441919 0.07722408408992645
0 0.9691199583101723 0.35409486910938176 0.0410400833796554 0.07939326178123648
0 0.12896053362979426 0.45372622135754426 0.0408212896053363 0.08005025940337217
0 0.12900510964424677 0.3559567959360138 0.039520780711506436 0.0783884081279723
0 0.5243766259032796 0.5514165901426717 0.039546748193440756 0.07750081971465632
0 0.7207823790994997 0.45372622135754437 0.039431628682601375 0.07869920017293555
0 0.37605961645358527 0.1640928988326848 0.04099499722067818 0.07903696498054473
0 0.32696649277376316 0.35761420795503673 0.040085014452473595 0.07832558408992642
0 0.22775651097832125 0.2601095312364894 0.04038656281267371 0.07786875983571123
0 0.5738485458588105 0.5516194725464764 0.0408669082823791 0.07723105490704708
0 0.47527039452473596 0.648504090034587 0.040000210950528164 0.07779881993082573
0 0.4748992495831017 0.9350410722006052 0.04064758198999451 0.07464602248162558
0 0.9197981421623124 0.16078739894076957 0.03967271567537521 0.07783020211846092
0 0.6228645272373541 0.9368064128837008 0.03919069983324052 0.07750117423259814
0 0.42605297456920505 0.9361358832684825 0.039189050861589844 0.07886223346303506
0 0.7706492637576431 0.7444644279074794 0.04049947248471375 0.07922014418504099
0 0.4742044191217343 0.2601869865974924 0.040300166759310786 0.07734814094249898
0 0.6229890272373539 0.06507741385646346 0.03943969983324058 0.07893617228707307
0 0.47472947929405224 0.45501884025075656 0.0403080414118956 0.07858231949848675
0 0.12869997220678148 0.06614110462602678 0.0392579210672596 0.07633484651967144
0 0.9190120002779324 0.7440102510808473 0.03949009282934982 0.07966284976221367
0 0.17790042579210671 0.16344157576740162 0.040035148415786634 0.07840984846519673
0 0.12985754822123396 0.9363580304798962 0.039835996942746005 0.0779554686554257
0 0.5737661496664813 0.2597668108517077 0.04035470066703723 0.07853437829658452
0 0.6718679471928849 0.9369857952875053 0.04061610561423013 0.07718440942498914
0 0.07944719399666478 0.0649636046260268 0.04011312062256816 0.07668196498054475
0 0.7712928485269593 0.16339695817120622 0.04039698110061148 0.07764508365758756
0 0.5244045835186215 0.4555216050583657 0.03890783296275708 0.07823678988326849
0 0.5238264606725959 0.8404254129917854 0.0398360786548081 0.07861617401642886
0 0.8207788679822123 0.1622421637483787 0.04000826403557543 0.07871314288802421
0 0.5246664813785437 0.6479409857328144 0.040126459143968826 0.07802367055771725
0 0.3769213893829906 0.7448469130998703 0.040286636464702645 0.07998511456982281
0 0.2774805447470816 0.3562810743623 0.03977904391328515 0.07768590575010807
0 0.5736486306281268 0.936704780479896 0.04185673874374649 0.07797343904020751
0 0.5241475220956086 0.16342470817120622 0.039435955808782605 0.07770058365758757
0 0.37605961645358527 0.26120028102031995 0.03995275152862701 0.07802367055771728
0 0.573825736520289 0.06614110462602678 0.04116870483602 0.07836143536532642
0 0.17905200625347412 0.4544341930393428 0.03955898749305174 0.07943961392131428
0 0.4256079131461923 0.2612019876783398 0.03934117370761534 0.07667602464332038
0 0.17891129863813227 0.5513470901426718 0.03997240272373548 0.07736181971465624
0 0.9689701045025013 0.5487146485084307 0.041087790994997216 0.07817670298313888
0 0.2776020537798777 0.06637086943363596 0.040369477209560856 0.07949649459576309
0 0.2775897613952195 0.6481619576307825 0.03999747720956093 0.07779008473843498
0 0.22818478001667591 0.5513629725464764 0.039853439966648196 0.07671805490704711
0 0.3758859088382434 0.3567877215737138 0.03995275152862701 0.07869920017293561
0 0.5736353382434686 0.4551855458279292 0.04078790828237899 0.0795912602680502
0 0.6224370272373542 0.7445869427150885 0.039377945525291835 0.0781141145698227
0 0.7221720400222347 0.06462116299178554 0.040473874374652545 0.07937472978815392
0 0.1791620344635908 0.7448794855166451 0.03943162868260145 0.07802367055771725
0 0.524384710672596 0.7442539130998702 0.03852067204002227 0.07947464418504108
0 0.32704149277376315 0.5518764873540856 0.0402350144524736 0.0763940252918287
0 0.327354950389105 0.9365643980760916 0.040167099221789924 0.07836820384781656
0 0.8205575141745415 0.2597532960440986 0.03991297165091723 0.0798584079118029
0 0.8207511117287382 0.06529669260700388 0.03995275152862701 0.07802367055771725
0 0.9194208731239578 0.3542533839169909 0.040655253752084515 0.0783592321660181
0 0.7709746175653142 0.26020259046692606 0.0408027648693719 0.07670381906614786
0 0.475311040717065 0.8413579426070038 0.04042891856586996 0.07777911478599225
0 0.4747255419677598 0.5510024859489839 0.04064758198999456 0.07869920017293561
0 0.3766675931072818 0.5521846627756161 0.040126459143968875 0.07701037613488972
0 0.1296793786826014 0.551268104950281 0.039132242634797164 0.07585279009943798
0 0.7211309899944415 0.6479927076307825 0.03943402001111725 0.07745158473843489
0 0.32737195038910505 0.8416556777993947 0.04020109922178996 0.07702352594033722
0 0.32690036131183986 0.7443728383052313 0.03995275152862701 0.07903696498054479
0 0.9199244959699834 0.06407554626026804 0.039578008060033296 0.07625690747946391
0 0.37651707795997774 0.45640313467358407 0.040172844080044505 0.07729773065283178
0 0.22780016675931067 0.6472654561175961 0.03943162868260148 0.07802367055771725
0 0.8687812673707616 0.840804690877648 0.040126459143968826 0.07937472978815387
0 0.7214400514174542 0.3562295459360138 0.03900989716509164 0.07893390812797231
0 0.32690036131183986 0.2608625162127108 0.039605336297943286 0.07599708171206229
0 0.426000555864369 0.8408046908776481 0.03873679822123403 0.0773481409424989
0 0.2786565304335742 0.936780780479896 0.04039393913285169 0.07812543904020744
0 0.3768640779599777 0.9369924128837007 0.04086684408004447 0.07787317423259822
0 0.27773811520289043 0.744792560311284 0.03994676959421908 0.07920087937743196
0 0.5737270034741523 0.7444126482922612 0.03958157782101159 0.07844105533938617
0 0.9188959143968872 0.6459143968871595 0.040300166759310634 0.07734814094249899
0 0.1283525569760978 0.16358625162127102 0.03856309060589218 0.07869920017293558
0 0.9193301834352419 0.4527129269347168 0.04082128960533627 0.07937472978815387
0 0.42572854030016677 0.7440797806960656 0.039582428015564275 0.07912637937743186
0 0.869014292245692 0.5510312957198443 0.04093992412451369 0.07740576048421971
0 0.42546491314619234 0.45540859025075653 0.03905517370761541 0.07936181949848671
0 0.8203510141745415 0.5506161929312581 0.03949997165091718 0.07792661413748389
0 0.08014869371873257 0.6467588089061823 0.03873679822123403 0.07768590575010807
0 0.0794260244580322 0.16416984057501077 0.03937595108393557 0.0764887300043234
0 0.08003975541967756 0.9364692804798961 0.040603413007226294 0.07817796865542566
0 0.12948165647581983 0.6464210440985731 0.03977904391328515 0.07903696498054469
0 0.32726124277376323 0.6479420752269779 0.040674514452473685 0.07802584954604411
0 0.07962052445803221 0.35634131074362296 0.03976495108393558 0.07780637851275395
0 0.5740638996664813 0.16301256095979244 0.04095020066703725 0.07890287808041505
0 0.6228981378543635 0.45473951578037175 0.03891050583657594 0.07734814094249885
0 0.9690974152306838 0.16071525075659313 0.040647581989994463 0.07701037613488974
0 0.7211297943301834 0.744879485516645 0.0397790439132852 0.07869920017293551
0 0.8196220122290161 0.7438661910938175 0.03943162868260148 0.07937472978815396
0 0.029947192884936014 0.16274183960224814 0.03943162868260145 0.07768590575010807
0 0.22855173763201775 0.9370821628837009 0.03989252473596451 0.0780526742325984
0 0.42569705933852137 0.6473493104193687 0.03986688132295722 0.07819137916126233
0 0.6720459048082268 0.25976407565931686 0.04027719038354647 0.07717784868136619
0 0.8196710989438577 0.8404779129917855 0.03952980211228458 0.07872117401642893
0 0.968174024041134 0.936710500864678 0.042274951917732194 0.08068699827064425
0 0.27721998332406883 0.5511713683527886 0.04030016675931074 0.07768590575010807
0 0.079627570872707 0.5501580739299611 0.03873679822123401 0.07633484651967147
0 0.6720131971928849 0.45424144303934283 0.040906605614230075 0.07905411392131434
0 0.0790195942190105 0.25934257457846954 0.03925792106725959 0.07836143536532646
0 0.030159085464146713 0.5499825605274534 0.04020282907170657 0.07733487894509296
0 0.770918867565314 0.3563502959360138 0.04069126486937183 0.07917540812797227
0 0.030902584769316222 0.6455766320795503 0.03960533629794331 0.07802367055771725
0 0.72173777098388 0.16274183960224814 0.03856309060589221 0.07971249459576309
0 0.7215071976097832 0.5505193105274535 0.03949160478043357 0.07840837894509306
0 0.1296159634519177 0.744515060311284 0.0403950730961646 0.07864587937743196
0 0.8196687027515286 0.9367877804798961 0.03917759449694265 0.07813943904020762
0 0.8199917451361868 0.6458404715737137 0.03947626403557537 0.07922687916126245
0 0.03119451973318507 0.9357906332684826 0.03914696053362985 0.0781717334630352
0 0.6717099777654253 0.6482787505404237 0.040647581989994463 0.07802367055771725
0 0.029943274041133932 0.35583178112840463 0.040813451917732134 0.07948943774319067
0 0.2771152613952195 0.16334744336359705 0.03904847720956092 0.0788971132728059
0 0.03012090050027787 0.06512781020319929 0.03873679822123402 0.07565931690445309
0 0.17924888827126176 0.8406358084738433 0.03995275152862704 0.07633484651967147
0 0.22821717620900497 0.4535941338089062 0.04061306281267376 0.07978608430609593
0 0.7219216552251251 0.2597090756593169 0.03962568954974992 0.07706784868136617
0 0.9197758921623124 0.2579588988326848 0.03962821567537509 0.07829620233463037
0 0.37718871595330733 0.8406358084738433 0.040126459143968875 0.07971249459576303
0 0.9197569769316288 0.5502705012970168 0.04028521567537524 0.07723523086900129
0 0.8685442074763758 0.9371388980760916 0.04069458504724841 0.0795172038478166
0 0.02913267454141186 0.25877866364029395 0.03988708337965542 0.07993573194984872
0 0.6228685272373541 0.8410655750108084 0.03919869983324072 0.07719437959360143
0 0.5743353572818232 0.647960075226978 0.04079828543635356 0.07806184954604412
0 0.3767520779599778 0.6477247808041504 0.04064284408004453 0.07826679031560749
0 0.07998048207337406 0.744258060311284 0.039790035853251866 0.07813187937743195
0 0.7212904899944413 0.8405272953955901 0.039753020011117204 0.07814440920881971
0 0.02977348526959416 0.45288180933852135 0.040126459143968875 0.07836143536532637
0 0.6226375764313508 0.5516780155642024 0.03908421345191775 0.07667261132728055
0 0.8694962265147305 0.6457855891699091 0.041208962201222984 0.07911711435365316
0 0.671883685380767 0.5506647211413748 0.04030016675931074 0.07667261132728065
0 0.918605415508616 0.8413791926070039 0.03971916898276808 0.07782161478599232
0 0.9681420233463035 0.8394536316472114 0.04151612006670372 0.07869920017293561
0 0.22836953001667587 0.7428304270428016 0.03987552473596444 0.07932979053177695
0 0.3265529460811562 0.16341736921746647 0.039257921067259616 0.07836143536532643
0 0.42599391314619234 0.5518578401426718 0.039418343246247996 0.07838331971465627
0 0.721402159533074 0.9371870452875054 0.039976359088382395 0.07826243904020755
0 0.7703244523346303 0.8403229129917855 0.04089209533073931 0.07841117401642883
0 0.9683157309616454 0.6452388672719411 0.04151612006670372 0.08005025940337221
0 0.5737309420511395 0.8406755602031993 0.04097911589772098 0.07708987959360127
0 0.7707405561423013 0.5504856781236489 0.04137688771539741 0.07901664375270201
0 0.7705099099499723 0.646937413207955 0.04056818010005563 0.07939417358408996
0 0.6718632205391885 0.744909060311284 0.04130148276820447 0.08010940899265022
0 0.7706493061423013 0.9368143980760916 0.04119438771539744 0.07886820384781658
0 0.08004262826570313 0.8405844277993948 0.04026174346859372 0.07758314440121063
0 0.9684661892718176 0.7432420306960658 0.04146962145636459 0.0788019386078686
0 0.0798245244580322 0.4543520754431475 0.040172951083935586 0.07859984911370521
0 0.8700188917454141 0.2582237812364894 0.04051721650917171 0.0781504375270212
0 0.2772996575875486 0.26075420806312144 0.03976468482490278 0.07848258387375708
0 0.6725741124235686 0.16353932576740163 0.04063877515286265 0.07860534846519675
0 0.2781336766259032 0.8413281926070039 0.039695646748193425 0.07771961478599228
0 0.2774805447470816 0.45507728058798097 0.040126459143968875 0.07869920017293551
0 0.030661000694830427 0.743618060311284 0.03981699861033913 0.07685187937743186
0 0.2282211338243468 0.8413130602031993 0.0395787323513063 0.07836487959360126
0 0.031206062117843214 0.839771280587981 0.03986487576431357 0.07798343882403813
0 0.6719705391884381 0.35628107436230005 0.040821289605336375 0.07701037613488977
1 0.17375171097169506 0.7478047732589768 0.0053229735154556625 0.007678716911038287
1 0.07571995372429124 0.15941943547341111 0.006946696220122231 0.013400104409857307
1 0.07509304280155639 0.6497900089710332 0.009242763757643071 0.006772662559446492
1 0.0715315496108949 0.26310824286640727 0.007605900778210182 0.011584514267185516
1 0.4228738700667037 0.6598969375270212 0.003995172595886588 0.01763316774751406
1 0.2701418073929961 0.1651350835495028 0.00686063201778759 0.014128341331603936
1 0.3742147191495274 0.655093833873757 0.0061217012229015716 0.01845749005620393
1 0.6695275883824346 0.16783737797233028 0.005407024458032237 0.014803519022913929
1 0.817190305864369 0.6523966274319066 0.003647459421901138 0.016421077172503296
1 0.07561960422456918 0.4486553314958927 0.009231886603668648 0.00845295568525723
1 0.9153018300444691 0.07419405490704713 0.007188168704836175 0.008888695201037583
1 0.17249552068324814 0.8455652699651028 0.008221110027926111 0.008321651304853973
1 0.024530669538632546 0.9357302873973194 0.008922262923846527 0.011794397103329067
1 0.6167836113118399 0.6500580533938608 0.009449731239577578 0.009614221789883162
1 0.6695843807670929 0.7510557893428447 0.005640854919399629 0.017032930609598058
1 0.2709967650083379 0.4540811563986165 0.005150716787103958 0.01651613510592309
1 0.5238251780155642 0.9503198927799393 0.009152034185658766 0.013014019022913893
1 0.027040288076709253 0.5494990378296585 0.009461669538632513 0.008748897968006868
1 0.17263838702056694 0.45617137764807597 0.004188206503613045 0.01841545914396894
1 0.0263828538076709 0.7451295236705577 0.0069549705391883775 0.015374869649805252
1 0.02147250861589769 0.15985140585819282 0.00843769538632567 0.009834045179420646
1 0.2748455063924402 0.9436511271076524 0.008917936631461894 0.01554307652399483
1 0.3221869496942745 0.7454052736705576 0.009774238465814275 0.016174428880242096
1 0.6715198150361311 0.8493369948119325 0.005591553918843825 0.009618811932555142
1 0.07468135853251803 0.7507843041504539 0.004160073374096651 0.018251430609597996
1 0.5732177598665925 0.26440904669260695 0.003821567537520869 0.017563769995676645
1 0.4734755357142857 0.16932303999135323 0.004931919121734398 0.01723643190661475
1 0.17367275555864367 0.0700950540423692 0.010457434963868754 0.010331400778210115
1 0.02488939619232904 0.8447478327929095 0.010984131461923227 0.0140684286640727
1 0.4743336585603113 0.368794408236057 0.005647580044469232 0.0141540499351492
1 0.8206356467481933 0.4620776424556852 0.0116956325736522 0.009305047989623776
1 0.36942477015008335 0.8428369355814959 0.00666880322401328 0.01721469347168182
1 0.41700350583657586 0.8402987439472547 0.00600827459699827 0.01553578058798097
1 0.6747533678432462 0.06981067163856462 0.007809829071706429 0.012251224816255919
1 0.7702608797943302 0.8513156254863813 0.010887240411339556 0.012577749027237356
1 0.9219107115063924 0.9496273605706875 0.01019857698721499 0.016675278858625
1 0.024318794886047768 0.46440012591872026 0.00941441022790445 0.014254748162559375
1 0.025484023346303473 0.2512322733463035 0.005625894385769808 0.023651428231733666
1 0.7265147304057811 0.5577577821011673 0.009553918843802071 0.009795179420665729
1 0.1252220856031128 0.9353813901859058 0.00973509505280707 0.010465602680501599
1 0.7762634491384103 0.5539459359057501 0.0059430850472483795 0.012690164504971907
1 0.2242409316373835 0.9431620159236469 0.008775995145882095 0.012788967556403266
1 0.12580554321845466 0.5562867155209683 0.010305255975541907 0.0127373125810635
1 0.8223209772095609 0.06332427356247297 0.009367217342968307 0.00968683981841762
1 0.12469969371873262 0.4535449360138348 0.0052212351306280625 0.020966223951578062
1 0.3266879601167315 0.9439907150886295 0.010499844080044441 0.009459663640293787
1 0.32180197304057806 0.8522930984651965 0.007070039466370151 0.01181296000864693
1 0.37788647957198435 0.5585766423476005 0.008505806837131707 0.01153510700389108
1 0.8692275268204558 0.9452810069174232 0.00836194635908833 0.017439986165153618
1 0.673653429266259 0.4591687156290531 0.012094197609783208 0.010394194336359635
1 0.22236682170650357 0.8470497596195417 0.009998152028904883 0.014868811932555143
1 0.5707382060867149 0.5601384663856463 0.010170336020011205 0.01584228469520108
1 0.5728911593941077 0.742692037613489 0.010380827404113545 0.009441367920449572
1 0.42190607587548634 0.16241308009079114 0.007965848249027272 0.018932839818417646
1 0.7193018344913841 0.9507442899913532 0.01008310144524732 0.015542872676178179
1 0.07412591995553082 0.06411595211846087 0.006313196220122233 0.03917784500648507
1 0.3243383182323512 0.052473683852140074 0.00964048415786551 0.009095541936878492
1 0.9202369823513062 0.7559433337656722 0.012256719010561311 0.009284430609597926
1 0.9683686799610894 0.5582164811932555 0.005279038076709241 0.022388373540856023
1 0.0753759199555308 0.3566256713143104 0.0076347637576430795 0.022278813013402596
1 0.8196075896331296 0.847515524427151 0.007845687882156836 0.016639400778210144
1 0.7734266186770429 0.07229248086900128 0.010921915508615853 0.009989724816255954
1 0.9661931375764315 0.7595353050151319 0.012062029460811629 0.008855784262861969
1 0.12617585464146744 0.6486098182014698 0.009564633129516357 0.019265988326848175
1 0.22693279405225125 0.26023027421098144 0.006772266259032759 0.016463900345871134
1 0.6243949902723736 0.748165053285776 0.010902904391328657 0.010654869649805516
1 0.8719442743190662 0.8394826115434499 0.006007226792662631 0.017843575010808403
1 0.07915230753196215 0.5529633035019454 0.006682877987770944 0.013979899697362698
1 0.4219533086436909 0.5589929811932556 0.005836295441912195 0.018133255079982744
1 0.27848085589216226 0.6538194218547341 0.004426559477487452 0.01830419563337651
1 0.47666210755975547 0.6596567310851706 0.01037089327404114 0.009331695633376508
1 0.17492679704166356 0.3592463333554609 0.010452930101149782 0.011494209929498072
1 0.5183550023624235 0.8461329651967142 0.009322513340744873 0.0133247527021184
1 0.9653763685380766 0.8475720688499783 0.010916245692051112 0.019903960008646828
1 0.2753373411617565 0.8495542604842194 0.005154945247359624 0.023370402507566033
1 0.2218736755141745 0.45385834716817974 0.012026690105614156 0.010206457414613112
1 0.6227189141189549 0.07142355490704712 0.00626450639244039 0.021184991353220915
1 0.12437534061833687 0.7453296910240463 0.004614190831556491 0.02094276347429523
1 0.12350638229571982 0.16749820201037613 0.0065656122846025 0.024939285559878923
1 0.6263053232351307 0.9525554494163424 0.010983353529738641 0.014425101167315348
1 0.868095986242357 0.4581020248594898 0.006755498332406721 0.01725628318201464
1 0.07635254280155639 0.9379199206658018 0.007418594219010493 0.02025019325551231
1 0.47621832198443576 0.0765020087548638 0.012018356031128465 0.013290982490272397
1 0.767235654947193 0.6612200847384349 0.00871240327959971 0.015662402939904986
1 0.17382175555864363 0.9399165678772157 0.009464604502501344 0.017607958063121307
1 0.27616770969983323 0.36029295092952873 0.011832173707615265 0.016295313013402552
1 0.026594934269038323 0.6498833774319066 0.011047207615341795 0.0227986364029398
1 0.37065124680377987 0.9453987743190662 0.0073425869927737 0.015425430177258823
1 0.7214177073374096 0.1756803056636403 0.009325508060033525 0.016681433635970532
1 0.27447396400778207 0.5534879062905318 0.010355851862145623 0.010904105274535187
1 0.6201559823513063 0.8449234477950713 0.011539035297387455 0.016006104409857315
1 0.676186929266259 0.5573477311932554 0.005637536687048339 0.022774814310419264
1 0.225081902167871 0.1622014511456982 0.006305067259588602 0.024724313445741428
1 0.4209953319899944 0.3637890841980112 0.004625511673151753 0.018760461089494175
1 0.32886232865480813 0.6489636413748379 0.013099411617565337 0.011803045827929064
1 0.5200911823235131 0.6553449070471249 0.013840703724291257 0.013226636402939935
1 0.966144203307393 0.9421271715304798 0.007643499999999952 0.023995224600086393
1 0.9179038404669261 0.8515682012537829 0.013101435241801239 0.00988510635538257
1 0.1254381525366236 0.35670968614404713 0.010301985140476104 0.01554224188513399
1 0.5226800785158421 0.3675620258322525 0.007273250416898236 0.015943285127539987
1 0.8709374395497499 0.7515342745352356 0.009063142023346314 0.01269831214872457
1 0.4734227348526959 0.9495649589277992 0.008164257921067274 0.023981301340250658
1 0.7211432073374097 0.4576270684176394 0.009874508060033397 0.013477488759187256
1 0.6236638250416898 0.2656712306528318 0.010628158699277484 0.012337283614353625
1 0.8208269815175097 0.27731993882403805 0.007491395497498639 0.016061051880674526
1 0.9654219367704282 0.2687562141158668 0.012799126459143955 0.014098571768266281
1 0.4712513896609228 0.5567444876783397 0.010769872151195056 0.015874945957630813
1 0.6717151221511951 0.6604629523346303 0.011106998610339097 0.017852197362732407
1 0.42332257337409673 0.07067277529182878 0.009003824902723676 0.018633372892347577
1 0.8742168080878266 0.15647586143536532 0.01084237048360208 0.014558545179420665
1 0.5759165512784881 0.36014918612191954 0.007456780711506537 0.011854135322092525
1 0.9043865974547738 0.3671952713366303 0.008154795798930588 0.013097036369196383
1 0.12532131656475817 0.8389366263510593 0.005367650361311783 0.020962134241245104
1 0.572517805586437 0.8501364076956334 0.005916306559199569 0.0195039896238651
1 0.3228710958866036 0.3622297897751837 0.007016285158421301 0.01850140185905749
1 0.17211828321289602 0.16260071595330738 0.004533583657587517 0.0232502542153048
1 0.8720817120622568 0.5606287829658452 0.012333240689271767 0.012159533073929966
1 0.3251776106170094 0.4565929212062257 0.00900414508060027 0.011492605490704693
1 0.22180391242854652 0.7540384863349433 0.010150170878514584 0.014213916633595896
1 0.5781981931628682 0.1705110408560311 0.004977988326848199 0.026344433635970558
1 0.7701762145636465 0.462843434284479 0.012107570872706929 0.017221131431041904
1 0.9200373828515842 0.16598353912667532 0.007097274319066368 0.012431430177258932
1 0.22390927932184543 0.5571634663856463 0.005870991106170058 0.022467814310419183
1 0.8205098992495831 0.9506854781668829 0.009245201500833694 0.019467043666234255
1 0.17381169413563088 0.6471321265672287 0.009137312117843192 0.015466075443147412
1 0.5201445214007783 0.7495487745352355 0.005396060033351802 0.018695900994379677
1 0.5230916165925513 0.4610510544747081 0.010271741801000595 0.012709283182014709
1 0.17442142078932737 0.5556116571552095 0.011044595886603632 0.01949166623432763
1 0.6643768893829906 0.9435020687418935 0.005980795997776665 0.02394754863813237
1 0.4745187156753752 0.7531149069390402 0.012573185658699311 0.01021257695633378
1 0.3706854968037798 0.2630703046908776 0.006926671762090005 0.027672079766536996
1 0.7200143959143969 0.6546436866623432 0.011437300444691597 0.017331195633376692
1 0.6214905585047248 0.5622898461954171 0.007259882990550283 0.018859307609165456
1 0.37592138257365204 0.157321476437527 0.011188234852696002 0.018207047124945978
1 0.7218947306837131 0.7549884670341547 0.005592139521956645 0.02335369714656288
1 0.42544814952751525 0.46704315812797226 0.013438053362979372 0.010182490488543076
1 0.7243607644524735 0.07228076048421962 0.009692867982212557 0.013390813661910934
1 0.9204592829349638 0.6567228707306528 0.008337965536409187 0.01925259403372248
1 0.8186305705947748 0.7523568633808906 0.007367819344080065 0.019159489840034658
1 0.9674342205391885 0.36056235948984 0.009180558921622962 0.024775281020319895
1 0.9729321670372428 0.07326868731085169 0.010048673151751026 0.016819196930393417
1 0.4720815762923846 0.841895829334198 0.007913847415230586 0.02075934133160404
1 0.17720216217342966 0.25761031776913096 0.01382107865480816 0.01359745784695206
1 0.7202695040300167 0.8500322752918288 0.005368440522512584 0.023765432122784206
1 0.7705666930239021 0.7550471874189364 0.0048296489716509175 0.022560726761781284
1 0.8689956557809895 0.6571266727194119 0.004956159255141809 0.02182263813229568
1 0.3725448463035019 0.06964099567661045 0.007376955530850436 0.017319284046692595
1 0.8213159606725959 0.5569943601383484 0.00981507865480832 0.018401279723303077
1 0.8204572081712063 0.36039109814094245 0.012747340188993763 0.01407242974492003
1 0.3223053692329071 0.5573062163856463 0.005021001389660842 0.02150678469520104
1 0.9741993771539743 0.45677206582360563 0.01298324569205107 0.015886868352788654
1 0.3212402463868816 0.1694947464332036 0.0054141709282934155 0.023648315175097245
1 0.529193792245692 0.0718961428880242 0.010226923568649328 0.01618663769995674
1 0.968511906614786 0.6525196134889752 0.008466737076153258 0.028334638132295826
1 0.6736372855753197 0.2740928909424989 0.0087184288493607 0.020043218115002117
1 0.6207085222345747 0.3597785545827929 0.0068111378543635834 0.0247549314742759
1 0.9192359252362422 0.561441187635106 0.004531206781545499 0.02336978642455683
1 0.5746203203168426 0.946050686338089 0.012828564480266837 0.01682372460008668
1 0.47481239577543083 0.274541990920882 0.013722901612006665 0.01283506268914832
1 0.5269159470539188 0.16994548162559445 0.004707572262368132 0.02207131517509728
1 0.12629546095052804 0.2607510068093385 0.01117207809894395 0.017002986381322926
1 0.8680402172040022 0.3657787610246433 0.00929894302390234 0.020860873973194975
1 0.22459494455252912 0.3608327017942066 0.0072789824902723356 0.024673225897103336
1 0.8736984162034463 0.07011527529182879 0.006667925792106745 0.021774961738002578
1 0.621486497081712 0.16704183095546907 0.008294005836575734 0.016706338089061842
1 0.4236573215675375 0.7511043303069606 0.00729935686492499 0.021569339386078645
1 0.7702616272929405 0.27052142315175104 0.008913932740411516 0.020200668612191927
1 0.07602614660922732 0.8428209651967141 0.01015587798777094 0.021975341547773475
1 0.2277159168982768 0.6540615986813663 0.007637927181767548 0.023899608517077335
1 0.5253939046692607 0.26432296584522263 0.008793902723735413 0.014358283614353675
1 0.8177962401334075 0.1678619223951578 0.004172667037242965 0.022185255944660573
1 0.9694440251528627 0.17067014277993944 0.014245635075041767 0.010489048638132258
1 0.27577742162312396 0.7487910393428446 0.007748936631461792 0.022237960224816413
1 0.37163728488048914 0.460432216493731 0.009539493607559736 0.02137778491137057
1 0.4230097619510839 0.2643239074794639 0.008239786826014443 0.021787226113272773
1 0.46977487493051684 0.46132592952875046 0.007469427459699826 0.022292477302204874
1 0.4209975377987771 0.9404958736489407 0.009622924402445878 0.020029252702118562
1 0.5740226360478043 0.46005059889753563 0.010202365480822602 0.02281654971897969
1 0.624441346581434 0.46345615466926066 0.009687306837131615 0.021148690661478595
1 0.7693955493329627 0.16548727172503241 0.011935901334074421 0.01900145654993516
1 0.5210186214563647 0.5589399589277994 0.00781684269038355 0.024319066147859933
1 0.028991801000555803 0.04367974492001727 0.004863813229571986 0.013172827496757453
1 0.12157795997776535 0.07205198875918718 0.005558643690939416 0.01452388672719413
1 0.025314072898631655 0.36106853253000226 0.006817525738183791 0.008137941867121985
1 0.5747811284046692 0.6533452226545612 0.004168982768204492 0.009119649805447475
1 0.7200006948304615 0.2706576956333766 0.005211228460255666 0.007093060959792464
1 0.9227642276422764 0.37106199186991873 0.008565621370499547 0.02258355916892496
