0 0.04739300397789277 0.06764308820453452 0.0416300956806421 0.06481874243034351
0 0.10749115443376635 0.06513201145934701 0.0446017688597881 0.06762630382649353
0 0.1674236547769916 0.0643824066446316 0.04463662046326607 0.0675373242229008
0 0.2275638284137713 0.06399662878482826 0.04572152453620591 0.06815186522264353
0 0.28750627115306654 0.06266209537566934 0.04434808779753294 0.06743292608063595
0 0.04507886843400708 0.1593718160342638 0.04501382072739908 0.07032157218961037
0 0.10676307627265885 0.15960208646007762 0.04589425354722882 0.06986203133798273
0 0.16696743258817395 0.15795036709879834 0.04497326211849187 0.06931883772518996
0 0.2275570193866914 0.1567592213900594 0.04494387516650258 0.06877550492243707
0 0.28752823304569414 0.1559538487017647 0.044593733711704386 0.06946616859577129
0 0.044488032243586044 0.2551707559207257 0.044197040279145214 0.07161016546749352
0 0.10571205675566112 0.25472006719816714 0.04626396200845544 0.0711314203577278
0 0.16641698579660624 0.25304989357874974 0.04444638978977242 0.07217156333842445
0 0.22691141181154809 0.2528847048561912 0.045655950917935964 0.07204189993191396
0 0.28700544842763653 0.2514582048561912 0.043901884751259675 0.07397481822865869
1 0.04048988227373535 0.06820250315425655 0.0066746868201499636 0.02522267956332561
1 0.16084148954653388 0.06463573965368125 0.017374181965599117 0.037263308981837585
1 0.22415449507731516 0.07241052388532102 0.013525723460937025 0.035054925215759154
1 0.2765203149794406 0.06789756919474448 0.006958211762321217 0.010957893279723244
1 0.03806551096021313 0.1698562160673868 0.01939802192042626 0.014519023618497332
1 0.09793247234609372 0.16089928785676166 0.011148433427926107 0.023692103858822644
1 0.15752473569525685 0.1609132258478553 0.009818774396247188 0.014003369992455345
1 0.22268945417559508 0.16363164457703844 0.019061932559217006 0.024667962341055904
1 0.27888318622227376 0.1520431694606481 0.016131814849134212 0.009661521888743698
1 0.16677319333120985 0.253597505055849 0.020278829067006447 0.0181716424470493
1 0.22330890263218858 0.24816435186224536 0.00710895676724387 0.02397749946635262
1 0.278885898346557 0.24240929015236548 0.018732517895407443 0.013405662007986322
0 0.04525234589100597 0.351452825980347 0.0441162614814386 0.07180314218022553
0 0.10600162645508775 0.3497965555545332 0.04713267110673541 0.07235543792208747
0 0.16663441307117627 0.3492126523609296 0.0440115352406324 0.07122304005115657
0 0.22720369363525805 0.34858667278674343 0.04651923576764932 0.06971475408976313
0 0.2872199135779232 0.3473815910834882 0.043762524150112954 0.06982471323813551
0 0.04474559891700934 0.44652501327217853 0.04368190693229862 0.06935543506063334
0 0.10600137645508774 0.44526875305927166 0.045974892309028806 0.0691077103766814
0 0.16684837822146292 0.44422911007857496 0.04329403524063244 0.06842675122830912
0 0.2267750133346847 0.4433231815689233 0.04679745696994266 0.06977856739598483
0 0.2871184802513465 0.44177256922694735 0.044544530202119695 0.07011954697017095
1 0.03426342759309667 0.35429584065104985 0.009338436989633417 0.025633517895589056
1 0.09344414200498061 0.3457206999981598 0.01143800312735275 0.016101429806966806
1 0.21889304505704524 0.3389211306378006 0.01738852041466386 0.013599138720718393
1 0.28309617714426366 0.3478278455412841 0.013497226993687425 0.024768282566291853
1 0.02896701242254011 0.4469986909169534 0.01066503694909366 0.009982891614375407
1 0.15959753723866335 0.45068786985904347 0.020441225980193458 0.02376641290506596
1 0.22035216171019867 0.44404533389765005 0.006651905223837421 0.024630381833906888
1 0.2794881543985638 0.43829912431683926 0.013763599698847538 0.014960921820657763
0 0.04445602921758269 0.5427564048221482 0.04339233723287196 0.07194997305080689
0 0.10524298705623446 0.541426710776917 0.0463333923090288 0.07184911603150362
0 0.16579424487461633 0.5400513892865686 0.044244023136619 0.07183951390243451
0 0.22687965878554472 0.5390162973704065 0.04716730546707589 0.0729896160315037
0 0.28743684085249316 0.5385699097123824 0.04390780899982629 0.07112214623778593
0 0.04374676388486709 0.6399674927129528 0.044087029825679025 0.072787790755019
0 0.10437539815833674 0.6386517122720499 0.04691029130711763 0.07291647498297844
0 0.1661391128887473 0.6376670384548146 0.044474901517345136 0.0718672090517638
0 0.2266592693866914 0.6362225001978175 0.046449805467075944 0.07317449061516676
0 0.2873299832773499 0.6349117604107245 0.04383195445068628 0.07303572507958704
1 0.03351638669137662 0.5344707352280882 0.014596924885619983 0.019515184494783105
1 0.10095423090287833 0.5428159190604126 0.00915889210633 0.010185470456176553
1 0.1570492417472636 0.5399129905507608 0.00642621680083397 0.02059173599175615
1 0.2223562829530318 0.5329299750151814 0.0165430083106504 0.02305674577222455
1 0.2891918711125268 0.5370055109765747 0.015205184629640383 0.025946654288500848
1 0.03582727003822321 0.6428383465717755 0.017793540076446415 0.02359957058866827
1 0.2790190846991371 0.6461045099782861 0.011516472404007676 0.023047774846806257
0 0.042624659755603186 0.7381355464365236 0.044738518561417744 0.07360653626041991
0 0.10405230352695895 0.737325731069319 0.04626410204436205 0.07290698722926593
0 0.16531129318932072 0.7352651493660636 0.04484625001447854 0.07292619148740402
0 0.22644234211212141 0.7342712998316249 0.04659409031678928 0.07259425328929209
0 0.28697098327734993 0.7328359477025559 0.04454995445068625 0.07178463073440913
0 0.041885117073029485 0.8368556762784535 0.04505932512885853 0.07260372022155573
0 0.10361242643481787 0.8360503547881051 0.045830107459315476 0.07375432235062465
0 0.16529959639775293 0.8348409720203155 0.04523332009034575 0.07341284277643842
0 0.22669398453697806 0.8332351301041533 0.04609080546707598 0.07386428149899703
0 0.2880372627849993 0.8324184572070196 0.043430640825698766 0.07393585770683744
1 0.1573710644726936 0.7354950693925619 0.005782571349973941 0.015401852823730633
1 0.22188967537788845 0.7343768247152347 0.01573880526437714 0.029139363469076165
1 0.2831846875542944 0.733880168558968 0.011582787977066078 0.016791491084408326
1 0.03687819126078648 0.8325036092459009 0.019166534024439696 0.037143932530408666
1 0.09649773392888171 0.8327888592459011 0.015176189060056765 0.03473326912389818
1 0.16031332511438007 0.8274340577489281 0.016693092633346857 0.0219807886848352
1 0.22224892537788846 0.8231880320004417 0.017047293160363745 0.01713165548460691
0 0.04117681125846993 0.9377932760429126 0.044738518561417744 0.07452661796367509
0 0.10318399613424453 0.9367993688929576 0.04610782866160885 0.07421422800544693
0 0.16525742746279032 0.9344579798686123 0.045317657960271034 0.07337651583460617
0 0.22700816586552386 0.9330778573137294 0.04575201250941104 0.07291647498297844
0 0.2880629070222144 0.931827607234318 0.043687563876838656 0.07293907270063085
1 0.03959727003822321 0.9258553112084353 0.007936982481033196 0.00869458156524296
1 0.15942955539468354 0.9305752810021529 0.007167413795100499 0.01903639859779546
1 0.22208415565819198 0.9181036326987836 0.007821032518677263 0.026958183694312094
0 0.347354589592865 0.061226993246600296 0.04337502768286327 0.06662280352575307
0 0.40658312923495693 0.059680931969158864 0.0442206645624602 0.06649464011924258
0 0.46654812616297037 0.0584658431485188 0.04477030749406382 0.06567491543529065
0 0.5261415991131214 0.058331549519034194 0.04525804432852265 0.06646869954633257
0 0.5853260209911313 0.057719727999701306 0.0430849457123924 0.06720268536953204
0 0.34696408656686173 0.15420107351912848 0.04473517313372331 0.07021147385127802
0 0.4070177337840969 0.15248502245459394 0.04479930396131353 0.07226345342546417
0 0.46715240979903866 0.15179976224168704 0.04499094689291715 0.069953647038257
0 0.5272961519945139 0.1508524778999336 0.0438735731424477 0.06945521352359778
0 0.5870967469236638 0.15068824207673417 0.0441666667308773 0.06929402795453041
1 0.34048315313893557 0.06468146749811383 0.011655457780737852 0.03349152647995142
1 0.45905893849539586 0.06290108473032405 0.013109319395378431 0.031071760944371855
1 0.5244906426691889 0.061662605590906076 0.01897165076166772 0.025530582319946926
1 0.33607313947124573 0.15461497052518264 0.005997000144784897 0.01601894105036527
1 0.4042147534024439 0.1634986801059934 0.008417658307754787 0.013432869992455373
1 0.4576923687959692 0.1622702262802937 0.01613202849365852 0.0296910031926835
1 0.5186603880903214 0.15250735485580819 0.005975237873802697 0.015221109203352162
1 0.34134890011293223 0.23773508100399313 0.012530091127584408 0.01861371264008241
1 0.39859430338217416 0.24251053037189702 0.009234049168934945 0.032064856485655886
0 0.3472184411160017 0.25008263336584285 0.045674312532576596 0.07212555269307915
0 0.40784605348352343 0.24893733230130835 0.04430094336016688 0.07349607311889292
0 0.467731799197892 0.24796682208840146 0.04556958629177048 0.07221680758331339
0 0.5281180894526164 0.24679935666203123 0.04438717890523262 0.0724450277549951
0 0.5878171074329063 0.24504538501563228 0.0448834263913824 0.0730150277549951
0 0.3472854092922917 0.3456060093802329 0.04611951557884985 0.07015559068325271
0 0.40817576258180355 0.34469047874151226 0.0442206645624602 0.06922640685092828
0 0.4683139007210285 0.34348944810279153 0.046142801442057124 0.07024834557348693
0 0.5288100750456538 0.3422522277003983 0.043927842295867665 0.06907799920185868
0 0.5890230689584762 0.3412749635235978 0.04524540707037253 0.06956355590906085
1 0.4502849748074362 0.23338794823620337 0.009229089013725657 0.025927855620779136
1 0.5179946669042464 0.25404627033056754 0.014087333808492742 0.035426968506472034
1 0.5843690524807176 0.24299239317515772 0.016335210855209992 0.02032077444185198
1 0.33877189406092545 0.34940538107023894 0.020579800225864406 0.014252557882340013
1 0.3989126639833208 0.33896270701838316 0.008018188567788314 0.005695291481883635
1 0.5188741032970928 0.3324772493016264 0.00739707661367995 0.007344858231994706
0 0.3478239092922917 0.4400522170978783 0.04649036407598309 0.07080000611854328
0 0.4084975853072335 0.4397624160333437 0.043866588811026806 0.07045952654435712
0 0.4688524007210286 0.43793565582043686 0.0465136499391904 0.07089276100877752
0 0.5297385595734352 0.43726389341141725 0.04453656544486479 0.07051063902714905
0 0.5901265833654388 0.43566882747356456 0.04642870503771723 0.07076282761005653
1 0.39794844580703076 0.44378270602009456 0.012263182515781677 0.008594166930423452
1 0.4631449173133723 0.43968404793625676 0.019415846730758204 0.02047180991112012
1 0.5294149455505814 0.4354937405067707 0.008198410422172672 0.027533509367142498
1 0.5847036365820113 0.43757223341837037 0.020289215536172422 0.02288686632847674
1 0.3393655137400823 0.5350505873571573 0.011574178983031208 0.02479605215943173
1 0.40465207007586734 0.5358741131056438 0.010149152255747971 0.03557010365640469
1 0.46080228094052234 0.5306616282087848 0.02033671338391161 0.03127376619803842
1 0.5278252099575439 0.535801362180468 0.014151785338377684 0.026698409930003494
1 0.5866273481075812 0.5324127829374047 0.017674638587312375 0.01144099372014614
0 0.34841026235014777 0.536752663636531 0.04705507615683098 0.0715363524280956
0 0.4091491171309434 0.5355844452413374 0.04343223426188698 0.07249266666359973
0 0.47010192853419824 0.5343374491654859 0.04662072160769094 0.0713063320022818
0 0.5305814211479338 0.5334496205395287 0.04470011144928764 0.07057447044918708
0 0.5910249535351861 0.5321028131969964 0.04494017622379226 0.07130945627238647
0 0.34887779263913826 0.6335866174300278 0.04669915497770318 0.07384584763447
0 0.4100493292552268 0.6325563265784001 0.04394836760873339 0.07268614337633184
0 0.47069150224416517 0.6313000663654933 0.04659985298546362 0.07243841869238002
0 0.5309404211479338 0.6298850063900266 0.04367389992371778 0.07160795607285107
0 0.5922061409932887 0.6290699277822934 0.04565991656328736 0.07274845607285114
0 0.348695580514855 0.7316397181283697 0.04677400952684306 0.07279696732789888
0 0.4101623610789368 0.7312442589799973 0.04545972215787344 0.0735878856246436
0 0.47137749921816186 0.729868687489649 0.04638613783517695 0.0731187426439469
0 0.5320962143688214 0.7286023922405245 0.04536906331435255 0.0734636710666446
0 0.5938747899769612 0.727296506290259 0.046945791479492335 0.07362715688984428
1 0.3400775894915157 0.6349715246489888 0.00696476078647133 0.011730763336584439
1 0.40025019278102747 0.6273577284746886 0.007949258267214843 0.013617170987983571
1 0.4621141506196792 0.6279738559198057 0.009315452742225104 0.006864425878217936
1 0.5215372389390589 0.6223246397989712 0.01316642025026781 0.01719736465874566
1 0.5875504923447963 0.6251022976497678 0.01798583079187247 0.03563525251500183
1 0.341734309231482 0.7260595640698895 0.02363163056697747 0.024151964733268298
1 0.4129047261684138 0.7272142172634929 0.009280603839694224 0.029203311972103258
1 0.46966607945792554 0.7256777581151206 0.01766674071929124 0.02905594430745432
1 0.5282745548269778 0.7277530364868073 0.019725537636479867 0.02032077444185198
1 0.5889899730237862 0.7198183826108032 0.020346465368582544 0.0166037935752076
0 0.34935464127453175 0.8315615570799536 0.04562155170248339 0.07418068631457035
0 0.40987522654317665 0.8306642355606206 0.04478287613749319 0.07401670049137107
0 0.47149907621878395 0.830012892776087 0.0466690561676979 0.07531938606043827
0 0.5331483201316063 0.8280946853064887 0.045114120942202615 0.0737695716295056
0 0.5945153669258212 0.8266271137871558 0.04535642605620235 0.07523574302177274
0 0.34948335280010173 0.9302789429304514 0.046905186279193406 0.07309845801556608
0 0.41095247654317657 0.9303606858420511 0.044785856816483186 0.07391428662329949
0 0.4718843406257464 0.9300352644497843 0.046514950404912964 0.07358581497690027
0 0.5335335845385688 0.9280766355879191 0.044343592128277654 0.07358581497690027
0 0.5950030784513912 0.9268952141956524 0.045613849107342425 0.07350037168410246
1 0.41032599128531905 0.8229868051739628 0.009053444263798277 0.034040295916993264
1 0.462635634349404 0.8201283045386328 0.017239576494247948 0.01870203692260228
1 0.5930165259051787 0.8207008547927647 0.012909782656937346 0.0263707662927317
1 0.3444672138121143 0.9205654912785929 0.013171427624228488 0.04013203926438789
1 0.4007266068761991 0.9189313836819283 0.010684156124548273 0.02968985242466008
1 0.47110586011434646 0.9206022122896617 0.01879181649856298 0.031244767363856795
1 0.5273415992807113 0.9119153972233988 0.024365352459142717 0.025114851153999522
1 0.5859347423447963 0.916728826339396 0.019059850112882287 0.032625995463325994
0 0.6455130004969911 0.056618899391968146 0.044146327775252174 0.0669560565076668
0 0.7052890713586736 0.05592508496103552 0.04387204644747684 0.0663850565076668
0 0.765167959508711 0.05396900635330237 0.04462497664527165 0.06686961321486892
0 0.8249961890145707 0.05205054888370395 0.04362995497800166 0.06776858486126786
0 0.8859006685204305 0.050258206099170276 0.04418097161757127 0.06743601270660472
0 0.6473622696504112 0.1488543277728676 0.045070962351961986 0.06953425605399936
0 0.7070093789865235 0.14771242764580153 0.04505460407532699 0.06985942744626625
0 0.7672734113737759 0.14714217764580154 0.04472903427312168 0.07051027023079995
0 0.8278710495238132 0.14579652043033522 0.044969099047626304 0.07075329858440099
0 0.8886479376738506 0.1447779347342018 0.04515887534770116 0.07132149833026888
0 0.6480800196504111 0.24459589919243283 0.04394367387753209 0.07195537053952883
0 0.7083954606818409 0.24361568463443412 0.0447481328892519 0.07195717079366092
0 0.768375805610991 0.24194600615376702 0.04314066884983158 0.07186892724673094
0 0.8294360110493832 0.24198642754603383 0.04492129125218635 0.07178808446219725
0 0.8904184136063832 0.24047588438030204 0.044700038738336154 0.07285054193179566
1 0.6996069611846111 0.05281205470144375 0.012086653215801824 0.016790194463690688
1 0.754072844588191 0.05815901280637239 0.02212453527866174 0.0286205101652838
1 0.8199806701963308 0.047838340143445075 0.01420991734152156 0.02282036585595753
1 0.8770897554649757 0.05073126153571191 0.02050245330210111 0.015565551425024908
1 0.9425606580219755 0.05558321191691006 0.013153469941670938 0.01467548054102226
1 0.6363396067625462 0.15018378333647528 0.00855609826939221 0.016930308949220103
1 0.6937311391497984 0.15862691992207104 0.016441220671747084 0.016202723888416877
1 0.7569961330626209 0.1485937975132758 0.011346573920681764 0.016193022871888525
1 0.8202124490102558 0.15095499017074346 0.014979205815951455 0.00853269426415534
1 0.8844300822462455 0.14223450434754398 0.018458472287931182 0.026463323126020656
1 0.6426806065949562 0.24401059766764024 0.011592886408642172 0.027587852550746868
1 0.708592903221581 0.24209864083337207 0.01938811423860196 0.02994279457288424
1 0.7618203493346484 0.24539782640243943 0.007554160362456737 0.026282366727547378
1 0.8234489200287408 0.24258459766764023 0.02175935937849159 0.023094994318752154
1 0.8907425773321982 0.22937355386657818 0.018470154664396065 0.03091010773315637
0 0.9464983066704681 0.05135878470690341 0.042263555713085925 0.06670382713753732
0 0.9486796912471781 0.14367530587233654 0.04159932486650578 0.07058881276120152
0 0.9510414459936353 0.23929446298803522 0.04396468046170086 0.0717857842080651
1 0.9373015090383031 0.13860479687794558 0.019665018076605978 0.01903302160122804
1 0.941508432089443 0.23973004741350815 0.011867595025465642 0.02586615153421845
0 0.6491829138876261 0.3398469132694657 0.04389536608209212 0.06899205590906088
0 0.6505574775968748 0.4354276788534186 0.04422835391929477 0.07173478206581478
0 0.7097041193260184 0.3384206632694657 0.04459650780545703 0.06939626983172935
0 0.7114754654282985 0.4339146058271656 0.04598520001001687 0.0723126420409892
0 0.7705064017132708 0.338339820484932 0.043502649528821706 0.06955795540079673
0 0.7723033920527659 0.4329387417774312 0.04391541868224153 0.07181608406312671
0 0.8311031696935607 0.33744224896559916 0.04528551227067151 0.0698841267930634
0 0.8325665542702708 0.43208184165036506 0.04359158921953139 0.07206091267085975
0 0.8924713366575232 0.3356464557998673 0.04490915399403609 0.0705377698317293
0 0.8943451298784106 0.430981763042632 0.04516831738467101 0.07230244102446076
1 0.7068428505077785 0.33718196870600736 0.007169431862136958 0.021438965765615787
1 0.7674419789973109 0.33134995389387656 0.010796842738921866 0.013516706771224834
1 0.8218039249427883 0.3359169042750747 0.016111215308866358 0.02103115133468314
1 0.8885847264834607 0.33159593262867576 0.009840972287930924 0.022817893610952628
1 0.6424265343925537 0.43194257556757387 0.023196645733967125 0.019456465566080435
1 0.6990439371171435 0.43896291253436776 0.01721945118314697 0.032346938483139895
1 0.7695471808623758 0.42986663291010635 0.01213424646905158 0.0221393792346167
1 0.891257673434478 0.4307221329101063 0.02021386618996616 0.022387008096482027
0 0.9532996334517378 0.33462787010373385 0.04561253605689595 0.06914734071573186
1 0.9382984754779204 0.3309016181977431 0.008116527904700792 0.02028926474908741
0 0.9559175709098406 0.4301664344348988 0.04654089165209064 0.07099515494712931
1 0.943357951242863 0.42913214708690683 0.01741490248572603 0.026546294173813535
0 0.6515591650549772 0.5312780787809493 0.04314961357979979 0.07051063902714905
0 0.6532903704991486 0.6282938704397611 0.045235010151717034 0.0743005707579157
0 0.7126811769538685 0.5301874059815301 0.04634768068900686 0.07122301297958865
0 0.714375720174756 0.6273157061358945 0.046348921028501765 0.0728292988573849
0 0.7742805025620083 0.52961715598153 0.04550900512401658 0.07138419854865603
0 0.8345681888469807 0.5285974201583307 0.04575255057751138 0.07146504133318961
0 0.8966304519132231 0.5274968415505975 0.04552905772416599 0.07023859804039165
0 0.956841085316803 0.526191855727398 0.04531028588930576 0.07235891247132442
0 0.7762309784945408 0.6266632132242949 0.0449983800402215 0.07364462746511792
0 0.8372131310515406 0.6259301275281614 0.04662689667979119 0.07413148442645223
0 0.8982462019132231 0.6243814632242948 0.04383861535201605 0.07429086974138759
0 0.9596397631144005 0.6234437203126951 0.0449525262288007 0.07371806948725547
1 0.7686724645903483 0.5310258042026054 0.008335871552846888 0.009318379035081545
1 0.8908984234344783 0.5159028035672752 0.01969952008768612 0.022916034979887315
1 0.6444540632064786 0.6290957976497678 0.02068264573396725 0.02079305149847353
1 0.7104884898309459 0.6302388479038998 0.009124498982902024 0.02830009529953556
1 0.7706498250995908 0.6249383118265682 0.009928957994621504 0.029108023144872493
1 0.8331227468100109 0.61894486144537 0.016897647517741348 0.03375006567527413
1 0.889714875467133 0.6234243182796384 0.012512058729706049 0.014998007697411291
1 0.9468726387009656 0.6108669175172419 0.014392277401931004 0.020036863388085253
0 0.6547268704991486 0.7267666776825259 0.043903067779567206 0.07321784245891155
0 0.7162234989886811 0.7259510990747926 0.046351901707491844 0.07240071359704639
0 0.7783607044270734 0.7243227421134584 0.0456703125842764 0.07271948422691685
0 0.8396769627468582 0.7235455346438601 0.04632240617270613 0.0718256130887821
0 0.9010440095410731 0.722159706036127 0.04409901908214596 0.07165932701145053
0 0.9616413976911103 0.7211783413510622 0.045264218433360745 0.07117377030424837
0 0.6561900050758586 0.8261778779639563 0.04405891388184706 0.07319627137537361
0 0.7175071335653909 0.8247100564446235 0.045017478656351875 0.07466294276764049
0 0.7796180745968209 0.8237714134059575 0.04469662987263157 0.07360228555217417
0 0.8407802271538207 0.8221003347982244 0.044424088884351245 0.07400649947484257
0 0.9026614998805681 0.821365598975025 0.04517899976113601 0.07547597112124134
0 0.9638735707422504 0.819083848975025 0.04295735301007094 0.07318427010471322
1 0.7077674850844885 0.7163170900804017 0.008710489489986886 0.030951236868005504
1 0.7686739549298435 0.7112163607102723 0.014188909859686506 0.0205870925586793
1 0.8284511459612732 0.7263843832461335 0.014220599717986395 0.018161508768536602
1 0.9520552348032455 0.7269195623621308 0.007417411978640891 0.030311895354132295
1 0.6477144381226836 0.8220035403618321 0.022175395566377206 0.021317109077265573
1 0.709903672375001 0.8123854830192997 0.02478007559658186 0.039573909331397365
1 0.7727323634064309 0.8165791898535679 0.02209909223615151 0.018455408060737085
1 0.9548293885333755 0.8119752684613012 0.010807238759910824 0.0252149647679392
0 0.6563447310083912 0.925507085333787 0.04467409659349211 0.07382834333050142
0 0.717993354751466 0.9248950138144542 0.04527788238648178 0.07309385750730191
0 0.7805418390037833 0.9229375350796549 0.04439015868655665 0.07358121446863622
0 0.8428843088491381 0.922040463560322 0.04453088685169657 0.0734167286454368
0 0.9044832642875307 0.9218374564719217 0.04461758620291107 0.07333308560677101
0 0.9664148254887079 0.9208174706487223 0.04527192013083583 0.07243511396037196
1 0.6534370245644586 0.9084074539306009 0.022134049128917192 0.02331690786120179
1 0.7133116916960109 0.9156698192509957 0.010566960340881894 0.0347440096401266
1 0.7691619164554134 0.9139516684885994 0.01105550612955668 0.013697450391603338
1 0.8978972268667986 0.9086813776016099 0.013098989836724962 0.035010490905841386
1 0.9547514654822354 0.9061670254499337 0.011887719438900816 0.029266736468935076
1 0.15874210922569065 0.6332462322654251 0.0056466091388197226 0.005980531071159127
1 0.09633375803555917 0.7325478902526544 0.005948340765622305 0.0056548221482066756
1 0.34343734267659753 0.8223114357687705 0.005202021403926667 0.008114029552372757
1 0.4004308797127468 0.06343411294922988 0.004596050269299805 0.01186537364517969
1 0.5811402285388463 0.3391091666279021 0.004608378730322583 0.0068121111815673515
1 0.8206230495989397 0.42833548374460456 0.002445966666923441 0.010511961101630775
