0 0.17720644912641315 0.4578462230215828 0.04127055498458374 0.08274630295763395
0 0.47445079650565253 0.7522981614708233 0.041270554984583846 0.08149730215827332
0 0.32636257656731754 0.06511778597122304 0.04025084686536486 0.07791492845723415
0 0.9657084383350463 0.9447020671462828 0.038752436793422516 0.07849036530775362
0 0.6237331924460431 0.5572755679456435 0.04082455549845849 0.0798913637090328
0 0.47469167523124356 0.06378647082334138 0.041431140801644416 0.08087280175859311
0 0.7712305041109969 0.5564573177458033 0.040983618705036154 0.08012836450839324
0 0.8682360850462487 0.8464232853717026 0.039722427029804865 0.08052392885691449
0 0.5738233049845838 0.8493990367705836 0.04088915878725591 0.07835692645883302
0 0.7224260737410071 0.2607360979216627 0.04101093473792393 0.08133680415667466
0 0.12865587744090443 0.7516841288968825 0.04019973021582736 0.08214273820943241
0 0.1780422929085303 0.6541013491207034 0.04101521274409041 0.0793233017585931
0 0.17792958581706061 0.7520996290967226 0.04143214182939364 0.08172473780975222
0 0.6233941418293936 0.458470723421263 0.04046762589928059 0.07899930055955234
0 0.030101910328879752 0.5540950657474021 0.0390064928057554 0.08102436410871307
0 0.5739644262589928 0.7524250051958433 0.042134916238437875 0.08175098960831316
0 0.42441475077081187 0.9490054430455634 0.04011932682425489 0.08022761270983222
0 0.6719858150051388 0.6525312230215827 0.04065713874614606 0.08180355315747394
0 0.12832491289825282 0.8501595361710631 0.03985897276464545 0.08050242565947248
0 0.12864521325796505 0.5565443173461231 0.040499573484069906 0.07967786330935252
0 0.32670809712230214 0.8505785363709033 0.04222657451181913 0.07946692486011218
0 0.02959849614594039 0.06318603497202241 0.038642007708119215 0.07967193005595519
0 0.2769302415210688 0.9480790367705837 0.03966469681397738 0.08087280175859313
0 0.47575155241521067 0.5577089432454037 0.04001800719424458 0.07950911350919258
0 0.42445283744854917 0.8506942752448287 0.03955315691148696 0.08157190380700365
0 0.02994961742034944 0.3576186284972022 0.039344250256937316 0.07838423940847318
0 0.9679048748715313 0.06262465967226222 0.03864890698869487 0.0785491794564348
0 0.8696524922918807 0.45675334732214223 0.040628211716341206 0.08243405275779375
0 0.4741042520554984 0.9503054438449242 0.04121980935251805 0.07970511231015208
0 0.6714093011305241 0.9474545363709033 0.04078879753340183 0.08024830135891273
0 0.07893543961973279 0.5554545669464428 0.04064323278520041 0.07937186370903276
0 0.37612670657759506 0.0641101602717826 0.041500586844809915 0.07964667945643479
0 0.7722435190133607 0.3592573798960831 0.04140379033915735 0.07978824100719419
0 0.9673027816032889 0.35801112929656276 0.03808706372045236 0.07854474060751397
0 0.5251974902363823 0.06478753537170268 0.03998901952723537 0.08037692925659466
0 0.5246531544193217 0.35962775519584333 0.03954269116135671 0.07740648960831335
0 0.5240718139773894 0.949015787370104 0.03934352517985604 0.07899930055955234
0 0.3257483299075026 0.9487035371702639 0.03998586844809867 0.08024830135891294
0 0.9674821677800616 0.5542034420463628 0.037482321171634275 0.07936761550759394
0 0.4248333388180377 0.7517555690669139 0.039671816382221434 0.0810366177501349
0 0.17793812872559092 0.9476760675459633 0.040485712744090435 0.08069136370903271
0 0.7696075282631036 0.9463616606714629 0.03966469681397738 0.07993605115907283
0 0.12875129162384377 0.6538573481215028 0.04103290184994861 0.08070880095923262
0 0.9197044874100719 0.26048947222222224 0.041811338643371186 0.0808435527577937
0 0.2766893627954779 0.35839453437250196 0.03950411099691676 0.07931155075939245
0 0.5246597756937307 0.45875778517186244 0.039877105344296074 0.08207142565947236
0 0.1781275 0.5572758175459632 0.041506798561151116 0.07989186290967233
0 0.9199158530318601 0.061756844524380544 0.03966469681397748 0.0774380495603517
0 0.5748812415210687 0.06339715987210234 0.04204151695786231 0.0807186802557953
0 0.47484275950668037 0.3605507551958433 0.04205448098663932 0.07925248960831333
0 0.9671280832476875 0.7487072841726619 0.03773766700924962 0.07931155075939254
0 0.029824617420349427 0.6524622234212629 0.03941542189105857 0.0791675523581135
0 0.37546486330935247 0.752530254596323 0.04114041521068858 0.08133698800959235
0 0.574104476618705 0.457929785971223 0.04241501695786241 0.081664428057554
0 0.8704554213771838 0.06347422062350125 0.04127055498458369 0.08149730215827336
0 0.672345115364851 0.5570880655475619 0.040412224563206575 0.0807653597122301
0 0.37535257040082215 0.9493801930455635 0.04091582939362799 0.08097711270983213
0 0.37556436330935256 0.5571079430455635 0.04133941521068871 0.07955611390887284
0 0.4741835729701953 0.8508907869704236 0.04041493627954783 0.08071592645883315
0 0.32589444039054466 0.7518603798960831 0.04059926104830421 0.08124623940847324
0 0.2767214008525762 0.6541235453755223 0.03988935874523461 0.07874319386855047
0 0.12806718910585818 0.45675334732214223 0.03966469681397739 0.0818095523581135
0 0.5240817178828365 0.7516606300959232 0.040326847893114096 0.0808467398081535
0 0.5242909753340184 0.8500601618705037 0.040424191161356655 0.07905467625899289
0 0.030289152877697845 0.946899192046363 0.038738634635149025 0.07851311231015184
0 0.3260695015416238 0.5563611610711431 0.040307040082219914 0.07806254996003195
0 0.27728181038026717 0.8507877865707433 0.0400466628982528 0.0798854252597922
0 0.7713739722507706 0.4575339728217426 0.040949383350462554 0.08087280175859313
0 0.7706155041109969 0.8493346614708234 0.041359476875642544 0.08010167705835336
0 0.8208984773895169 0.06346378477218229 0.040114015416238505 0.08022742965627491
0 0.2767696557040082 0.7518297861710632 0.04030704008221996 0.08056055155875293
0 0.47506321659815 0.16351381594724224 0.04121070863309357 0.08173636490807348
0 0.7717135115621787 0.2617388483213429 0.04130729033915717 0.08084430335731409
0 0.8685283915724562 0.9462055355715426 0.04030704008221996 0.07962380095923254
0 0.6245477497430626 0.06360106175059954 0.040087439876670114 0.079370118705036
0 0.9194520154162383 0.3586775047961631 0.04194873792394672 0.08050199200639493
0 0.6242729144398766 0.261676473421263 0.039976969681397835 0.07884605235811351
0 0.5241521068859197 0.5563611610711431 0.03854059609455293 0.07743804956035176
0 0.6727726302672148 0.359456004796163 0.040303739465570386 0.0795609904076738
0 0.96799170323741 0.26130984812150276 0.038180220452209875 0.08123530375699434
0 0.5741815195272353 0.16384269224620304 0.0419267595066803 0.0798961159072741
0 0.8189876670092496 0.9457371602717826 0.03950411099691676 0.07931155075939245
0 0.12894483453237407 0.9474470677458033 0.04109881603288797 0.08085786450839332
0 0.9189024370503595 0.5543811922462031 0.04149192446043161 0.07847411510791355
0 0.8690904419321684 0.16261365907274186 0.041431140801644416 0.083058553157474
0 0.22743285200411098 0.35946550459632287 0.04055429599177803 0.08020449040767379
0 0.42516187204522093 0.5573676934452437 0.04032888283658786 0.07820211350919266
0 0.47447504496402865 0.6533022236211031 0.04131905190133602 0.08084755275779375
0 0.3263906731757451 0.26175309752198245 0.040628211716341206 0.08024830135891285
0 0.7221820028263104 0.5561604418465228 0.04148630781089417 0.08015911310951226
0 0.5747529057040083 0.2617415985211831 0.042427188591983724 0.07960080295763387
0 0.5741387546248715 0.6534434736211031 0.04216240133607404 0.08113005275779361
0 0.7719977970195271 0.16429531674660272 0.04027000308324783 0.08329936650679448
0 0.17798236382322713 0.8503969116706633 0.0408953545734841 0.08035267625899273
0 0.07907344707091468 0.8495560365707434 0.04091924768756422 0.0799199268585132
0 0.07876644707091468 0.2603045973221423 0.040626419321685515 0.08297180455635485
0 0.7215470028263105 0.8491132863709033 0.04021630781089423 0.08090792765787382
0 0.5241443036998972 0.6551347242206235 0.041094362795477936 0.08076555155875297
0 0.7225755531860226 0.3595701298960831 0.041309893627954807 0.07916474020783375
0 0.5740942959917779 0.5571417865707434 0.04078879753340183 0.07775029976019186
0 0.17763816418293935 0.3600977549960032 0.04277632836587874 0.08021999040767389
0 0.3262246978417266 0.45948128617106315 0.040296261048304215 0.08289392725819351
0 0.030167660328879756 0.8479506604716225 0.038816821171634125 0.07983167665867293
0 0.47523768114080156 0.26278572342126305 0.04155963771839671 0.082313553157474
0 0.7722731048304212 0.06321590987210235 0.04114179033915722 0.08035618025579529
0 0.3751514094846571 0.6539097385884397 0.04051350756129785 0.07831558029438519
0 0.8204184270298047 0.5557833177458034 0.04011742959917797 0.07878036450839332
0 0.4741385300616649 0.45887966047162276 0.04000367882836591 0.08106617545963231
0 0.0788977325282631 0.06319840927258195 0.039604303699897224 0.08032117905675452
0 0.2276288949126413 0.26220472302158276 0.040625210174717374 0.08115155235811344
0 0.17776849948612536 0.2611285971223022 0.041109969167523124 0.08024830135891281
0 0.5742139486125385 0.35996000499600317 0.04102810277492302 0.07931999000799357
0 0.37536934737923944 0.4589390987210231 0.0409493833504625 0.0818095523581135
0 0.37561562076053445 0.3595567549960032 0.04112075847893121 0.07851349000799358
0 0.8701768573997944 0.2614075981215028 0.04135577029804734 0.08080630335731409
0 0.7712278828365878 0.6536977238209433 0.04097837615621803 0.08163855315747406
0 0.1780093782117163 0.16120853317346126 0.041591726618705034 0.08024830135891285
0 0.7216261670092496 0.7509381292965626 0.04037463617677283 0.08127523940847316
0 0.5248876115107912 0.26318822382094326 0.04033277697841728 0.08062055235811351
0 0.6223503340184994 0.947454536370903 0.03902235354573479 0.08087280175859313
0 0.32618686202466596 0.6544479742206235 0.04022058941418294 0.07939205155875287
0 0.42507065775950664 0.1632381594724221 0.039825282631038 0.08118505195843324
0 0.22774738746145937 0.7518190045963228 0.0405410236382323 0.08178798920863291
0 0.1284426274409044 0.26012809772182255 0.04073674511819117 0.0813698045563549
0 0.6230506061151079 0.6533225007993605 0.040512354059609276 0.08023299600319747
0 0.8694469786742035 0.7507638782973621 0.04118069938335062 0.08467373980815335
0 0.9194740303186021 0.16208469064748202 0.04135042446043166 0.08200061630695435
0 0.22779098150051383 0.9487035371702639 0.040307040082219914 0.07962380095923273
0 0.7711576253854058 0.7507216290967226 0.04083786125385405 0.08271574020783361
0 0.6233138489208632 0.35948741007194246 0.039343525179856134 0.0783748001598721
0 0.2775387749229188 0.06495953537170265 0.04184527852004121 0.08196993005595517
0 0.7220097597636176 0.4576284380495603 0.04107811664953748 0.08130837170263798
0 0.2766334820143885 0.26158722322142286 0.04067703597122301 0.08116555355715419
0 0.6240364850976361 0.16308203437250204 0.03950411099691676 0.07962380095923259
0 0.5733413124357656 0.9484565681454836 0.04153103186022611 0.0803788637090328
0 0.6230729701952723 0.7527665367705835 0.03950411099691676 0.08056055155875293
0 0.6229123843782116 0.8495640987210231 0.04046762589928059 0.07806254996003195
0 0.4249507936793422 0.6546440991207034 0.039906726104830426 0.0804088017585932
0 0.9679819177800616 0.16125606534772183 0.03912416443987671 0.08284136730615499
0 0.07890269707091468 0.7502000039968025 0.041220090955806796 0.08354599120703425
0 0.9676185390544706 0.45579166027178264 0.03903975025693731 0.07988617825739415
0 0.7205346521068858 0.9479349432454036 0.04140332271325795 0.07996011430855314
0 0.07992186125385405 0.9478216932454037 0.04197373278520043 0.08035811470823341
0 0.07938741161356627 0.6532238483213428 0.04090483350462487 0.08006630175859304
0 0.029782930369989722 0.7493304058752996 0.03903383093525179 0.08118780935251803
0 0.3750481757451182 0.8512814748201438 0.040628211716341206 0.08024830135891273
0 0.9171815079650565 0.9456570675459631 0.041261782631038205 0.07915136530775374
0 0.12825945580678313 0.3594620043964828 0.04037040184994864 0.0808219904076739
0 0.22720005733625623 0.6542389087498474 0.04040987829018981 0.08022292141656133
0 0.8698867715827338 0.5551789420463628 0.04077559866392601 0.079445114308553
0 0.6729708802672147 0.2604850979216627 0.04070023946557047 0.0808348041566746
0 0.0786067574511819 0.358394534372502 0.040628211716341206 0.08056055155875298
0 0.7229416241007194 0.06305353457234215 0.040757348920863426 0.08190493085531568
0 0.37601624203494344 0.2620337236211031 0.041279657759506705 0.07956055275779371
0 0.9182959370503596 0.7502133792965627 0.041563610996916876 0.08294824140687446
0 0.9663936957862282 0.8453625345723421 0.03819592189105886 0.0784024272581934
0 0.22762533710174715 0.5566404420463629 0.04093926618705034 0.07987011270983203
0 0.6728545734840697 0.16355040967226223 0.040467625899280484 0.08243405275779375
0 0.820834403905447 0.2614408473221423 0.03998586844809862 0.0808728017585931
0 0.6718892720966083 0.7516161286970424 0.04078522456320651 0.08325573860911274
0 0.42534757913669063 0.2622587228217427 0.0407002970195273 0.08250855275779378
0 0.07844617163412126 0.45612884692246203 0.04094938335046248 0.08243405275779381
0 0.672201365364851 0.8489674114708234 0.041088239465570504 0.07999167745803376
0 0.425267364594039 0.4590665355715427 0.040539867934224004 0.08331342685851315
0 0.8702931148509763 0.3593387547961631 0.040624770298047355 0.07932649040767382
0 0.9675239103288796 0.6516913475219824 0.03788697790339179 0.08074830255795362
0 0.6728635444501541 0.4585735359712231 0.04048556783144913 0.080453926458833
0 0.8215266993833504 0.16169294064748208 0.04040694450154173 0.08184161670663465
0 0.3260414907502569 0.36012813029576335 0.04025101849948618 0.07778273940847318
0 0.2770214316546762 0.45865941047162273 0.04081059198355606 0.08249917665867304
0 0.22794147327852002 0.06327503477218228 0.04157153854059611 0.08109893045563543
0 0.1283588699897225 0.16253544204636294 0.04089040184994863 0.0797796171063149
0 0.029717910328879757 0.26037272222222224 0.03888083607399794 0.08123455315747395
0 0.8194694244604316 0.8480028477218226 0.04046762589928059 0.07931155075939245
0 0.9184532728674203 0.6515310979216627 0.04155711099691684 0.08167680415667464
0 0.12865711998972248 0.06261340927258197 0.03955987204522098 0.08040017985611504
0 0.1780636716341213 0.06310978457234216 0.04073679856115111 0.08139293045563543
0 0.42572925822199376 0.35963462949640285 0.040821311921891076 0.07991823980815344
0 0.2770421536485097 0.16260031674660272 0.0402096927029805 0.07990936650679448
0 0.2773031461973279 0.557706817346123 0.04008933453237416 0.08012936211031176
0 0.325978612024666 0.16377431694644287 0.04108877595066802 0.08100836610711425
0 0.7226312528263102 0.16440944144684252 0.041421292908530305 0.08415211630695434
0 0.9193355303186022 0.4573430357713829 0.040752252826310606 0.08173992845723418
0 0.9179231870503595 0.847004660871303 0.04081811099691675 0.0791886782573941
0 0.8694506783144912 0.652545598321343 0.04183044193216858 0.08183230375699442
0 0.07912531834532374 0.1620991908473222 0.04166533350462489 0.07953161510791361
0 0.7217529547790339 0.6536270983213429 0.04127055498458379 0.08212180255795361
0 0.524737068602261 0.1633584418465228 0.04035286279547786 0.08080111630695438
0 0.8200954270298046 0.7509661284972023 0.04075611613566313 0.08507824020783378
0 0.22717039246857262 0.8503074233962583 0.040029376920701305 0.07892469891082192
0 0.4252312435765673 0.06441097122302164 0.04046762589928053 0.08024830135891285
0 0.82179040647482 0.358926879696243 0.04061318705035981 0.07912724060751399
0 0.22738951695786228 0.4581584732214229 0.04078879753340185 0.08274630295763395
0 0.02999358196300102 0.16160506654676263 0.03878983607399794 0.07916786690647479
0 0.3757380349434738 0.163869067146283 0.041365586844809954 0.07932436530775375
0 0.8202849624871531 0.652971723621103 0.040171672147995906 0.08018655275779363
0 0.6733527160842755 0.06319653477218229 0.040821567831449204 0.08094193045563544
0 0.8207947697841725 0.4565499378497202 0.04134982322713258 0.08221637130295775
0 0.030236289054470705 0.45602803477218223 0.03959642189105859 0.08348142925659473
0 0.22777643782117163 0.16246219164668266 0.040599124357656766 0.08025761670663462
1 0.47384859146968134 0.45885914728217436 0.00264968242548816 0.010776409672262134
1 0.47304102415210686 0.8490696762589928 0.005228331963000901 0.005360347721822576
1 0.02914916752312436 0.25952898960831333 0.003045447070914691 0.00788296802557954
1 0.07679229753340185 0.44547279896083136 0.007001221993833503 0.019438594724220604
1 0.07692362589928058 0.8331882969624301 0.0028845056526207533 0.012143090327737699
1 0.0340216338643371 0.5510923315347721 0.0038991783144912695 0.009913158673061516
1 0.7223228681911612 0.5550579580335732 0.004480676772867501 0.0144719136690648
1 0.9181625095066802 0.26218536330935255 0.006878989208633105 0.006317223021582761
1 0.028701673689619726 0.938583986011191 0.002976919835560134 0.011183846522781789
1 0.3757489786742035 0.5560477074340527 0.006467099177800557 0.007496411670663603
1 0.6297953170606372 0.061810424860111936 0.003256231243576581 0.007386844124700278
1 0.8197904136690647 0.2608072380095924 0.004175596094552856 0.00907347362110316
1 0.675889603802672 0.3619368956834532 0.005813289825282604 0.006654286171063203
1 0.872636194758479 0.8547919288569145 0.005755359712230046 0.012650854516386959
1 0.3248184121274409 0.2586162378097522 0.004589794450154118 0.01095747242206239
1 0.7183065454779034 0.9435629578337331 0.00448403134635151 0.018711914068744936
1 0.07837581243576568 0.15767020503597123 0.006724736896197315 0.007388906474820218
1 0.3240155408530318 0.942258830935252 0.007480223535457345 0.00633215827338122
1 0.7255359763617676 0.46473592885691456 0.0057625796505652105 0.011512854516386974
1 0.6223654719938335 0.8491738025579537 0.0049478843782115485 0.012646099920063885
1 0.5768311217882837 0.7520562707833732 0.004482669064748076 0.012037038768984864
1 0.27379169630010275 0.6441098607114308 0.007722362795477875 0.008730218625099952
1 0.7197452674717368 0.8436104244604316 0.005460646968139672 0.0075358457234212155
1 0.5685991834532373 0.6620107418065547 0.005209135662898287 0.01289648201438847
1 0.1796114660842754 0.15858245523581138 0.006912730729701951 0.0074379072741806865
1 0.6272744234326824 0.3572802691846522 0.005728645426515909 0.012845037170263899
1 0.9714873484069886 0.5528295823341326 0.006537122302158187 0.014557162270183888
1 0.42316422250770813 0.6583793661071142 0.006382243576567248 0.013914229416466917
1 0.1284520208119219 0.6486267376099121 0.004208496916752276 0.010937472022382167
1 0.22492543756423428 0.9501243345323741 0.005570502055498468 0.015581167066346897
1 0.771667291109969 0.35999264508393286 0.005997380781089439 0.011167287769784175
1 0.7686847482014387 0.9494155841326939 0.012283638232271394 0.013251665467625844
1 0.033161326053442956 0.15953583133493207 0.004656279033915719 0.015523161470823381
1 0.7711850914696814 0.8524781786570743 0.005034750256937213 0.018527355715427716
1 0.4255801161356629 0.8558685539568345 0.0079738890030832 0.012371105515587484
1 0.7269889128982526 0.2627286139088729 0.008958967625899358 0.010851225419664236
1 0.3246441266700925 0.7578307721822541 0.007828910071942426 0.00985554196642714
1 0.1267471420863309 0.1663607076338929 0.00858176927029804 0.008118412869704321
1 0.2753928753854059 0.9462833331334932 0.008052892600205551 0.016393665467625673
1 0.9195982389516956 0.06064279896083136 0.009467448098663818 0.01097109672262195
1 0.6761399321685508 0.1637657068345324 0.008524349434737895 0.00893691167066356
1 0.17399134301130523 0.6523689886091127 0.009802514388489213 0.01094697482014379
1 0.1812623951695786 0.5382897020383693 0.007143760534429586 0.012411902877697913
1 0.5238455403391573 0.9420099568345325 0.005430707605344155 0.014323911270983203
1 0.12733705626927028 0.8444911754596323 0.0054749110996916575 0.013892848920863324
1 0.8225145647482014 0.9484273343325339 0.0067565847893113025 0.018350667066346915
1 0.47685892523124346 0.35570577018385297 0.005300649023638268 0.021614538768984806
1 0.02913304624871531 0.355137268784972 0.005968234326824251 0.013384035571542786
1 0.22791480318602259 0.25992823760991207 0.00986926310380267 0.00833347282174267
1 0.18022460226104828 0.4571731774580336 0.008577003083247702 0.019768852917665884
1 0.6746399601747173 0.9572239624300558 0.007349062178828498 0.018243422062350113
1 0.07738896916752312 0.35161189228617107 0.008377251798561147 0.011691782973621093
1 0.9723767271325795 0.36320902118305354 0.007327737923946488 0.011604039968025602
1 0.07700829753340185 0.2522259856115108 0.0075327368961973055 0.01312147002398081
1 0.4709360950668036 0.7492903950839328 0.006868817060637155 0.014446288169464595
1 0.8719843589414182 0.4608498035571542 0.005774344809866452 0.020534105915267768
1 0.6242654794450154 0.16287183273381295 0.005001929085303049 0.0188431650679457
1 0.32948420863309347 0.06775092685851321 0.005535693730729615 0.014240852118305404
1 0.577383414696814 0.4537960505595523 0.007232142857142776 0.015282099520383754
1 0.029356146968139773 0.6503938629096723 0.010339607399794441 0.008652222222222209
1 0.2814269200924974 0.3545726448840927 0.006583467112024672 0.02138278776978418
1 0.1276772708119219 0.5536530825339728 0.006400340184994846 0.014159162669864105
1 0.5748169321685508 0.162925909272582 0.005620503597122349 0.020608513189448428
1 0.42305885123329906 0.9549738369304555 0.007235329393627867 0.0202456714628298
1 0.1268758920863309 0.45027342446043156 0.007039582733812973 0.01608234772182267
1 0.6226949719938334 0.9557240865307755 0.005894742548818093 0.01812067186251001
1 0.530519135405961 0.06176592565947245 0.006536241007194223 0.0180923493205436
1 0.22840454573484067 0.357997645283773 0.004714546762589857 0.017655288968824942
1 0.6248254868961973 0.4540804260591527 0.004524257451181869 0.020958352517985623
1 0.9658321749743062 0.9497328349320544 0.007891148509763062 0.019486668265387683
1 0.968468490236382 0.06686692625899283 0.010005465570400775 0.011012850119904122
1 0.9702459902363822 0.7522236466826538 0.004202264131551812 0.01857179136690649
1 0.02640741752312436 0.05446192286171066 0.009492461973278516 0.01334084252597926
1 0.07982848406988695 0.548811581135092 0.007031109969167508 0.016348160671462806
1 0.27609568319630007 0.16234520663469226 0.010180164953751257 0.009904410871302992
1 0.8722218653648509 0.17276179056754604 0.005941675231243591 0.021545263788968816
1 0.17835082990750253 0.7478720199840129 0.005579943473792375 0.01728303836930451
1 0.4273955097636176 0.15435457993605117 0.007554818088386384 0.014644657074340569
1 0.6239874663412127 0.2712496179056754 0.013908417780061504 0.018164733013589153
1 0.5272032374100718 0.36620078936850525 0.0044964028776979 0.0049960031974419904
1 0.5254367934224049 0.260660221822542 0.0038540596094552115 0.004371502797761797
1 0.42434802158273377 0.5482426558752997 0.0027299588900307624 0.00999200639488408
1 0.5707219938335045 0.553550909272582 0.004175231243576555 0.00999200639488408
1 0.46802736382322707 0.949015787370104 0.004656988694758521 0.007806254996003206
1 0.7261690647482013 0.356052657873701 0.007386947584789384 0.007806254996003156
1 0.7747462744090441 0.45956359912070344 0.0030511305241520043 0.013739008792965635
1 0.7236799845837615 0.6528464728217427 0.002729958890030864 0.008743005595523594
1 0.7720163155190133 0.7569819144684252 0.005941675231243591 0.005308253397282137
1 0.9183099948612539 0.9535434152677857 0.003693473792394692 0.006869504396482915
