0 0.5297295204081632 0.039961557539682564 0.03971187755102038 0.07992311507936513
0 0.6291014639071175 0.44077591283863365 0.03912165572942956 0.08036415390655671
0 0.9699886666666667 0.3472343120039682 0.03654408503401376 0.07605137863756613
0 0.4302455357142857 0.0383804563492064 0.04065688775510203 0.07626488095238095
0 0.9698242602040816 0.44626573991402113 0.03780965986394571 0.07776833498677257
0 0.4808246530612244 0.740922990079365 0.03881767346938777 0.07944022619047628
0 0.48042734183673463 0.03934151785714288 0.03978307142857125 0.07868303571428575
0 0.6287859666834931 0.2415525618374558 0.03880615850580509 0.07821702002355714
0 0.9697863520408162 0.5453404017857143 0.03640518707482982 0.07853835978835978
0 0.922240619047619 0.34609216187169306 0.03750844897959179 0.07738397652116398
0 0.5311004183673469 0.839827244047619 0.039879408163265344 0.08069615476190486
0 0.4816645408163265 0.8410218253968254 0.03890306122448988 0.08122519841269839
0 0.5305325255102039 0.7398003472222222 0.03970025510204077 0.07967509920634924
0 0.5803571428571428 0.7402653769841269 0.038584183673469344 0.07936507936507928
0 0.48167637755102033 0.9400840972222223 0.03892673469387761 0.07473664682539688
0 0.48048948979591827 0.13737464285714288 0.03910397959183669 0.07646059523809519
0 0.7756815509843513 0.7415467897526501 0.03729192579505321 0.0776410863761288
0 0.9212529064625848 0.7429469105489418 0.037658874149659634 0.07692598048941798
0 0.23124621428571424 0.638386625 0.03934191836734693 0.07836055158730164
0 0.48105183673469376 0.5385907916666667 0.03863428571428571 0.08090182142857147
0 0.12934783163265304 0.22915639087301576 0.03994566326530612 0.07959254365079332
0 0.8247500844270571 0.7424532565763643 0.03825584780413942 0.07761361955241458
0 0.5296556122448979 0.23834325396825398 0.03922193877551012 0.07998511904761901
0 0.4805394336734693 0.43704525793650795 0.0388849897959184 0.08118376984126982
0 0.028594770408163245 0.5330532222222221 0.03965127551020404 0.07788719841269841
0 0.9690555909863946 0.7423321759259258 0.03786670918367341 0.07621321097883596
0 0.18001526020408162 0.23024119047619043 0.040196336734693916 0.07990202380952362
0 0.7271534939063965 0.04597572336502329 0.03803995096271718 0.07845517660833477
0 0.7279868862948006 0.7428297565763643 0.039075741292276686 0.07775315272870051
0 0.4803093112244898 0.23725818452380953 0.0390625 0.08091517857142852
0 0.8251283302624937 0.24563905967805263 0.03838134502776396 0.07964188064389477
0 0.279756831632653 0.03624131944444447 0.04061388775510204 0.07248263888888894
0 0.8728018720343261 0.7423318732822929 0.036870780918727974 0.07614391931684336
0 0.38177614795918363 0.7393353174603173 0.0390625 0.07874503968253974
0 0.9222983392857143 0.2464147881944445 0.038421083333333224 0.08005882572751334
0 0.9213568239795918 0.9372571511243386 0.03760097789115652 0.0728546626984128
0 0.3824766377551021 0.9385148075396827 0.03886909183673478 0.07407822619047641
0 0.5308514030612244 0.9385230654761906 0.0390625 0.07657490079365065
0 0.8732718734225139 0.34521070533961523 0.03970376703685007 0.07695458696505689
0 0.629274320797577 0.7409097228111503 0.03883637506309948 0.07882081978798577
0 0.4302945102040816 0.13610982341269842 0.04043595918367353 0.07765119444444436
0 0.921814906462585 0.4455211870039682 0.03878287414965972 0.0819629262566137
0 0.18144695408163264 0.6368079761904762 0.039552071428571416 0.07768341269841282
0 0.4805661071428571 0.639676365079365 0.038938336734693935 0.08031999206349205
0 0.132079693877551 0.8372656944444444 0.04030734693877548 0.08053337301587306
0 0.7759071711256941 0.9379804151943462 0.03648117718324073 0.07482223596387921
0 0.5308187908163264 0.6400791547619047 0.038678397959183694 0.07864541269841267
0 0.8734851178697627 0.5442832976050255 0.03729078091872791 0.07880020337652145
0 0.5790816836734693 0.040581597222222245 0.039221836734693885 0.08116319444444449
0 0.23190369897959182 0.8388516865079364 0.04033801020408165 0.07750496031746025
0 0.7758840537607269 0.24392060944248134 0.03895892024230189 0.07927231429132311
0 0.8729258706461382 0.938141681782489 0.037749772589601244 0.07453130231645073
0 0.1309593469387755 0.6357822559523809 0.039661040816326536 0.07935221031746033
0 0.4323182397959183 0.9380580357142858 0.039381377551020384 0.07626488095238097
0 0.3325892857142857 0.937127976190476 0.03985969387755104 0.07564484126984124
0 0.6297030694093891 0.9381776983706321 0.03937837506309947 0.0758302691401652
0 0.1800860969387755 0.33041914682539686 0.04033801020408165 0.07936507936507932
0 0.7755433065371025 0.14517201354534748 0.038592923018677436 0.0762441056144484
0 0.43176433163265304 0.6397351249999998 0.03891131632653071 0.07919743253968252
0 0.3810586734693877 0.33522445436507936 0.03890306122448983 0.07843501984126981
0 0.33139136224489796 0.638754615079365 0.04033374489795918 0.07971657142857157
0 0.8241463399798082 0.9379145484884175 0.037363856133266184 0.07346356890459343
0 0.2825227346938775 0.9368284384920633 0.039216387755102035 0.07566580555555566
0 0.9695206207482995 0.6448051008597883 0.037999574829931805 0.07698826058201054
0 0.824714841367996 0.44327290135453484 0.037238870015143886 0.08106386317235983
0 0.6290656887755101 0.042255704365079416 0.038424744897959225 0.0790550595238095
0 0.3294802295918367 0.03729538690476195 0.04065688775510203 0.07347470238095236
0 0.8247043330388691 0.5442896477228112 0.038479842251388265 0.07881290361209271
0 0.33069677040816325 0.33419385317460315 0.039263438775510244 0.07885397619047611
0 0.678397905098435 0.9382975068708284 0.03864840989399301 0.07484295249312921
0 0.6786931056284704 0.44100645111896347 0.03892331373043914 0.07898482999607395
0 0.9213833971088435 0.5445208368055555 0.037388392857142856 0.0774159295634921
0 0.28196747448979587 0.7377852182539681 0.04001913265306121 0.07998511904761901
0 0.12948252040816324 0.3291561845238095 0.04053391836734691 0.07807923412698405
0 0.776170421125694 0.5435029474872399 0.03795416885411405 0.07907990361209273
0 0.3815825357142857 0.6387856765873015 0.03867527551020409 0.07915865476190485
0 0.7762022968197879 0.6437675439733019 0.038333417465926396 0.07839197840596777
0 0.23242209693877547 0.9367339682539683 0.03914266326530615 0.07485682539682534
0 0.4312021683673469 0.5379774305555556 0.039381377551020384 0.08029513888888888
0 0.08117561224489796 0.8357773948412698 0.039902244897959196 0.07941689285714283
0 0.8726581220343261 0.8408482523557126 0.03784526981322561 0.07870769434628973
0 0.5298943520408163 0.4384045674603175 0.039699418367346945 0.08018215079365079
0 0.8732898706461383 0.4446390346486062 0.03784677814235238 0.08134226246564585
0 0.5793896122448978 0.24017209722222224 0.039200142857142795 0.0799225674603174
0 0.6786067285461886 0.7417422222222222 0.03843506234225131 0.07803195131527306
0 0.13035115816326528 0.4314032182539682 0.03940129591836734 0.0810604047619047
0 0.8249422087329632 0.14731631389870437 0.03769360474507824 0.07623843855516294
0 0.8737739921756689 0.2461258262661955 0.038815021201413405 0.07877501334903808
0 0.13036046938775508 0.5338662023809524 0.03941991836734695 0.08075323809523817
0 0.3801020408163265 0.0383804563492064 0.039221938775510216 0.07440476190476189
0 0.678397905098435 0.24216602866116999 0.03864840989399301 0.07883048684727129
0 0.08072951530612245 0.7357052003968254 0.04060443877551022 0.07892528174603175
0 0.9692207040816327 0.8400608110119048 0.03819693537414963 0.0773913806216932
0 0.7756499242806663 0.3426212210443659 0.038175164058556275 0.07668335296427169
0 0.6784119897959182 0.043495783730158784 0.038265306122448904 0.0790550595238095
0 0.7275718849066127 0.5427681643109541 0.038245738515901045 0.07822380408323523
0 0.3324442142857142 0.8391362738095237 0.03988842857142859 0.07869417460317467
0 0.7279882633770822 0.840766385649784 0.03876299823321554 0.07854396093443267
0 0.5803571428571428 0.8408668154761904 0.038584183673469344 0.07781498015873013
0 0.3320138061224489 0.7390123392857142 0.04062200000000001 0.07871912301587326
0 0.38161915816326525 0.5376695912698413 0.039067397959183736 0.0796794603174604
0 0.7272235161534579 0.9379697984884178 0.0369180065623424 0.07418753572830795
0 0.7272648904593639 0.44138120111896345 0.0379472468450278 0.07973432999607387
0 0.7271610161534577 0.3425701887514723 0.03931698435133768 0.07719475520219868
0 0.22930657142857142 0.03562127976190478 0.04011134693877548 0.07124255952380956
0 0.28001606632653064 0.3332981130952381 0.039623969387755156 0.07706249603174599
0 0.580238331632653 0.938401037698413 0.038984316326530634 0.07633084523809547
0 0.23031859183673464 0.3330670734126984 0.03971881632653059 0.07722045634920628
0 0.8245719615093386 0.6435845937377306 0.03789960196870256 0.07741261111111106
0 0.9689340586734693 0.9365598354828043 0.0373579132653061 0.07404353009259286
0 0.381935193877551 0.8396919940476189 0.039380591836734674 0.0804256547619047
0 0.6292066964916707 0.5417188473694543 0.03996311534578498 0.07980597114252062
0 0.17900115306122447 0.03484623015873018 0.041232387755102046 0.06969246031746036
0 0.8250342115093386 0.34409490557518646 0.03756211307420492 0.07779032155477031
0 0.9212903911564625 0.6454509755291006 0.03720238095238102 0.07776331018518522
0 0.579609081632653 0.5405747103174604 0.038682448979591805 0.07928930158730166
0 0.579723581632653 0.4402512559523809 0.038911448979591916 0.08015528968253956
0 0.7753140978401961 0.047128534354142125 0.0381345056248648 0.07830693129171575
0 0.1284096020408163 0.03438120039682542 0.04101242857142856 0.06876240079365084
0 0.9212569064625851 0.8416471850198413 0.03793260544217684 0.07798062996031745
0 0.18081491326530613 0.5348579424603175 0.04147676530612246 0.08087659920634928
0 0.07977210714285715 0.6343389563492063 0.04060288775510206 0.080805888888889
0 0.8247618344270571 0.8407418856497841 0.03733285613326608 0.07726802728700446
0 0.7271937661534578 0.24325592579505295 0.03843599268046438 0.07916988064389474
0 0.530479637755102 0.5404674503968254 0.03800009183673469 0.07969482142857141
0 0.43067238775510197 0.4363450773809523 0.039597326530612265 0.08040344841269823
0 0.18217642346938773 0.837413734126984 0.040692132653061236 0.08082945238095243
0 0.3298788265306122 0.13417658730158732 0.04081632653061225 0.07688492063492064
0 0.8728481234225138 0.644245043973302 0.037278780918727855 0.07812004475853958
0 0.9703551964285714 0.24791146246693122 0.03701141326530595 0.07840187665343916
0 0.6297513221857648 0.8409454022379269 0.04010587506309936 0.07767506046329023
0 0.7762580468197879 0.8409957523557124 0.0381294202423018 0.0790026943462896
0 0.6784274785461888 0.3414122053396152 0.03870755678950043 0.07610572202591283
0 0.7273908904593639 0.144482630251276 0.03851474406865216 0.07609227267373381
0 0.4318692346938775 0.7397515793650793 0.04007775510204087 0.07957756349206353
0 0.9216214665682063 0.05180461259920634 0.038927456945936405 0.07784657638888894
0 0.2814439183673469 0.5367103511904762 0.03960977551020406 0.08024113888888894
0 0.18047201530612245 0.43271073809523797 0.04047209183673472 0.08181532539682518
0 0.9699875994897958 0.15122858680555554 0.03733914455782293 0.07518162797619049
0 0.02784124489795918 0.3277794246031746 0.04005748979591836 0.07780587301587295
0 0.9697863520408162 0.05408812830687828 0.037468112244897815 0.07672991071428571
0 0.5301310408163264 0.33909183134920634 0.039535040816326625 0.07748921825396819
0 0.7759301725138817 0.4428144179426776 0.03810466607773851 0.07891996270121716
0 0.6790479743816253 0.6423043769140163 0.03868655956587576 0.0797599120533961
0 0.8247745872034326 0.04951110129564193 0.03735836168601716 0.07632393011385942
0 0.7276328890711762 0.6432345771495876 0.03868324406865225 0.079166445229682
0 0.8731573748107015 0.14911001413427563 0.038528278142352386 0.07491810443659208
0 0.6781139882635033 0.14256709648606203 0.03839607344775371 0.07594200608559089
0 0.628823952044422 0.34063273851590103 0.039828620898536116 0.07761412249705538
0 0.07764127551020408 0.03360615079365081 0.041783775510204055 0.06721230158730163
0 0.2305445612244898 0.4338547976190476 0.039851877551020466 0.08038320634920633
0 0.028568464285714287 0.6345642261904761 0.04023641836734694 0.07815623015873009
0 0.2797635357142857 0.23284133928571435 0.03911890816326533 0.08138208333333333
0 0.8727441948510852 0.05045764625049077 0.038332912670368556 0.07699008637612878
0 0.6787922766279656 0.5423046721633293 0.038490661282180635 0.07975068708284253
0 0.07861547959183673 0.22863272023809525 0.040202897959183685 0.07854520238095235
0 0.5792896428571428 0.1408067023809524 0.03868132653061238 0.07526419841269838
0 0.282047193877551 0.8382316468253967 0.040497448979591864 0.07936507936507937
0 0.6787437327107522 0.8409603690616411 0.03839357344775363 0.07831846093443268
0 0.3310746173469387 0.5373573908730158 0.04001913265306121 0.07967509920634915
0 0.5798544897959184 0.6414644246031747 0.03821663265306136 0.07707567460317467
0 0.028061224489795915 0.42869543650793646 0.04049744897959183 0.08060515873015865
0 0.43080063775510197 0.23688101785714286 0.04017270408163271 0.08140092460317458
0 0.38051840816326526 0.13551431349206353 0.03877916326530614 0.07646017460317459
0 0.026466836734693872 0.03342013888888894 0.04113520408163265 0.06386408730158728
0 0.1315497244897959 0.7358362003968253 0.040204040816326544 0.07918728174603165
0 0.23208606122448977 0.7383702499999999 0.03942722448979592 0.08053514285714285
0 0.5795837704081632 0.33931381150793655 0.03926958163265317 0.07793317857142851
0 0.9217037049319726 0.14971156200396823 0.03749754591836713 0.07524777678571427
0 0.4310427295918367 0.3364645337301587 0.04001913265306121 0.07781498015873013
0 0.38092068877551016 0.43652259722222214 0.03894596938775514 0.08075848809523793
0 0.13225446428571427 0.9357328869047619 0.03938137755102041 0.07657490079365084
0 0.08150439285714285 0.9360284285714284 0.04055980612244898 0.07778602380952372
0 0.5301230408163266 0.13935868253968256 0.038562408163265414 0.07732847619047618
0 0.1816007653061224 0.7373201884920634 0.04049744897959184 0.07967509920634924
0 0.33092433163265306 0.43491678769841263 0.0406751938775511 0.08250718650793641
0 0.028973811224489797 0.7358472400793651 0.04009047959183674 0.07796928174603174
0 0.08032333163265305 0.5332654722222222 0.040748704081632656 0.08079185714285723
0 0.12894289795918368 0.12925387500000002 0.0400924285714286 0.07882024999999998
0 0.6292592125189297 0.6419930310168827 0.03880615850580509 0.07852375343541428
0 0.38073368877551017 0.23463764880952379 0.0395286020408164 0.08063442460317449
0 0.029527494897959184 0.8357868353174602 0.040560091836734695 0.07881573412698421
0 0.07940051020408162 0.43024553571428564 0.040178571428571425 0.08184523809523798
0 0.48040561734693876 0.3378023432539683 0.03989286734693889 0.07801044047619045
0 0.2805347244897959 0.4344197976190476 0.04034240816326532 0.08275328571428561
0 0.23007015306122444 0.2321428571428572 0.03954081632653063 0.07998511904761904
0 0.43239614795918363 0.8396987539682538 0.039218316326530604 0.07981913492063489
0 0.6284604548207976 0.1409179626030624 0.038786129227662815 0.0769380060855909
0 0.28109541326530607 0.638691375 0.039550520408163335 0.07772997222222224
0 0.27971478061224486 0.13370152380952383 0.040296908163265296 0.07717487301587296
0 0.1796718214285714 0.13038989484126987 0.041103846938775515 0.0779920912698412
0 0.33011798469387754 0.23400297619047622 0.04033801020408165 0.08060515873015874
0 0.07914013775510204 0.32934049404761906 0.04029558163265306 0.07844785317460316
0 0.23116271938775512 0.5360515714285714 0.03853717346938781 0.0807836984126984
0 0.027271959183673467 0.2270946011904762 0.04019442857142857 0.081669361111111
0 0.18247767857142858 0.9368179563492064 0.039700255102040796 0.07626488095238097
0 0.026250362244897962 0.1263674861111111 0.04165888775510205 0.07676771031746024
0 0.22949186734693874 0.13228096428571431 0.039978632653061244 0.07743395238095235
0 0.07804569387755102 0.12773232539682544 0.041614346938775526 0.07701723015873013
0 0.031087010204081635 0.9361949583333332 0.04017146938775511 0.0756389246031745
1 0.481830474489796 0.2449946527777778 0.004132418367346803 0.016459107142857178
1 0.38121939285714285 0.8400857539682539 0.0031862142857142267 0.011172738095238048
1 0.8242803518425037 0.05176042412642324 0.007168725896012213 0.008743580486847275
1 0.9711643843537414 0.16026929679232804 0.0065445306122451745 0.0074934004629629595
1 0.07802948469387755 0.950329482142857 0.005293071428571418 0.01513964682539696
1 0.3325891632653061 0.442305123015873 0.0079721836734694 0.0068828095238094725
1 0.5853646122448979 0.7348608273809524 0.00529118367346939 0.013909297619047578
1 0.22977306632653063 0.13462906150793655 0.0044207040816326175 0.010255765873015897
1 0.2845875612244898 0.330916871031746 0.0028912040816325858 0.01388550396825404
1 0.678475117491166 0.6338222986847272 0.007890754416961089 0.006525995484884146
1 0.1891156173469388 0.6435723214285713 0.006016214285714254 0.006134126984126927
1 0.22915190306122446 0.5361024384920634 0.006300785714285669 0.013360599206349119
1 0.687305573069157 0.7465305468197879 0.0031652294295809163 0.012999958578720062
1 0.7304850127460879 0.3470827455830388 0.007038556032306786 0.007027088339222695
1 0.03074170408163265 0.9399525456349206 0.008350775510204083 0.006751654761904646
1 0.7748643183997981 0.4403709072438162 0.00788115623422507 0.00817161307420496
1 0.8739928866733971 0.04844629083235179 0.004285806663301323 0.01843918119356105
1 0.3831497704081632 0.03408603769841272 0.007297397959183626 0.0061086785714286294
1 0.7316342571933367 0.6402115830388693 0.008526033821302344 0.008470630545740043
1 0.5802339030612245 0.9348094662698412 0.004391887755101972 0.012697535714285654
1 0.48278204081632653 0.6533217281746031 0.004142551020408039 0.014537099206349206
1 0.6810766105502272 0.44943157548095797 0.005842740535083379 0.017042816843345163
1 0.037046612244897956 0.7460025535714285 0.00785830612244898 0.00712683730158719
1 0.8280965837960625 0.5456917543188065 0.008054687026754184 0.009789439929328618
1 0.7355483690055528 0.8448026593050648 0.006376760222110026 0.010311249901845225
1 0.5829958826530612 0.4547308194444444 0.008115377551020332 0.008073083333333366
1 0.4286307346938775 0.24186827380952378 0.007215571428571416 0.007830912698412728
1 0.9223065085034015 0.64096432390873 0.005142510204081572 0.015432049933862341
1 0.9249198664965987 0.35401479745370373 0.00469895748299304 0.015277696759259236
1 0.03300092857142857 0.844834378968254 0.004788959183673468 0.0165564404761903
1 0.9764263205782315 0.43213020254629625 0.004258328231292247 0.010439909060846563
1 0.9759649549319728 0.637087949239418 0.0049153282312927 0.02008460085978826
1 0.9228621164965986 0.8449975471230158 0.010408845238095361 0.00832459821428571
1 0.32850945918367347 0.03955173611111113 0.007840775510204066 0.006337996031746081
1 0.9278975450680271 0.2387697025462963 0.009638583333333324 0.008086008267195705
1 0.973535387755102 0.9364932739748677 0.010305925170068316 0.008761550595238334
1 0.9278498809523809 0.7400372237103173 0.009733911564625787 0.011048651124338565
1 0.5852592346938775 0.8437322996031744 0.007096326530612223 0.01194016269841263
1 0.9737269923469386 0.8331837488425924 0.007796865646258562 0.016967902447090073
1 0.8771058714033316 0.4408396074793875 0.00500077612317012 0.010915013545347492
1 0.6329475632256435 0.7480447968197879 0.008398159767794157 0.008744524931291802
1 0.58115075 0.3461514067460318 0.006065846938775365 0.013798376984126953
1 0.43410672448979587 0.7419175357142855 0.00582991836734692 0.010956595238095149
1 0.7769401885411408 0.047240424126423236 0.004360410398788466 0.019010514134275625
1 0.966567582482993 0.05850987351190474 0.009892045918367386 0.010532749669312143
1 0.37916365816326525 0.25111716071428575 0.004746663265306087 0.010414488095238076
1 0.7296437724634024 0.5430558876128779 0.005566064361433628 0.01751504063604228
1 0.8322001956082786 0.9404835217903414 0.003948927309439552 0.0177127758146839
1 0.633507067390207 0.23962244886140555 0.005386168096920585 0.015209362190812727
1 0.5338397142857143 0.24180232341269844 0.003749142857142727 0.015403289682539739
1 0.8821604762746087 0.15058463731841382 0.0049874775365977495 0.018446940518256794
1 0.23062882142857138 0.7435570555555555 0.008130112244897982 0.010157714285714053
1 0.2815463979591837 0.4371527638888888 0.004190367346938726 0.00974705158730164
1 0.6347753076728925 0.8434899590694934 0.008844134780413931 0.007415448959560243
1 0.33784459183673465 0.8388108908730159 0.006071020408163262 0.011242305555555375
1 0.8344580588086824 0.4498122923046721 0.007320631499242783 0.014440982724774157
1 0.971957220238095 0.24736342443783066 0.004693127551020584 0.01725025099206349
1 0.22671745918367345 0.03596996626984129 0.007980897959183634 0.014121575396825452
1 0.6295650826602726 0.9248002362583432 0.007591187531549691 0.013498271103258592
1 0.6818406008329125 0.8456895425991362 0.009047218324078747 0.00853748331370241
1 0.9265547244897959 0.9320558745039681 0.007275329931972659 0.015569550595237815
1 0.07883473979591837 0.7399237658730159 0.0062335816326530465 0.014324095238095066
1 0.6359705396264513 0.5439182874950923 0.006138173649671736 0.010882506281900264
1 0.43415987755102037 0.4478520396825396 0.004448102040816236 0.016250285714285637
1 0.7296561398283694 0.4380561904201021 0.009958290762241364 0.009733712603062352
1 0.23037762755102043 0.4387150734126984 0.00640035714285711 0.012202789682539725
1 0.7754060628470469 0.2482261994503337 0.009321645128722824 0.009044263839811507
1 0.13445740306122447 0.8458679285714286 0.008827540816326517 0.02006969841269818
1 0.533828219387755 0.9442115535714287 0.007917540816326505 0.01559474999999999
1 0.18124487244897958 0.13316851190476192 0.00964035714285712 0.009456626984127043
1 0.5840982346938774 0.6488462896825397 0.010056081632652994 0.010467142857142835
1 0.9248548962585034 0.05880584738756612 0.00775194217687089 0.018207997685185166
1 0.07952214795918366 0.43363094444444444 0.004221010204081629 0.013070452380952415
1 0.8734047651438667 0.741954013054574 0.004515558051489116 0.01785875834314885
1 0.7780895517415447 0.6507211511582253 0.009318120141342742 0.0076958994895956045
1 0.8785463616860172 0.3493314795838241 0.008114242806663237 0.019093224577934817
1 0.9708864030612244 0.3465557491732804 0.007366224489795821 0.014178101521163968
1 0.1841149744897959 0.941417763888889 0.007088928571428558 0.02118232936507939
1 0.22617148979591836 0.34330124801587303 0.009710591836734698 0.008958019841269907
1 0.38138770408163264 0.13866896031746032 0.009227142857142871 0.011476563492063545
1 0.18413288265306121 0.7341087876984127 0.00800974489795916 0.013553257936507634
1 0.922821586734694 0.44664864831349194 0.004378085034013525 0.019122098214285652
1 0.13372123979591838 0.7426000853174602 0.0051978265306122295 0.015171853174603159
1 0.1280196275510204 0.2351742757936508 0.008629112244897945 0.007578035714285737
1 0.5805545918367347 0.03888207539682542 0.006620408163265117 0.016357873015873072
1 0.5378630816326531 0.6406620813492064 0.008776387755102125 0.014434765873015681
1 0.23317035714285714 0.9467973829365078 0.004641428571428565 0.0172435277777778
1 0.2814701479591836 0.549749125 0.00848827551020399 0.009008694444444446
1 0.6832560952801614 0.24244846544954846 0.008424709994952094 0.011397729485669453
1 0.5799880306122448 0.24177578373015876 0.009029040816326475 0.009255972222222198
1 0.5363830102040816 0.4429539623015872 0.008228877551020222 0.011165488095238145
1 0.2833765969387754 0.8425364603174602 0.009139663265306096 0.00689136507936499
1 0.28054455102040815 0.03419272619047622 0.004280795918367275 0.016435976190476233
1 0.7794066774356385 0.9470358393207695 0.004790885411408396 0.018104410875539635
1 0.13107354081632652 0.6416936111111111 0.004115673469387739 0.015471904761904692
1 0.6289015826602725 0.4417583077149588 0.009233684755174006 0.013985347663918308
1 0.4846358673469388 0.9370112559523807 0.008087959183673478 0.012014194444444785
1 0.7789255461887935 0.14592805319984295 0.009223617364967192 0.012423438162544171
1 0.12688603061224488 0.5410315674603174 0.009939673469387726 0.009702738095237941
1 0.5358096020408163 0.042163904761904784 0.008100183673469376 0.012274373015873072
1 0.5299030153061224 0.1404708293650794 0.0077960102040816335 0.017173420634920677
1 0.9742973095238094 0.7442516969246031 0.005859037414966142 0.018120696759259165
1 0.6879315716809691 0.3370204944051825 0.009800662796567496 0.014882254220651751
1 0.07621548469387755 0.5390399583333333 0.010196581632653055 0.00810559920634921
1 0.07718039285714284 0.04012559523809526 0.008266765306122447 0.014490873015873077
1 0.0822690663265306 0.642042 0.005423602040816317 0.01973544444444444
1 0.3299105867346939 0.1365679900793651 0.004081887755101984 0.015058464285714383
1 0.4822042602040816 0.1447159484126984 0.005616989795918264 0.015503619047619136
1 0.22974356632653062 0.2384459345238095 0.008943989795918357 0.010955353174603239
1 0.830391199772842 0.7435033134079307 0.00725142175668846 0.0202813590498626
1 0.7354292474760222 0.93928613849627 0.0044065227158000654 0.019494075579112844
1 0.4870654387755102 0.8367730515873015 0.008330857142857135 0.012217785714285629
1 0.2838978775510204 0.9460063234126984 0.009691489795918277 0.013865329365079128
1 0.5327517448979592 0.3419840178571429 0.00815722448979577 0.01345259920634915
1 0.23478322959183673 0.8488576726190475 0.011020540816326526 0.015051654761904842
1 0.9751504175170067 0.5377195259589947 0.010264641156462874 0.010591454034391311
1 0.18654083163265303 0.8372821210317459 0.008295887755102045 0.016159964285714225
1 0.5355101581632652 0.7413905853174603 0.004553663265306186 0.016970813492063443
1 0.026360938775510205 0.03420239682539685 0.008502612244897954 0.015176555555555606
1 0.8319271956082787 0.34803022958382407 0.0060724134275616844 0.02476305869650567
1 0.12951491326530612 0.3382701587301587 0.006595173469387763 0.01592000000000003
1 0.3308450612244898 0.2479935615079365 0.005720591836734608 0.017901765873015937
1 0.3814047397959184 0.7403567261904761 0.011425214285714245 0.009737936507936319
1 0.7302338870519938 0.15134923743619944 0.009433790762241248 0.015077339811542984
1 0.1819987448979592 0.5384292222222221 0.00717351020408165 0.016094555555555563
1 0.38100769897959175 0.34210008730158725 0.004566234693877494 0.0194208571428572
1 0.42910948979591834 0.13902194047619051 0.010084591836734649 0.0070503650793651345
1 0.6867393300100959 0.9491779897919121 0.007452687783947555 0.01934131134668229
1 0.025836933673469387 0.24355613293650794 0.007318479591836732 0.018096067460317517
1 0.02872622959183673 0.43750386309523803 0.0075985612244897855 0.00904485317460324
1 0.13209077040816325 0.438462373015873 0.008139887755102012 0.01704846825396829
1 0.8788698561332661 0.6500323176285826 0.009991231701160886 0.011527433843737691
1 0.07787292346938775 0.2258750376984127 0.006243948979591846 0.015015797619047673
1 0.7753898170116101 0.3405739618178249 0.006830159010600819 0.02004465586965059
1 0.18075798979591834 0.3383791686507936 0.005193204081632631 0.016322019841269884
1 0.6338375646138315 0.14693682037691402 0.006302659767793983 0.02022137298782879
1 0.8281565824078748 0.6452657003337259 0.009196678697627395 0.01001826560659601
1 0.38421030612244894 0.542781496031746 0.005495204081632669 0.019223714285714243
1 0.5301566020408164 0.5410045615079364 0.009292795918367399 0.01566487698412702
1 0.07921396428571428 0.14114160912698415 0.00770727551020407 0.013971742063492115
1 0.0805673775510204 0.8422872301587301 0.01042136734693876 0.012350142857142839
1 0.8796657359919233 0.8390204590694935 0.0052444997476021014 0.020648716725559346
1 0.5830596020408162 0.5422692361111111 0.007350183673469449 0.018388115079365046
1 0.8255773599192326 0.1496859049862583 0.00962266532054526 0.011042402826855128
1 0.3350648622448979 0.9413774246031748 0.00748507142857139 0.01258245238095215
1 0.027582602040816324 0.1326032123015873 0.010204693877551017 0.008727107142857182
1 0.030665484693877545 0.5365754781746033 0.007865459183673467 0.012414519841269683
1 0.5397024591836734 0.8472052083333332 0.007967530612244745 0.016155059523809554
1 0.633646567390207 0.34812064605418136 0.005107168096920743 0.017834090694935193
1 0.579907056122449 0.13773306944444447 0.005045581632653093 0.02202890079365084
1 0.4865059336734692 0.7385027261904762 0.005304459183673466 0.016546134920634812
1 0.6805673591620394 0.5517706387907342 0.006545746087834508 0.01480874204946995
1 0.3321031632653061 0.6404390714285714 0.008944183673469348 0.016120865079364992
1 0.23412761734693877 0.6440371607142855 0.009423336734693828 0.01388500396825402
1 0.8764734901564865 0.24599398262661953 0.011313494194851208 0.012895230663525738
1 0.7311035155224633 0.7485905308205731 0.004539561585058039 0.02237626069886141
1 0.3823570612244897 0.6426388015873016 0.011114959183673483 0.008001166666666492
1 0.6776636161029783 0.14811335355319982 0.010460248864209985 0.013574038869257935
1 0.3352538622448979 0.7334707976190477 0.008063704081632648 0.016689357142857117
1 0.07766526530612244 0.34570872619047616 0.004746000000000005 0.023984333333333385
1 0.025191326530612238 0.33413938492063494 0.0047831632653061226 0.013640873015872973
1 0.6830436008329126 0.046442057420494696 0.006641218324078782 0.018153380251276007
1 0.33199929081632656 0.5501624345238094 0.010108561224489674 0.013762432539682517
1 0.335813306122449 0.34296415674603176 0.009176959183673462 0.010872281746031732
1 0.4308549336734694 0.33443396031746025 0.010101357142857077 0.011191603174603227
1 0.17668204081632655 0.038469275793650816 0.008880816326530575 0.010983075396825451
1 0.783369286471479 0.8383462422457794 0.0050685951539626165 0.021383683549273533
1 0.1336074948979592 0.1376604900793651 0.009251846938775466 0.016593702380952417
1 0.7286726426047451 0.05011719130349429 0.007823821302372481 0.020005114840989404
1 0.02724231632653061 0.6376475019841269 0.008015367346938775 0.015503607142857095
1 0.7769419316002019 0.7482067802316451 0.009089382635032754 0.012101359049862499
1 0.27933673469387754 0.24113343253968256 0.010204081632653076 0.017361111111111112
1 0.4308395867346938 0.5418894464285714 0.006624397959183627 0.01604749603174602
1 0.43122112244897953 0.6373934424603175 0.0090501020408163 0.011671448412698342
1 0.8309695726905603 0.24976091686297605 0.007356664815749525 0.01824416548881041
1 0.2823594642857143 0.1355058908730159 0.00862290816326526 0.014702503968254035
1 0.43340528571428566 0.8413787003968253 0.00787055102040805 0.013547162698412643
1 0.48202991836734693 0.5444655357142857 0.007878938775510136 0.01709571428571424
1 0.2857940051020408 0.744140625 0.01068239795918368 0.012710813492063561
1 0.4313989642857143 0.03247985714285717 0.0064622755102040534 0.014901396825396875
1 0.48293310714285714 0.4435575912698413 0.005753683673469315 0.021738984126984086
1 0.4363177704081632 0.9422286944444442 0.010974153061224406 0.013360071428571391
1 0.3853914693877551 0.9472331626984127 0.0072782857142856625 0.018232087301587343
1 0.18011586734693877 0.24416298214285717 0.008390714285714244 0.018122448412698448
1 0.18071677551020404 0.4389121924603175 0.008464408163265295 0.019869067460317393
1 0.13002232142857142 0.9450334821428572 0.003667091836734672 0.005270337301587188
1 0.7291929581019687 0.2450799960738123 0.006467693084300967 0.008588535531998391
1 0.779120393740535 0.540771005104044 0.004416961130741928 0.004907734589713325
1 0.87771327612317 0.5479792402826855 0.004732458354366489 0.008281802120141278
1 0.8308619384149419 0.8419832155477032 0.005994447248864227 0.006748135060855907
1 0.9251434948979591 0.548828125 0.006377551020408134 0.006458746693121754
