0 0.32294391872791517 0.6422010937377306 0.040133168096920815 0.07771294522968188
0 0.12477915194346288 0.934770072634472 0.039437152953054 0.07760355319984293
0 0.37236559818273596 0.052911513545347455 0.03927940434124184 0.07883048684727131
0 0.5714038373296314 0.4438725844130349 0.03951388364462391 0.07796896152336079
0 0.5222919309692073 0.44468255182567723 0.04067169636547194 0.07958889634864554
0 0.5219316698637052 0.5429609640753827 0.04089766582534082 0.08167673773066357
0 0.7708385916203937 0.14769213780918727 0.04085689045936393 0.0788304868472713
0 0.971405337227828 0.34365319083023543 0.039664099840679715 0.08131970260223045
0 0.970492565055762 0.5427573833126806 0.03949814126394061 0.08261049153242458
0 0.47155064058556284 0.4451308515901062 0.040148227158001044 0.07925856223007491
0 0.026501766784452294 0.5436849725166862 0.03754416961130742 0.07514968590498622
0 0.5232521453811206 0.348295789163722 0.03912165572942956 0.07883048684727129
0 0.9217616263940519 0.14773605968608017 0.04061565852363224 0.07994909169764562
0 0.4718870176678445 0.3483728226344719 0.03987448965169109 0.08021148743619945
0 0.6217306160382368 0.5437254750103263 0.04032793414763672 0.08261049153242458
0 0.4708007319535588 0.8370754809579897 0.03896390711761737 0.07975068708284253
0 0.8723810046693588 0.2475317930899097 0.04170799621403337 0.08036001334903808
0 0.4722257607269055 0.052399151648998825 0.04023647854618874 0.07903269670200234
0 0.3222015396264513 0.8367687475461327 0.039910398788490654 0.07975068708284253
0 0.920970292087095 0.5434257660057827 0.04135640998406801 0.08136567905824035
0 0.6714455473977695 0.54320372015696 0.04117840228359018 0.08221237629078883
0 0.3228325340737001 0.24922089713388296 0.03927940434124178 0.07821702002355711
0 0.12422703180212012 0.544758539458186 0.039910398788490654 0.07975068708284253
0 0.4221057370015144 0.5429415476050256 0.04095554265522462 0.08041097114252072
0 0.47188589336193837 0.5431584800745975 0.039872241039878936 0.08023136925795052
0 0.87202226022211 0.04883241764821358 0.04130600454316006 0.08110123105614449
0 0.7711051988894498 0.24585737603062424 0.041074607773851565 0.08191891382018061
0 0.9217715420870951 0.3452103142296572 0.04196315852363282 0.07927079368029741
0 0.7214501696113073 0.24802654308990968 0.04019968298838959 0.08134951334903807
0 0.6718286524163568 0.4454762338909542 0.040285026553372204 0.07779416542750939
0 0.3225592958101969 0.34818053945818606 0.04094140837960626 0.07982692108362777
0 0.7219365219586067 0.049997546132705135 0.03991039878849075 0.07852375343541419
0 0.17407559313478038 0.3484491558696506 0.039910398788490654 0.07852375343541422
0 0.7719871947248864 0.04985073458971339 0.040630118879353964 0.08007053082057324
0 0.4219775365976779 0.05337161366313309 0.03975265017667847 0.07852375343541419
0 0.7705230943967694 0.34599528857479384 0.039910398788490654 0.07913722025912841
0 0.9711085179235263 0.24622178903345723 0.03973429553903348 0.08136602746798839
0 0.32336504581019687 0.0528473850608559 0.0397134333669864 0.07870222987828818
0 0.6716951417213528 0.2485387599136239 0.04070224709742547 0.07992007970160975
0 0.971405337227828 0.04838522304832715 0.0380045140732873 0.07744733581164809
0 0.5224634023220596 0.0509177463682764 0.04038364462392729 0.07913722025912838
0 0.9705980800584175 0.6405361078066915 0.04004108842272984 0.07938644527054932
0 0.4719049722362443 0.24998773066352567 0.03896390711761742 0.07913722025912838
0 0.97099044078598 0.7389573007021892 0.03949814126394061 0.07873812474184216
0 0.9218257728359 0.44439168112350264 0.041075868560807194 0.07885203221809167
0 0.9208709506107274 0.24635997521685254 0.041821561338290125 0.08164239983477897
0 0.3717034563351842 0.7390986061052217 0.04016360121150936 0.07887938731841378
0 0.5219131698637053 0.642830260208088 0.040229671378091934 0.07835781134668253
0 0.8721132004038364 0.14753877110325872 0.04054139323573957 0.08036415390655673
0 0.9219652521242695 0.048045337257331684 0.04135482713754622 0.07870374762494835
0 0.174281825340737 0.5443485144287397 0.0400073659767794 0.080157570671378
0 0.6720090863200403 0.14953253828032978 0.040068147400302935 0.07821702002355711
0 0.5720506977536597 0.5436582644287397 0.04080760449268043 0.08061747114252062
0 0.6212327403080191 0.44385068153655516 0.04132368560807222 0.07970621643948785
0 0.5225589129227663 0.15011278072241854 0.03962817415446744 0.08060443855516293
0 0.22345090863200404 0.542764772281115 0.040856890459363956 0.08005742049469965
0 0.4715106007067138 0.6421463977228111 0.039437152953053965 0.07760355319984293
0 0.32240517428066634 0.5440582478405968 0.04126415976779403 0.08019050431880635
0 0.8205489909718534 0.936609355638166 0.04099176845459372 0.08099700536968196
0 0.6205689060010621 0.9369320528707147 0.04065985130111522 0.08035161090458488
0 0.5724697122665321 0.3470688555162937 0.03975265017667847 0.07944395367098546
0 0.921155626394052 0.7401672705493597 0.04139516144450356 0.08180345890128038
0 0.2727381422261484 0.543745164310954 0.04068072665320546 0.07772393678837848
0 0.223367731701161 0.8370289520023557 0.04069053659767798 0.0802710959952886
0 0.02634401817264008 0.6416862976050255 0.037859666834931846 0.07913722025912841
0 0.2737426338970217 0.44436445170789163 0.04016573220595662 0.08079309658421671
0 0.2738315082029278 0.05435383529642717 0.04002798359414434 0.07803432940714566
0 0.3225170368500757 0.7395342559874362 0.04022589601211511 0.07852375343541418
0 0.12509464916708732 0.44614374754613273 0.040383644623927316 0.07699008637612875
0 0.7209900302877333 0.3461486552807224 0.04085689045936393 0.08005742049469965
0 0.2232142857142857 0.4444567137809187 0.040383644623927316 0.07913722025912845
0 0.8715610802624937 0.3444616215155084 0.04069914184755175 0.07913722025912841
0 0.47127397778899544 0.7389207891637221 0.03927940434124184 0.07729681978798582
0 0.6216084048460374 0.05030427954456223 0.04085689045936393 0.07668335296427169
0 0.3218071680969207 0.9359970062819002 0.039437152953054014 0.07944395367098561
0 0.27402500681474007 0.15319176472320375 0.03978398637051994 0.07633347055359246
0 0.6717910104745077 0.34771292275225757 0.041524979050984304 0.07950515449548495
0 0.2730041436143362 0.6409712767962309 0.040266237758707746 0.07954757911268157
0 0.07524608783442706 0.4450701806046329 0.03880615850580515 0.07729681978798587
0 0.9211052728359 0.6415382522717884 0.04063062002124279 0.08009994527054932
0 0.4721740093387178 0.15186694778170395 0.03950198132256431 0.07797810443659209
0 0.07524608783442706 0.5442984393404003 0.03975265017667845 0.07514968590498632
0 0.7708660375730216 0.5429754173895084 0.04153292485395649 0.0824011652209831
0 0.9705277043281997 0.4442853463444857 0.03890458550185859 0.07799396819496064
0 0.5716823234477536 0.6419344438555163 0.040386353104492755 0.07779311228896753
0 0.6719502604745078 0.05111396800157047 0.039950495709237845 0.08137006399685903
0 0.2732423880615851 0.7386983726933647 0.04105822387682991 0.0811462546132705
0 0.8711822984599044 0.5431898187732342 0.038700231545406284 0.07960299566294912
0 0.9709074614976101 0.14729192482445272 0.03833643122676591 0.08035161090458488
0 0.7702189325544344 0.8374801971292855 0.040902549123738856 0.0789386057414292
0 0.7709620154009558 0.44331033942585707 0.041061046202867754 0.07991632114828597
0 0.12470027763755677 0.738920789163722 0.03959490156486622 0.07913722025912841
0 0.8717725706319702 0.44355043804213135 0.0395488587360595 0.07975112391573727
0 0.32314803129732456 0.15152630545740084 0.039910398788490654 0.07852375343541419
0 0.42205641090358403 0.6416862976050255 0.0414878849066128 0.07913722025912841
0 0.6213523610550228 0.1494301806046329 0.040660300100959085 0.07985270514330586
0 0.5718535734477537 0.7398397062230074 0.03946686420999502 0.07852118708284263
0 0.6209774103987884 0.3472222222222222 0.041172387682988386 0.07852375343541422
0 0.5726646935890964 0.04985790106007067 0.04045811004543174 0.07885793011385944
0 0.1737559496466431 0.25103372673733804 0.039902106259464935 0.07938881193561054
0 0.5722468206713781 0.24936647673733803 0.04025335865724376 0.08096204652532389
0 0.6214061780403611 0.6416909884345312 0.04133864391927783 0.07976002313093764
0 0.02642289247854619 0.44522354731056146 0.03675542655224634 0.07699008637612881
0 0.6708543547530536 0.8378640024783147 0.04132368560807233 0.08035161090458488
0 0.4713703878091873 0.9358736480172752 0.03947222438162551 0.07981070396544965
0 0.821430741237387 0.4434980435770344 0.04175951752522573 0.07900094052044619
0 0.9209825021242697 0.838969788826931 0.040716995751460414 0.07804542234613789
0 0.671186271906532 0.7386346034696406 0.04032793414763672 0.07938351920693924
0 0.026785840989399293 0.3487594227522575 0.03779682079757698 0.07791735355319984
0 0.07552251261988895 0.7380722559874362 0.040305499747602204 0.08050748802512754
0 0.42229285714285714 0.4456704682960345 0.03943679959616365 0.07727046152336076
0 0.2243128518425038 0.05503908529642717 0.04037229631499244 0.07940482940714567
0 0.5235412844522969 0.24990359344326657 0.04001543109540638 0.0814228131134668
0 0.7709698082846521 0.642184784283354 0.040744714816781775 0.07881143143329201
0 0.8713323154540625 0.937093401486989 0.04032793414763682 0.07938351920693934
0 0.8207979288369622 0.6424708281701775 0.04049389272437602 0.07809273027674517
0 0.970492565055762 0.937093401486989 0.03949814126394061 0.08002891367203624
0 0.8209638874137015 0.8372186080132176 0.04016197557089752 0.07970621643948779
0 0.7703465215082316 0.9367707042544404 0.04016197557089752 0.08067430813713332
0 0.7208286874668082 0.6413164884345312 0.04103337068507703 0.07836562866584056
0 0.5719611977536597 0.8379279520023556 0.040313107269056 0.080228695524146
0 0.07550525984351338 0.6419843437377306 0.040270994194851084 0.07911984570082461
0 0.22352978293791015 0.7380005889281508 0.040383644623927344 0.07975068708284253
0 0.7213479803505044 0.5431700618546055 0.040412370685076936 0.08149966522098297
0 0.6215789487519913 0.7395822177819082 0.04102035103558147 0.08063335336637746
0 0.6216872791519436 0.24876079701609738 0.04101463907117621 0.07975068708284255
0 0.6209471765799256 0.8386847888269309 0.041084475305363806 0.07876621127633192
0 0.07500946491670872 0.8350817137809186 0.041487884906612815 0.08067088731841378
0 0.37171007925290256 0.5435762810168827 0.03986134982332154 0.07984003749509237
0 0.3716622063351842 0.6414323099725165 0.04008110121150936 0.07801577817039658
0 0.8216641010853103 0.04890965106007067 0.04154879782937897 0.08125569787985866
0 0.6706054168879447 0.9364480070218918 0.04049389272437602 0.07938351920693934
0 0.27298397274103986 0.3481424224577934 0.04085689045936398 0.07913722025912841
0 0.9701570800584174 0.8377896971292854 0.03915908842272984 0.07891221127633209
0 0.9206220127456187 0.936609355638166 0.04032793414763692 0.0790608219743907
0 0.5208070418980313 0.9355369061641146 0.04054139323573947 0.07913722025912841
0 0.7214701682231196 0.14883429731056144 0.0402396802120141 0.08111480585001962
0 0.37205010095911156 0.34798905575186495 0.038963907117617325 0.07760355319984298
0 0.12446365471983845 0.3495227228111504 0.04069914184755174 0.07760355319984293
0 0.7707107668613913 0.7387395733168112 0.04089046627721718 0.08023885336637744
0 0.026737842377587077 0.8357148850608559 0.03833181802120141 0.07948336258343147
0 0.37214895494699646 0.44560791853160575 0.04010810676426045 0.07959922928936002
0 0.27322059565875817 0.8372288476639183 0.03975265017667842 0.07883048684727129
0 0.27294876514386673 0.2504541432076953 0.04141746971226655 0.08191044581861018
0 0.721228063197026 0.4443628852746798 0.03984061922464162 0.07943983498554313
0 0.27269802763755685 0.9357674311935611 0.041231491923271184 0.07959827031802133
0 0.5713654719838465 0.9358436395759718 0.03975265017667847 0.08036415390655666
0 0.0754457584553256 0.3495549896937573 0.04109848308934881 0.07889502061248521
0 0.2240030287733468 0.15367343934040048 0.040383644623927316 0.07606988614055751
0 0.37238544939424534 0.2507592936788378 0.039950101211509347 0.07945341264232432
0 0.3716092035588086 0.9367636148409895 0.039344101211509296 0.07975023714173564
0 0.2231814844775366 0.2507013766195524 0.040633539374053534 0.0817914458186101
0 0.22352978293791012 0.9352301727522574 0.039437152953053986 0.07975068708284262
0 0.5217535335689045 0.7401477228111503 0.04054139323573947 0.07975068708284253
0 0.17423334174659263 0.054445180604632895 0.03896390711761737 0.0788304868472713
0 0.4212016168601716 0.9354476142520612 0.04167128016153454 0.08141250372987842
0 0.8212392730943967 0.34415488810365136 0.04101463907117621 0.07729681978798587
0 0.07500946491670872 0.25075456419316844 0.041487884906612815 0.08067088731841379
0 0.4220374842251388 0.24942164320769533 0.04113453432609795 0.08045891264232431
0 0.42241123422513877 0.15193443119356104 0.04030454820797575 0.0787265380840204
0 0.7210364596388741 0.7390567247005368 0.04078508072225182 0.08151855059892603
0 0.37246494939424535 0.15182184766391835 0.04010910121150937 0.07972830467216331
0 0.8210026501766784 0.24661366313309774 0.041172387682988386 0.08220455437769922
0 0.17423334174659263 0.9355369061641146 0.03959490156486622 0.07975068708284243
0 0.371390083417466 0.8374794851786415 0.039852352599697174 0.08117216234786026
0 0.5214380363452802 0.8373822143698468 0.039910398788490654 0.07975068708284262
0 0.17352347299343768 0.44522354731056146 0.03975265017667845 0.07944395367098551
0 0.5720068276123169 0.1489764471927758 0.04008886976274612 0.08139910561444838
0 0.12569278495709238 0.8370943187082842 0.040002430085815235 0.07978836258343147
0 0.1739833336698637 0.6428515771495877 0.03877938818778393 0.08024084570082458
0 0.4216620393740535 0.34752895563407926 0.04133013629480062 0.07668335296427169
0 0.42110991923271074 0.8367687475461327 0.04054139323573952 0.08159108755398502
0 0.3224381625441696 0.4450701806046329 0.04038364462392729 0.07729681978798587
0 0.026435092377587077 0.7377181392815075 0.03804181524482584 0.07918578778955629
0 0.6711032926181624 0.6410186906237093 0.04016197557089752 0.07777003304419662
0 0.7207270010621349 0.9365177820115654 0.04016616356877337 0.0814592525815776
0 0.821470532660648 0.5425343187732342 0.042171017525225805 0.08216436245353166
0 0.8215547703180212 0.14799887122104435 0.04069914184755175 0.07821702002355713
0 0.8710833775889538 0.6416640850888062 0.039498141263940516 0.07841542750929362
0 0.07650807672892478 0.05490528072241852 0.04006814740030287 0.07913722025912838
0 0.17439807395254922 0.7385803726933647 0.04055536042402831 0.08091025461327048
0 0.026817264008076727 0.2509079308990969 0.03785966683493185 0.08036415390655671
0 0.124858026249369 0.25090793089909696 0.04054139323573952 0.07975068708284255
0 0.4214254164563352 0.739227522575579 0.04054139323573952 0.07913722025912841
0 0.1255050418980313 0.15405076472320375 0.04025793841494193 0.0786649373773066
0 0.02736938414941948 0.054445180604632895 0.03896390711761736 0.08128435414212799
0 0.12457792314487633 0.642324743619945 0.041558673144876324 0.07980064546525324
0 0.026817264008076724 0.1527532391048292 0.03817516405855628 0.07791028661170005
0 0.07530663414941947 0.9343708144876324 0.04113573170116102 0.07987237102473502
0 0.12612001514386673 0.05597884766391832 0.04054139323573952 0.07699008637612877
0 0.7210206046202868 0.8375040068153655 0.04108528783855557 0.07963161957868653
0 0.8709174190122145 0.8375413052457662 0.03983005841741902 0.0790608219743907
0 0.871558527748274 0.7392857843866171 0.041112275889537996 0.08197666997108626
0 0.17460331978798585 0.15421274813506083 0.040019360424028275 0.07714850372987825
0 0.2237621073952549 0.6427908271495877 0.0395863046441191 0.08073281252453866
0 0.027047592377587075 0.9329874809579897 0.03800482635032811 0.0771057039654496
0 0.22313541140837959 0.34860252257557905 0.039594901564866246 0.07821702002355711
0 0.17423334174659263 0.8370754809579897 0.03927940434124178 0.07852375343541418
0 0.8212128252788102 0.7389573007021892 0.04132368560807222 0.07938351920693924
0 0.07548271075214538 0.1535200726344719 0.04054139323573952 0.07821702002355711
1 0.7167010999734467 0.45094244589012805 0.006056111258629723 0.011309552664188377
1 0.07801757382635033 0.24817459992147625 0.003921944724886409 0.012214797016097338
1 0.6654488327137547 0.9398781453944648 0.0036748252788102926 0.007338401486989178
1 0.07729226476527007 0.16775115567334117 0.003479579505300353 0.006198709462112292
1 0.8647735837758895 0.7491431910367616 0.005981244556558555 0.005443997934737746
1 0.26728367629984856 0.25675836709854727 0.006825883139828345 0.006703132312524543
1 0.6248712291771832 0.1657747557911268 0.005936491670873169 0.00831110875539852
1 0.3744482070923776 0.8343134578916371 0.003879961383139831 0.012885648017275209
1 0.02456424798081777 0.06113272565763644 0.003875037607269051 0.013924183549273654
1 0.6633368139828368 0.3386042775814683 0.0044091585058051155 0.006806953278366753
1 0.07511664740030287 0.3566323468786808 0.0075153170116103035 0.010012691401648954
1 0.5725092151691066 0.34504919522968197 0.0033914636547197775 0.013548056340793084
1 0.3720103466683493 0.2410958819199058 0.004969715547703198 0.011649029250098142
1 0.5729643311458857 0.7478758299960737 0.00752918727915193 0.006628591283863234
1 0.37317858695103484 0.7432648294071456 0.006103704442200909 0.009715924224577972
1 0.9658606996813595 0.834530852023957 0.006608393520977326 0.013442942792234605
1 0.569983593639576 0.16114410531998427 0.005918728924785402 0.015732009226541017
1 0.028326105628470467 0.9480084726148408 0.0058162390206966215 0.016159144287396877
1 0.2746516360424028 0.5467714711425206 0.010704299848561354 0.012537740871613658
1 0.027643107016658255 0.8389910751864939 0.0068667390206966165 0.014572816254417
1 0.07644551337708229 0.6511553513937967 0.004857585058051481 0.009894833137023933
1 0.7156754949548593 0.9384706592317226 0.007111569835369075 0.013380346137959699
1 0.42008455325593136 0.35550402434236356 0.0053634528016153074 0.016563604240282654
1 0.17351821567390208 0.15697307096584215 0.0075824480060575185 0.005670073223400098
1 0.08237015434124181 0.06970077483313702 0.0076226913175164186 0.011800450333725959
1 0.5177881942200908 0.8446691924813505 0.009981410651186247 0.008124316254416996
1 0.13062902460878345 0.4479358083038869 0.009438568652195833 0.008378481546917942
1 0.37542133001009587 0.1536830206124853 0.006981671125694078 0.00550203886925793
1 0.26912516797072183 0.7430083128190027 0.008506352599697108 0.01022895740086375
1 0.7213679259212518 0.13854461896348644 0.005080907370015199 0.013694036513545343
1 0.7156938499734465 0.7355899851301115 0.009398279872543774 0.009316209004543453
1 0.029541718828874304 0.4492066086572438 0.011587940434124179 0.013811949548488349
1 0.026817264008076727 0.16072830781311345 0.007571933366986373 0.009815469179426772
1 0.07874512796567389 0.8449767256576364 0.009723272589601211 0.00812271672555948
1 0.31743407849570926 0.9434280383784843 0.009692670873296295 0.01059680899096982
1 0.1733627128975265 0.8513506273066351 0.0056849729934376775 0.02114052002355709
1 0.7728287665958575 0.9363745147666256 0.007648361656930445 0.011764084882280004
1 0.6176505890865639 0.7458955214787278 0.004011089484864628 0.01903867616687312
1 0.8145455043813064 0.5452655376910367 0.00453883722782779 0.013700130731102827
1 0.07575889184755175 0.4491090251276011 0.010332292024230177 0.009099382018060313
1 0.2706810353356891 0.9433710223792696 0.005710115093387103 0.021139776992540226
1 0.8121019045936396 0.041576672948566935 0.006601339727410302 0.010093611307420498
1 0.5133654747602222 0.44502975795052996 0.004313977284199767 0.008669380840204176
1 0.32537591532054516 0.844081809187279 0.010530350075719345 0.011752950137416679
1 0.9146527874402551 0.7380485699091285 0.009780989113117247 0.010852984097480305
1 0.41503659767794043 0.7418347565763643 0.005678950025239767 0.01564340400471141
1 0.8694623781200213 0.5487538197026023 0.005897336165692987 0.016404483684427852
1 0.37151726123170115 0.4535868740675304 0.00950347753659772 0.010285251864939128
1 0.22104088175164058 0.25055686650961917 0.007186282937910146 0.012357998429524909
1 0.9699426818906001 0.5303625013424205 0.009397695167286153 0.015754241429161573
1 0.12390580514891468 0.9477097889674128 0.009949621403331627 0.010621843345111908
1 0.3669497376325088 0.545965871024735 0.006888005805148875 0.012922007459756517
1 0.07759988907117618 0.9380140715547701 0.006019303129732442 0.01958434216725576
1 0.8205334466277217 0.7315336892812887 0.005507721720658562 0.01678340623709208
1 0.12618642667844523 0.06702401001177856 0.004126389449772816 0.018091752257557905
1 0.37491145431600204 0.045776673537495094 0.008632416961130726 0.011509079308990958
1 0.22766447412922766 0.5516164717314488 0.008767467693084311 0.012663208873184098
1 0.12281356625441696 0.7460940302316451 0.005193160272589584 0.019394193168433382
1 0.36917921958606764 0.34754411287789555 0.004953019687026787 0.02082755751864947
1 0.17015272261484096 0.44857475853945816 0.00989647299343768 0.011394848841774625
1 0.9656688875464685 0.040816558756712105 0.01064310647902289 0.008683383932259406
1 0.7667567274103987 0.04672977365528072 0.008321477031802159 0.009602879073419697
1 0.9639053446627721 0.441033842936803 0.009855269251194848 0.013055713548120629
1 0.46955140938919737 0.9458790721436985 0.008650840989399252 0.00937554240282681
1 0.9134354738449283 0.9319432327550599 0.008564527615507193 0.014172704254440541
1 0.7717414737121614 0.5498994780049566 0.007167610196494982 0.0083046168938457
1 0.3267010424028268 0.1602205881429132 0.007564598687531543 0.008990508048684731
1 0.17106184414437153 0.9446408387318413 0.011233202170620871 0.013078942873969464
1 0.7680989707912904 0.6402213336431226 0.005822770047796106 0.01417990603056592
1 0.5169801983846541 0.24474516568511973 0.009388921756688566 0.00987166313309773
1 0.4207530058051489 0.051208574597565754 0.0049730393740535055 0.017208881429132305
1 0.2192495074457345 0.9408589548488417 0.0104535343260979 0.012054175107970107
1 0.920347124668083 0.6313928682362661 0.008349829261816362 0.01570197521685242
1 0.9666130000000002 0.241108 0.009672999999999985 0.01958100000000002
1 0.7684009293680296 0.4561893723667906 0.005550770047795948 0.013723589012804656
1 0.31935720141342755 0.5524124723203769 0.005846425037859656 0.020273210051040397
1 0.9162010389006903 0.8368889506402314 0.010667492033988424 0.00743595662949185
1 0.41657043841494196 0.9405582196702001 0.009693123170116127 0.011269560659599756
1 0.41859525996971225 0.16197935531998428 0.008657536597677862 0.012221108755398476
1 0.7725556968702675 0.34395759511189633 0.009974421504290782 0.009596588339222585
1 0.27528200896012117 0.1519280372006282 0.00944355401312466 0.0114658729878288
1 0.7165017257036643 0.6419567739570425 0.010437865639936003 0.009418236472531975
1 0.1808395608278647 0.2583124008637613 0.0065061383139828465 0.012183600314095006
1 0.27724075757193334 0.648970950922654 0.008681029025744585 0.013036700431880592
1 0.22215536509338718 0.8517851936592068 0.012213752397778877 0.011682851786415444
1 0.5215560588086825 0.9423233221436982 0.004654162039374045 0.020781310168826214
1 0.12483592945482076 0.5440181542010207 0.006511886673397298 0.01252317334118569
1 0.26924479227662795 0.35811378052610915 0.007951606764260483 0.014411425991362383
1 0.5226596803382131 0.34656296240675305 0.005286393992932809 0.017268657047506884
1 0.7211834300858151 0.047899024244208874 0.006711887935386126 0.017693313898704353
1 0.6685828149229952 0.6480315421313507 0.008028209771640806 0.01856671747211891
1 0.9680354718534252 0.6488313310615449 0.008233357939458586 0.017612534076827835
1 0.026111241039878847 0.6365820498625834 0.004882515396264513 0.02370476560659599
1 0.7647777814657462 0.8356320423378768 0.007818308550185955 0.015758323420074462
1 0.22279612481070166 0.7500050142324303 0.005884277385159007 0.019547293875147233
1 0.025139493816254414 0.3510633628778955 0.007772501514386671 0.015629457989791935
1 0.41843150858152445 0.543079603847664 0.010247028268551261 0.00765213898704352
1 0.17410771845027764 0.3455568622889673 0.004510459111559786 0.018667390459364015
1 0.6192566955655867 0.9365161592317225 0.009096805363781206 0.01728934613795986
1 0.46838554202423016 0.546192854436592 0.007827603483089465 0.013694974283470687
1 0.27234365270065625 0.44171460806831564 0.008379327612317005 0.01959394837063202
1 0.9676085546999469 0.15003827168525402 0.00543610355815198 0.02064578211482865
1 0.07406202864714789 0.7388417962308599 0.005838587834427055 0.02285625834314864
1 0.32230468614336194 0.6402840332744405 0.004683913932357342 0.01691426560659595
1 0.5230436747854619 0.15451015449548486 0.008935366229177179 0.007528572045543777
1 0.6654897291556028 0.5379660792028088 0.008239872543813018 0.009582608219743783
1 0.32432542642604745 0.05536272506870828 0.004428400050479604 0.013808315076560662
1 0.8164898608603292 0.9414529412432878 0.008284218799787522 0.013869726765799424
1 0.07351128419989904 0.5432737377306636 0.005047093387178185 0.019533207695327823
1 0.5707444665572944 0.2497434002748331 0.006289966431095247 0.02257346643109538
1 0.4679979663048965 0.2569334820376914 0.011589067390207016 0.013278035924617182
1 0.8663682130237254 0.3505640607577542 0.011383573952549244 0.012204878484491574
1 0.7667256017163049 0.24241419886140553 0.008699225643614332 0.008398928543384383
1 0.36943734528016153 0.6437910836277975 0.012008701665825327 0.013580965842167182
1 0.46609979618879355 0.04164230683156654 0.01019061458859168 0.008735409893992937
1 0.9188200610727563 0.4528314848203223 0.009412453531598633 0.015921602850061844
1 0.6677196688541142 0.24538366627404787 0.004477371024734923 0.020863998429524935
1 0.1277534114083796 0.1603567220259128 0.009195347804139331 0.020374109933254836
1 0.5697141408379606 0.8418635568315666 0.010263718324078751 0.014483886336866961
1 0.868593998937865 0.449820580338703 0.004646840148698926 0.02194341181330032
1 0.028315605628470467 0.5428654545543777 0.005521741797072185 0.019736307224185325
1 0.22646960259969712 0.1553508381429132 0.008317735739525465 0.018116541224970563
1 0.22382274217566886 0.43865184089124454 0.005408528773346763 0.018971347663918267
1 0.02811835424028268 0.2592115347467609 0.008755719586067641 0.020814268551236716
1 0.6166688794476897 0.636662277984304 0.009293680297397749 0.015489467162329597
1 0.9174172889006903 0.05501718680297398 0.007571157727031367 0.018360401280462634
1 0.12530522526501767 0.35620546122889674 0.012094549469964681 0.016126077542206543
1 0.41825963011105505 0.6509947678641538 0.010590785209490049 0.014510267962308612
1 0.5183393213023726 0.6472026843345111 0.007617167592125083 0.01780016725559482
1 0.2250572366229177 0.047057124361994496 0.006725506562342228 0.022444447781703968
1 0.4667200517415446 0.6395821168040832 0.004848639575971804 0.021998899489595755
1 0.970244973313861 0.737935246385791 0.006469692246415296 0.02334212598099968
1 0.8199175916091342 0.44786155142503087 0.004747928836962347 0.01940752498967383
1 0.8160397144184811 0.8315173589425857 0.006861091609134258 0.01753374555968613
1 0.5680418533568905 0.5491003384373773 0.005700745583038826 0.01830894228504112
1 0.17771156638061583 0.07121817707106398 0.00897616052498739 0.015224619552414609
1 0.3253087993437658 0.2536536840400471 0.005616626451287234 0.022114500785237468
1 0.47245709237758704 0.8427500490773457 0.005994447248864227 0.02484540636042403
1 0.46745192049469964 0.7438069632901452 0.008117360424028318 0.017833658814291355
1 0.8177338401486989 0.6369800308756712 0.0051324259160913195 0.024534878356051157
1 0.9192686646309081 0.14395039797604298 0.004532240573552672 0.020559034696406457
1 0.7688332190812721 0.14800213672948564 0.00826995759717306 0.01195607204554378
1 0.27688268324078746 0.055390339418924225 0.012056633518425031 0.015693321162151552
1 0.4166929581019687 0.44430334707499014 0.007414184755174194 0.01932420494699643
1 0.5708077165572942 0.6498698348056536 0.0064789636547197505 0.02228133549273645
1 0.9718863297928838 0.33752631774060304 0.006506150823154704 0.020643874225526628
1 0.8637818323154539 0.9363295536968196 0.00497749309612325 0.020244135068153726
1 0.6657519377323421 0.4455808611111111 0.008047372543813021 0.0168695665014457
1 0.518491825466936 0.051864541421279935 0.0041571870267541194 0.020191215547703176
1 0.6214048632004039 0.05333922447978013 0.010660743059061012 0.009880247546132691
1 0.8640854241544675 0.039658106595995286 0.008641367743563676 0.011476876717707103
1 0.5681657679202422 0.4410644718296034 0.008113464159515514 0.020208056340793146
1 0.7171531842804035 0.5492281017141677 0.008803031332979267 0.026427625567947147
1 0.7671197400424854 0.7415174894671622 0.004462060010621168 0.019404612143742263
1 0.6666217291556027 0.8407671132796365 0.004316286776420444 0.02097764869888468
1 0.47028616077738516 0.3529523634668237 0.005919349318525998 0.022893859638790696
1 0.4741924316002019 0.15990911955241457 0.008203136799596271 0.014311760895170783
1 0.6642665339883164 0.7427722307930608 0.008564932023366976 0.0218285384138785
1 0.8695103483089348 0.2461535630153121 0.011042402826855076 0.01564340400471141
1 0.5201658171378092 0.5404879207891639 0.005541662039373867 0.021424040636042245
1 0.17154247261484099 0.542591871024735 0.007747967440686538 0.021510407930899075
1 0.6679864967188288 0.06027311542991754 0.012777637556789553 0.01687033765213977
1 0.4708257836951034 0.44572710865724385 0.005155600706713719 0.02138441637220254
1 0.9185881232076474 0.5415368335398595 0.006889074880509887 0.026966089219330806
1 0.7210288043917213 0.3516026798193953 0.008283128218071615 0.017618158225363167
1 0.6193593834306956 0.5439579849235854 0.00922334678704187 0.020187603056588226
1 0.915374099575146 0.344417381763734 0.005351110462028531 0.024932791201982673
1 0.721280674533064 0.24166538250883393 0.009356874053508437 0.018485096780526147
1 0.670352725896012 0.1456983706321162 0.005521201413427588 0.023925206124852764
1 0.02871024734982332 0.7406078229289359 0.0034704694598687524 0.010735669414997989
1 0.17368122160524987 0.6413795641931684 0.004732458354366489 0.006134668237141581
1 0.2754290762241292 0.8383024146054181 0.00441696113074203 0.007361601884570036
1 0.1266721352852095 0.8310941794267767 0.0034704694598687524 0.005827934825284566
1 0.4200845532559313 0.2515213977228111 0.004101463907117671 0.006134668237141729
1 0.32299028268551233 0.3433880545740086 0.006152195860676406 0.008281802120141327
1 0.31896769308430084 0.7450554574008638 0.006625441696113096 0.006748135060855907
1 0.41756057546693587 0.8378423144876325 0.0034704694598687524 0.007054868472712922
1 0.37544169611307415 0.9372239399293286 0.005363452801615359 0.007668335296427149
1 0.5671062594649167 0.9405980074597566 0.006309944472488788 0.008895268943855407
1 0.7168248805098247 0.8378640024783147 0.0064723844928305345 0.007422036348616205
1 0.6159220658523632 0.8418977178851713 0.00580855018587353 0.0058085501858735865
1 0.9211198884758364 0.2416808653448988 0.0024893786510887137 0.010326311441553097
