0 0.6615611116135308 0.5092233220541896 0.026872759103048517 0.053984221431733974
0 0.9318575850631777 0.95336470476021 0.029004028944268276 0.054907636139760706
0 0.6602022067543111 0.6531131881219719 0.027510382957399764 0.05478092924080177
0 0.2396878880798664 0.4281285385375544 0.029476932522434284 0.055758412422020294
0 0.8927296427170642 0.951843020969383 0.029054797226492218 0.054539483172422305
0 0.11887163946162536 0.7921026489507265 0.028725138441083414 0.053548063969958384
0 0.6995158462557998 0.5819616811462126 0.028079680951247778 0.0546798093084638
0 0.9712697555824157 0.8814496236761269 0.028638559267979858 0.05515688962828821
0 0.19834582123208813 0.7920519716485833 0.0289254154169376 0.05344670936567214
0 0.2772644177547777 0.7916381529284413 0.02837750765935502 0.05346216918860398
0 0.2763082214909256 0.9335886219511266 0.028600459912204574 0.05434879163773815
0 0.5820713904692124 0.8666723204069646 0.026946180575563364 0.05465558763444587
0 0.040701044990899285 0.9355030952961328 0.029986967899315247 0.054326263364871674
0 0.23731637570259037 0.9340239038575563 0.02848140358187734 0.05400310019916172
0 0.119080083673514 0.9351875173468406 0.028725638441083442 0.054303235092004694
0 0.3532229333035286 0.934179406953177 0.027485911456152638 0.05369242361638918
0 0.3544362121680375 0.7915325307641816 0.027641628903302278 0.053250924860084474
0 0.039973544990899286 0.8639476647316382 0.030509812912257114 0.05493623111383643
0 0.5441683301772202 0.8659218192726686 0.027591682814469946 0.05444434330592611
0 0.4681899825245831 0.8649407542205024 0.02768666804927721 0.0556144824846266
0 0.03574036010715233 0.35007052840589475 0.03057940583219655 0.05816099326245264
0 0.8130866948676514 0.9482357835249773 0.028050394319382145 0.054777391852060514
0 0.1190952122910836 0.8640399696594991 0.028443604358389735 0.054918131760985575
0 0.3170538027739734 0.6473052733365577 0.027625302726664126 0.05388643971533208
0 0.23763314997907645 0.8632083190123501 0.028802660817016552 0.05487650413526788
0 0.23799275689122842 0.7919501170442971 0.029105486217543216 0.053851127782817254
0 0.505490960712689 0.9366487276768234 0.02725627677876561 0.05476179124346489
0 0.31614778353096745 0.7920921574656256 0.02789486783236458 0.053448922591492226
0 0.43070198733829135 0.7923430912791634 0.02755378863326161 0.05284528341279163
0 0.8533021022588723 0.7305246764662326 0.028113854733308425 0.056561680416951234
0 0.27879260120555605 0.5749455476116446 0.02821685082826528 0.05546238889656608
0 0.4673442095932358 0.9357203487067872 0.027792870743061446 0.053457786706280715
0 0.5073332987497369 0.7937320980849396 0.027156219049747878 0.05304378114419963
0 0.5080027721300483 0.7208262422556946 0.027265127324358755 0.05481722805684151
0 0.27664582602938853 0.8631832451461341 0.02846498103966634 0.05357347341025815
0 0.5435934751419866 0.9369253543782675 0.027861247920170463 0.05384103557198472
0 0.738878616485194 0.4393681234754859 0.02761222337586045 0.055343406016366524
0 0.3912839307346405 0.9347855964381951 0.027156283495485427 0.05435204918353726
0 0.971581901828431 0.9544125517928714 0.028281565381884616 0.05413702883260319
0 0.3152415142879615 0.862892871847578 0.028069314592987237 0.05538799155899486
0 0.23870512827365878 0.6471933976774592 0.029385160817016583 0.05461727572506561
0 0.1587826211026694 0.9351182406918465 0.029433301205496625 0.05436739099058925
0 0.3150076375376506 0.9334875173468405 0.02834285097120005 0.0539438732205933
0 0.4295016456129022 0.9354302254082313 0.027234708774195624 0.054351549183537136
0 0.4321935790636806 0.6485166523065937 0.02731994835139361 0.0540981840438517
0 0.8531265437923579 0.9496139022471802 0.028940281454030804 0.05409406764948953
0 0.39215874119753713 0.8631589856975057 0.027202774209877684 0.05444621018448152
0 0.35398702502891777 0.8623935545268201 0.027689438075841327 0.053283850111702454
0 0.697532985220198 0.7983417451177206 0.0285290030547691 0.05430018993066142
0 0.3933941141854189 0.7199691189571384 0.02759191659392873 0.055313995071282186
0 0.42998242464240183 0.8638038646675418 0.02772317510780577 0.05518321472166568
0 0.7369460699725878 0.6544243750268716 0.02698537539846353 0.053790922423553426
0 0.8529827367490769 0.8775560060944732 0.027965766902780465 0.056159645340588316
0 0.468950501767589 0.7928569051970334 0.02788304970419937 0.053320157845643576
0 0.1182316782083899 0.6467373019581709 0.02942306094755437 0.05634030399793239
0 0.5816148083653262 0.9383734205647297 0.027452291543958455 0.05434190319906043
0 0.5450856414295886 0.7939266219857666 0.027155465037338743 0.05269582440866901
0 0.15862199248509978 0.8638578242637854 0.02921614107630169 0.05414842255241295
0 0.50632933867927 0.8653942587576866 0.027419139190682045 0.0552317336189226
0 0.9712437804662435 0.6613422365904867 0.028684737673448486 0.05348622544654575
0 0.8136427197514795 0.8755114638559397 0.028181157708912313 0.05551012251049766
0 0.31662419773873984 0.7196929922556944 0.027712276106975433 0.05678850414565062
0 0.3552036263758099 0.7197461783378244 0.02813565552299103 0.055789369504134254
0 0.5829133409181766 0.7942135958163477 0.026926951262090763 0.051795762995462805
0 0.19814353972046284 0.9343169535339818 0.028624949499631257 0.05479190876058532
0 0.8142803058972613 0.8024769033208489 0.028278786346724667 0.05504911116233284
0 0.7741122915441082 0.9466437999512728 0.02850636928455881 0.05407755256080143
0 0.4706002806320979 0.6492674034408898 0.0280602020456486 0.053757174969483436
0 0.2779543986885898 0.719304912595868 0.028243576005733885 0.05619659596029378
0 0.03922500367306636 0.7909253068650007 0.03015779844197867 0.054436727135668245
0 0.15904877656779348 0.7925080673678715 0.028820543970357375 0.054358900804248586
0 0.6191627998632765 0.9394079216990256 0.027421308548057865 0.05419989185609977
0 0.39262669997764643 0.7921842830327737 0.027287126664395738 0.053448922591492226
0 0.5851583069218051 0.5797910634917892 0.027159057740845313 0.054835357136276706
0 0.07996402920301172 0.8636345512423539 0.02856635895831072 0.05410729492669512
0 0.970880626944603 0.22784055945186762 0.026388372425165826 0.05439892675644558
0 0.9319280456280995 0.8801224067807135 0.028359920971610844 0.05555984396810744
0 0.6583089921766522 0.8686070068081091 0.028580502394278593 0.055208055580392705
0 0.6586714722567455 0.7966652415304328 0.027186241350597398 0.05352641904422101
0 0.9320436845984895 0.8067874455593825 0.028591198912391005 0.054306944489296634
0 0.9712173053500714 0.8082205962456229 0.02784675833860359 0.05468911800562753
0 0.8144765631728865 0.7297632240635553 0.028671300897975188 0.056567469676919974
0 0.8932059114869875 0.587071872401817 0.027161604269773165 0.054184255196365265
0 0.27843038744674764 0.6473513361201317 0.028343988416349032 0.05397856528248002
0 0.7747508034509145 0.8739996704768571 0.028703978082232833 0.056308270915640155
0 0.3941488412540716 0.6478717733365577 0.027492858864910957 0.0539139329095557
0 0.6965799785939895 0.9423096702575368 0.02847730835573614 0.05404937228266717
0 0.8927313356737832 0.8790776898853001 0.02748812493492835 0.055763451275265066
0 0.07932855090842941 0.7922637305335813 0.028544567640477792 0.05468106396995855
0 0.0345645347066257 0.2734138833813923 0.03135066820947257 0.056879609642877055
0 0.5459836911456153 0.7223531874121927 0.0277215259833803 0.05547585362398948
0 0.7360447366856612 0.7992894706705711 0.027734053407737543 0.054024675090407794
0 0.7350408611048009 0.9444883611491958 0.02788513227789433 0.054543843910781466
0 0.5476576245963937 0.5785267484396232 0.02747389577197922 0.05451774064349695
0 0.08036360926760916 0.9354107903682719 0.02811635381617392 0.054952490343439984
0 0.5466969012160823 0.6505457150901678 0.027160960877679607 0.05428703579078287
0 0.85359648817231 0.8042841651180678 0.028800755197996537 0.05426863931896681
0 0.23814372999709046 0.7194656585262027 0.02951152953521165 0.056859933004606476
0 0.5097509918220182 0.5783353740067712 0.027449924630574427 0.05468774518068109
0 0.35632993186000755 0.5758599299845689 0.02830666289967382 0.05489588889656599
0 0.5837845445664233 0.7234045003339551 0.026776991657027415 0.055920219258849706
0 0.5089195088202039 0.650163716224464 0.02739547049326902 0.054444293730855256
0 0.893690032849175 0.44259631754080897 0.02744294652945994 0.055111757611224436
0 0.7364933373826934 0.7265924420995179 0.02715932523461326 0.05595850849380641
0 0.3556403763758099 0.6472131477694097 0.02834682710744623 0.05333368631244393
0 0.11862229235568104 0.7202549187098066 0.028955123970804988 0.05681677970323386
0 0.8146218131728864 0.6573084340774569 0.027882385882036422 0.05439969805425911
0 0.46971816597536137 0.7211809979271746 0.027715247908343132 0.055526739399801926
0 0.6223041704531745 0.6520131008659803 0.027270002262561144 0.05464229146226313
0 0.2389393467620335 0.5746175858536845 0.02922901515810015 0.055618991458340754
0 0.697220023284943 0.8693315909159297 0.028874388902698205 0.0533901911643961
0 0.6208400557964381 0.7955769097342177 0.02736955999157903 0.05304838175683466
0 0.4358042188965846 0.28633197451000714 0.027728707171597405 0.05512554417420949
0 0.661270111613531 0.5812494819163295 0.02779187412245484 0.05428710536395167
0 0.1986734911674907 0.7195153229905181 0.028643881334243886 0.05614842509894734
0 0.43149355613233326 0.7209896234943227 0.027812269390255683 0.05606524620557834
0 0.7763381219884934 0.5842154614410808 0.02824785555832484 0.05496838305251547
0 0.11826834814379243 0.5741617401343962 0.029184109500526526 0.055720846062627186
0 0.5846508431629966 0.6512300335452221 0.0269956953289287 0.05455016589511506
0 0.3950441430499278 0.5755835532831249 0.027391095555066677 0.053974633225085895
0 0.7356556080478486 0.8722934102023608 0.0277408252346133 0.05595313849729373
0 0.19836119984965775 0.8634320920337816 0.028539784228299586 0.0545132133438406
0 0.7755059715238054 0.7280499535145631 0.028644256023013084 0.055816143193250824
0 0.6197684544495461 0.8678378865934268 0.027402579234584976 0.05514420866440969
0 0.1989855324853236 0.6468085430731729 0.02916386686396543 0.05425298493363809
0 0.15883466965564158 0.6470115022817455 0.029121009887663665 0.05587515860221875
0 0.43524969596523727 0.3592126374513462 0.027281989724447658 0.054222967157235374
0 0.6232371667648333 0.5804496890589372 0.027149009639243802 0.05467859919620438
0 0.9319542707442715 0.6598644443519531 0.02831424256614226 0.05358802910012489
0 0.07891832518491547 0.719464645688375 0.029077378570725954 0.05523623366037076
0 0.03724833840173465 0.5724296621851039 0.030784740560864846 0.054689200666913386
0 0.9709296912635094 0.4440574590931023 0.027565916078916855 0.055740999617826546
0 0.5874643720275057 0.36322952322715857 0.0268510340081986 0.05451819106842622
0 0.19886605676180968 0.5742630947386826 0.02965359515854774 0.055112718436909534
0 0.7749961250454459 0.8010572731836009 0.028802106720045365 0.05507615226031744
0 0.038485928272539736 0.7188269045733732 0.030032910018201433 0.054974297473229725
0 0.9327094388171625 0.3707017672802144 0.027567620042234533 0.05406446543957117
0 0.9320295601793497 0.5154057901771852 0.02728727778254771 0.05454933288746426
0 0.6624960651475089 0.4368181922197337 0.02732985203509253 0.05464288841364066
0 0.4713277806320979 0.5774352382309588 0.027906690179325355 0.05472998497201689
0 0.6572847554703499 0.9403245902990623 0.027944843117586247 0.05248649956797789
0 0.659517874907229 0.7241583062112309 0.027996037816619558 0.05466927140013823
0 0.8929326718195649 0.732090516302089 0.028479569053367626 0.055871624925356606
0 0.9318295446684013 0.732817717564217 0.02816291905221469 0.055415159867959085
0 0.43290296665176436 0.5767623660666987 0.02722483000631575 0.054121245180681135
0 0.548228657149244 0.5061985889011723 0.026912830666278677 0.05431431085469497
0 0.5104675243748684 0.5056786516847462 0.027652951250263073 0.05493269663050743
0 0.23929279097392211 0.5012314371956195 0.02910312673432286 0.05297294143730964
0 0.31825414449936257 0.5027487031253598 0.02756590920541865 0.05349482673483958
0 0.7757058647128683 0.6560217285970888 0.02845527057426356 0.054310414949672606
0 0.11793501550812659 0.5009065595699017 0.02935022107674928 0.05678278877447074
0 0.5862332307510805 0.5070809050876344 0.0270380651175279 0.05460493415325084
0 0.8947691978651134 0.2978959247810862 0.02763870380508509 0.05501632395415828
0 0.15883491965564156 0.7199503548969476 0.02985018962927386 0.056613070494660994
0 0.7377323768177717 0.5831714945456673 0.027576702710705437 0.05536457711783833
0 0.6980810936133958 0.7257137634550159 0.027859202171274876 0.05588874594307619
0 0.6990250736934891 0.6535433108366612 0.02798114466157129 0.05306193838204496
0 0.8543269266488432 0.5868233735423664 0.02829905939481101 0.05559812505911751
0 0.31929604908563197 0.35688862837697777 0.02813582485671227 0.055102483037379926
0 0.31775025322293743 0.5749842370966627 0.028072020173813876 0.05517126559801008
0 0.4718715861162954 0.504757146013266 0.028237354387097763 0.05382668982473114
0 0.27899520048444604 0.5025795158801446 0.028622049386045213 0.05426195905018539
0 0.39781750770666424 0.21209487094935398 0.028112289269569976 0.05460499789262765
0 0.6213953367348628 0.7241415048711393 0.026871610002105296 0.05518321472166568
0 0.6237066860078392 0.5079309050876344 0.02647953625893263 0.05427817167599444
0 0.8923701251088614 0.805278782317548 0.02833576201008638 0.05396483261994272
0 0.8165271068266376 0.3679751508391097 0.027571570401409937 0.054343835302323125
0 0.8151355455646837 0.5853077000260356 0.028026692925317714 0.05657959994792883
0 0.11672252017219739 0.20151769029833727 0.029527658053498662 0.0564026339375757
0 0.9708053375095247 0.3716024191070038 0.026826565381884666 0.05376381475333087
0 0.7001017550988241 0.50989345749741 0.02757378185090133 0.054292797802920546
0 0.43439123589477024 0.43163929585550104 0.027646673175226035 0.054807645811741385
0 0.8930341863708154 0.6592057811101185 0.028093826328992866 0.05418157019810925
0 0.038138146760914426 0.6457832328938766 0.0302742209484496 0.05625654874649688
0 0.6251982777332283 0.3637820266300467 0.026908024392609337 0.053596435396946064
0 0.8538204660839217 0.6587792160414944 0.028071167367468532 0.05409278709352262
0 0.3576248919304744 0.43047422966903887 0.027868795998117018 0.055794033856145994
0 0.07843274520203422 0.6464396661379335 0.028730801240629298 0.05615045077460252
0 0.971464319901322 0.734468960367412 0.028831430630167503 0.055851344101868254
0 0.8156997852321063 0.5128331292164487 0.027781371330786123 0.05513661371095256
0 0.6637092200067284 0.29274079612426757 0.02631242729724675 0.05570645866558905
0 0.03616148148958272 0.42526049612825406 0.030797065961391472 0.05833340515489511
0 0.701358560399791 0.3657377523299101 0.027261764181011575 0.05382415722379606
0 0.3954295113950056 0.5037300181775259 0.027783358864911022 0.05398344776480347
0 0.39607533018904745 0.43088854472120497 0.02756110293174931 0.05441165034892563
0 0.35699915524031883 0.503347519311822 0.0285096895193624 0.05506096137635596
0 0.971093201596087 0.5890551224018172 0.028285451295322606 0.05528445382388477
0 0.1586135410556383 0.5741738332818114 0.02951152953521165 0.05513690473173976
0 0.5863861257158473 0.43526655946705356 0.02630305325120521 0.0545078765287086
0 0.19916795242072616 0.42754097472469554 0.029320512522881873 0.05661037688202833
0 0.9712223842202282 0.5163411931445236 0.028053173354542226 0.0547003579986528
0 0.437833823931818 0.06658930187245214 0.0272462366783283 0.054894903060871976
0 0.43357601251445893 0.5044667727147101 0.027813974971082296 0.055088454570579704
0 0.35813235568928287 0.35777069456343996 0.028599868480500324 0.054839852933047786
0 0.4726868094966068 0.43271248647481514 0.028164670936319518 0.05566426911029736
0 0.15866762833780865 0.5012199230591861 0.030244286735218163 0.055990551293031376
0 0.11727494267866836 0.3518354343044794 0.029487434901053166 0.0568257840538801
0 0.624705103903953 0.4359254350342016 0.027340951910226136 0.05343036291715611
0 0.6630958682397395 0.3648880023299101 0.026675139666169776 0.054016097168428465
0 0.31855586194651225 0.42996041575116883 0.027317778994017657 0.0560561639604782
0 0.5491888805295553 0.43410836657914736 0.0274140022507339 0.05384975096156064
0 0.8543072233595469 0.5139728894909448 0.027965266902780683 0.0556963534364564
0 0.15827160149025418 0.278630681042128 0.03018091278171937 0.05839399978715527
0 0.8159939211455439 0.44093782895585415 0.027584614055160883 0.05542542884645704
0 0.158797999720239 0.4272670244011209 0.029880446864413015 0.057278731486314585
0 0.7781382651775566 0.36756185631947796 0.02811925369957238 0.054472680053886544
0 0.474309361292463 0.28787316626361725 0.027814277415074133 0.05654966747276537
0 0.19942819518558694 0.5013837191020489 0.029008221205048944 0.054493760501604
0 0.588914696754709 0.21861264363527486 0.02662927807503687 0.05455871272945026
0 0.737926691136678 0.5110785972524113 0.02649340178132908 0.05487602467168911
0 0.6268755336663899 0.21950895641884888 0.027518604251675544 0.05432457581934176
0 0.5126011124119163 0.28890029409935736 0.026999973380311355 0.05565590499550883
0 0.7010096289944561 0.43787546310617426 0.02797671550625331 0.054865990241889366
0 0.1176745227432658 0.42662903328611895 0.029245623970804987 0.057219004507746106
0 0.27985433789571174 0.35660512837697783 0.029394140757798257 0.054719734171675985
0 0.8943210971680811 0.3694594533521395 0.027527531513521348 0.05501939923039807
0 0.27939732845102677 0.42910937607959637 0.028669358558584122 0.05601234482599784
0 0.11687393287246073 0.2768092626249829 0.02930999792430377 0.05839992870717132
0 0.39661002101650855 0.3581529434291439 0.02768430113589318 0.05505159726156761
0 0.6646401514120636 0.22037048809037643 0.02720298038947769 0.05488722747574446
0 0.037106194142143514 0.49988090833996357 0.030188160723849642 0.05696128760889285
0 0.35905820703617497 0.21121280476289184 0.028275349237494356 0.054867627996959885
0 0.15856353123186434 0.35292022146234425 0.03014018962927385 0.05595472024102123
0 0.5506023635313696 0.29015773585296756 0.02749703624710529 0.05540702148828846
0 0.7397918004691532 0.36683880398798063 0.02757414722533924 0.05398200918171874
0 0.2805950250348314 0.20789423403924545 0.029267003169714506 0.05541628078721296
0 0.4736198058082654 0.36047695250351225 0.027759823277768596 0.054724834784311074
0 0.9331002604116938 0.2987866861961314 0.02776049140442178 0.05526915271892569
0 0.740560927747148 0.2944660035458536 0.02744421493851499 0.05465343126131589
0 0.07698922550790277 0.35114676588733423 0.02948716056041723 0.05747553930531558
0 0.9713222058147598 0.3001720651928304 0.027369658803291928 0.05402708879085079
0 0.7767780079019313 0.5119283472524112 0.028146341007074627 0.05485574384820056
0 0.8947905941111287 0.22575187566104074 0.027288981745865387 0.05442546785443012
0 0.07778390267844457 0.49984233622489566 0.029515058312336133 0.05566788812732168
0 0.5880521642018588 0.29090136368870767 0.026323488145503983 0.05597302148828852
0 0.35863599696570797 0.2842912154356388 0.02847173089241645 0.05546605324857786
0 0.07804389544330533 0.5734730717172513 0.029410461206391816 0.05555976447977265
0 0.6259186327684617 0.2922443077109099 0.026740222596753162 0.05497388684677216
0 0.5117663069277187 0.36143307466777214 0.027222729313472912 0.05442606550127828
0 0.7800887372367761 0.15051593726980014 0.02809505230550764 0.05624973732975361
0 0.5524831460842199 0.07158725270043069 0.027000775824303103 0.05475699233054654
0 0.8553818095053286 0.3690297581462674 0.027955609162467022 0.05454218233498462
0 0.8177746110453105 0.22457085397149937 0.02682833379093989 0.053974292057001154
0 0.3973064714654726 0.2853117199728229 0.027563308512575838 0.05566455097998567
0 0.5899934430663678 0.14573910399249174 0.026989022141875638 0.05565978747783227
0 0.7424575066173046 0.07749151714645366 0.02652719806382381 0.0538981392234234
0 0.9712942877418688 0.0833104726268219 0.026528793555009127 0.05426193145240269
0 0.7410496279794921 0.22224331173296577 0.0273422003872646 0.05466963680856446
0 0.47638602550023545 0.06838142743960016 0.028088253682427705 0.055531136046431256
0 0.35970784831260005 0.13692988841866463 0.02824997495925485 0.056834972028374675
0 0.9321502780198966 0.4434972193675983 0.027234327550203982 0.055002693683149445
0 0.5111642248238325 0.43392411544485127 0.0270593669015567 0.0547710066330408
0 0.0764318200427787 0.27539029816497484 0.0298297091133894 0.05779180108145357
0 0.5132229137246276 0.2162071904005159 0.027202774209877618 0.05509108915451758
0 0.854941673591891 0.441071503612734 0.02815475235153025 0.055883864918382056
0 0.19922448393235143 0.35394281718163245 0.029017187122355195 0.05597281959387208
0 0.7036707218852194 0.14889391732795418 0.027824246511121812 0.05654326717234023
0 0.8958382051407386 0.08118753769544593 0.027421631048833366 0.05364670999479287
0 0.5498385218059805 0.3620178942571224 0.027672483007727906 0.05412169560561053
0 0.5907611072741402 0.07321344672263297 0.0266319836558639 0.05450860882332622
0 0.9717375595687443 0.15555344526319811 0.02770972312219797 0.055432808101123096
0 0.4748509470846905 0.2147087533222783 0.0280458838938287 0.05448947974389094
0 0.9326392282522408 0.22679947269370224 0.0263477838964526 0.05422762082176862
0 0.9320766815415372 0.5874407753691557 0.028068420971610893 0.05415771409838105
0 0.8936900328491749 0.5147302262491102 0.027933589718522993 0.0551090726129681
0 0.5512283502215253 0.21707882518022065 0.027518971141404724 0.05499184737096663
0 0.03437522857830792 0.19853852521000656 0.031162185591025775 0.05717672288964127
0 0.24000516235635252 0.2065623922397847 0.030319675287295043 0.05554574055755166
0 0.0774884197197914 0.42535280105611495 0.029548675030695675 0.0573017597591815
0 0.9333261287169289 0.15389445667824334 0.026544041172077794 0.05631873961085182
0 0.7020953369459065 0.29390936792483247 0.02758740578781407 0.05546436597858375
0 0.23963608952689427 0.35443807606663047 0.02968562673432292 0.054530826860997236
0 0.5520158465331838 0.14433685058960358 0.02776930693363225 0.055987549955088735
0 0.19928742814424008 0.27991867740856546 0.02924717265207682 0.057118517557151374
0 0.7774600794964628 0.43984922050814745 0.028234811904573894 0.055159079532697324
0 0.8558200024620475 0.29703603436934206 0.02706567959527809 0.05482523719599287
0 0.8179624035373411 0.15161806626649915 0.027203918775001338 0.055396607192505595
0 0.15848545840240608 0.20314866364334325 0.03050452950007889 0.05642123329042657
0 0.778727287004432 0.2955616222680565 0.027825367786134304 0.055124887882233214
0 0.780407655309667 0.0782934954569123 0.027457216159725926 0.05416448853718307
0 0.3196783449483266 0.2831192759506207 0.028521943201790106 0.056438694695870505
0 0.2802839429309452 0.2826008890405122 0.02921254903240907 0.05724443221861402
0 0.11621999465981843 0.12598377312785375 0.029771772300072396 0.058380252068900865
0 0.7791144726855258 0.22303564963168027 0.02761845277019602 0.05453453178250505
0 0.855867373824235 0.22490187566104072 0.026767907768402682 0.05482742219424921
0 0.3599885038710731 0.062219304912595856 0.02777048428034471 0.055735968124553746
0 0.627477365770276 0.14672016904465787 0.026640664867735146 0.055410903970612
0 0.5137238454137306 0.14349347388815953 0.026501507376682706 0.055774805626569016
0 0.3989949166294107 0.06424606738985236 0.027912411797961466 0.05463046131877748
0 0.7028807683512415 0.22142800897681691 0.02765715357907775 0.05373523661698766
0 0.23994221814446387 0.2804641135957066 0.030193786863517817 0.05699313467999816
0 0.436555373482854 0.2134978743522421 0.02790635951304668 0.05556849335544345
0 0.07589160957034495 0.20060358539448053 0.029370935310961382 0.0571282193777537
0 0.817040339218435 0.2961315024053045 0.02683171970437757 0.05492704084957168
0 0.19918806399694888 0.2045468142904924 0.029256638569383053 0.055974187247563645
0 0.7042849346792224 0.07615019201265562 0.027467236369606327 0.05449809787322586
0 0.933641660876382 0.08200303655489681 0.02688071957754629 0.054131187164702436
0 0.6654519301669152 0.14794003188473392 0.02688391846230191 0.05635498714465643
0 0.8949360941111287 0.15333158681549142 0.027187467194615175 0.05576626015984408
0 0.8181601037696853 0.07980866897324305 0.026716161499376192 0.05318201364837167
0 0.7411936850227734 0.14971082882209344 0.02664902809570104 0.056168214499663194
0 0.43708291934554855 0.140011271925885 0.02754217606226828 0.05728595387963804
0 0.6284853983231264 0.07377994672263295 0.02771054652265761 0.053983348614661794
0 0.6655561148904708 0.07501567391119285 0.02597754453548072 0.05412078867517625
0 0.2808656929309452 0.13349324923996406 0.02857830047593017 0.057884492445703525
0 0.8570855170132979 0.15213391443970975 0.027437878665901857 0.05623721678076138
0 0.3201005550187936 0.20943467579285566 0.028420179891945827 0.05462789047421636
0 0.3206278508814882 0.13492806882931435 0.028339351476400963 0.057806113475667366
0 0.5149918284155448 0.06967830867822843 0.02733434316891016 0.05554538264354314
0 0.11621386004300249 0.049461533126485484 0.029967697278329163 0.05716496928702105
0 0.15804100697294463 0.12730138298357546 0.030656597700599045 0.05858296127747342
0 0.4756081438453132 0.1415982764630691 0.027951765548750795 0.05695919140238139
0 0.19927204952667044 0.12990524721528227 0.029216415416937574 0.05730399506656467
0 0.15819715263186104 0.05128542976886082 0.030240209276821802 0.05635315998317513
0 0.03364772857830793 0.044805041843080394 0.030590769052110556 0.05819051912334925
0 0.39866907281236474 0.1387927696572929 0.028017670924492095 0.056507209551118175
0 0.24033706525040818 0.1313126975388568 0.03046299554568486 0.05809180362798805
0 0.8572516632593133 0.07976765755819784 0.02767204252011992 0.05367325109277739
0 0.07539224646598174 0.12399106449675235 0.02988692360695174 0.05974126819698523
0 0.24017027393257523 0.056226548880791774 0.030129412910019016 0.05670806540412614
0 0.07495549646598174 0.04665169430140169 0.02989700706803651 0.05696779594489127
0 0.3208715417089493 0.060545903619383216 0.029015969821478797 0.05607418822404938
0 0.28092951172498704 0.05859064681360694 0.029368266479558775 0.056401450701305894
0 0.19940665386775397 0.05389760744221521 0.029381526993160323 0.055901657489851875
0 0.03371204098249434 0.12143390150276828 0.03084562006920979 0.059297168899362616
1 0.6294682158327243 0.0863249878970036 0.00845501152451433 0.02410720424238236
1 0.5159463160660768 0.08418065696469289 0.014659593646141717 0.015682537840576685
1 0.3187886417713974 0.0694593581899629 0.015362626711705024 0.014907949365485146
1 0.4363518891965957 0.29270025207282524 0.005143938111323284 0.028501243936986116
1 0.39653170462636406 0.5611171784529814 0.005494134076560459 0.011808343294410276
1 0.0798941321602606 0.12919196726386165 0.007308097398351629 0.03407672188492809
1 0.43664288919659566 0.7871936226421612 0.006170449977646459 0.011439236209953995
1 0.2804765585480579 0.13404411947534486 0.014967460265026064 0.016188229876321403
1 0.08246623803018836 0.7170878806960564 0.0030714046797327976 0.005667747098868987
1 0.47205397017511497 0.07383302232317647 0.006595901864218054 0.031955779900504376
1 0.11950596629634988 0.3560281318167306 0.0032131846857021374 0.00756142679917094
1 0.08833274284657698 0.645634125478267 0.008930805951543783 0.010935704913671216
1 0.20921759837696996 0.282732131790125 0.00981144884694236 0.02462224257450828
1 0.6293211130423111 0.15895471702480482 0.011966240837987245 0.028459667035168928
1 0.5422804449930338 0.8688974701340426 0.00788123315497778 0.033019680059421054
1 0.24016226603863147 0.42238517223694677 0.0064246870643210946 0.02870363526532106
1 0.660634191128035 0.7902941674171527 0.003237364586180094 0.013207742147300264
1 0.8620759037831536 0.5171082513794075 0.006150462983179183 0.0068241557261536
1 0.6191265145824612 0.8825295590064257 0.015134898953521124 0.02141684872981876
1 0.2436088280591667 0.1252236135957066 0.010774050465236 0.02827793459587384
1 0.15637091385470023 0.28193446538866956 0.005994662438068686 0.008176455814460205
1 0.930833214557408 0.3634005207209703 0.017398856358564047 0.02837382682762549
1 0.3171545056268347 0.28022433340242753 0.008033644352112746 0.023235895253230124
1 0.39803895318284294 0.21387263943780374 0.009102921119051213 0.028621749383910256
1 0.5480881388666142 0.5739870146594809 0.0125402007612046 0.04263376911029733
1 0.8109933978516451 0.7373507937230389 0.010088708395788114 0.02838685228277025
1 0.28500346539688853 0.5678044174209447 0.011212273891723487 0.017964485593864456
1 0.5124344839621905 0.6377037339759092 0.008342071197939218 0.01635420320596969
1 0.3581002456812639 0.13445358391487597 0.00902783453143823 0.030662145143831043
1 0.200582757550033 0.8595054652303028 0.004075670087124047 0.011923001540589966
1 0.6705220055949425 0.16059880502716475 0.013395735156996965 0.02407615438402024
1 0.20350624869995726 0.1272455529653823 0.017694846598861266 0.01369317701074867
1 0.7013991775040918 0.7434846462394735 0.00629963822178776 0.017069361675557775
1 0.6635671556644133 0.6552364328592553 0.013088992775442402 0.03416898582924605
1 0.5490057283471831 0.6425263296540684 0.008434181518198672 0.026792385487920064
1 0.03926620909048793 0.5660147876367653 0.005048709638298998 0.014290999204366302
1 0.04421082162284261 0.5016039366128305 0.011710924418734774 0.012162552514354354
1 0.047311739500115274 0.7117659284170439 0.01477373109323296 0.021176672662636196
1 0.0477761475014352 0.6454767973972138 0.010513807700375221 0.015507254455801802
1 0.5538986411114344 0.7057037645443237 0.006785533666389973 0.023885775685759714
1 0.8191121804393073 0.16256099437368923 0.017500144933299575 0.028388513858567162
1 0.8966544081247323 0.648397170390868 0.0061741439579008775 0.012914299683751374
1 0.7031011840890198 0.5796360895897725 0.015081146974171504 0.011013299290280243
1 0.4761888333883303 0.36645815820838806 0.006936444839870338 0.020279289193670863
1 0.49747408210388633 0.9298959575992077 0.0044841257217606055 0.02360014818397472
1 0.3989949166294107 0.08405306432667724 0.006907139190681988 0.011699947027798892
1 0.04987794094714311 0.8630504119203151 0.009849522411065896 0.011522512043460737
1 0.9029233216736477 0.4174197992824692 0.0056080106732066285 0.02485972642108832
1 0.8908176477921547 0.5804915310910098 0.020006494654933357 0.012098546195223917
1 0.47918223428625834 0.2298198414000783 0.0032204833258822284 0.007966664651419875
1 0.47414349006062073 0.14491905369068342 0.007894628053675311 0.007723814515853749
1 0.16366225069393728 0.928458852564525 0.010253564935514442 0.025845424093003003
1 0.12099669249792974 0.49272600384640725 0.010537345771028994 0.008633951147080758
1 0.39891145318284293 0.42879476670351685 0.007925631189518204 0.009289022064073315
1 0.7307515204350434 0.9534320883382139 0.010622783594461886 0.012602309094774305
1 0.6618565295600453 0.8566345864205359 0.016598545867673196 0.013271598436553067
1 0.5551388405941087 0.22905870701766504 0.009036051954933268 0.008936180013358228
1 0.361126665822198 0.0890472927405053 0.007989766538695405 0.012398055989313423
1 0.7729795604212369 0.805356306307296 0.013501191275284643 0.011613964209450399
1 0.6598800185163641 0.726904539203317 0.015518417595849357 0.018590943946747387
1 0.6159931417477429 0.6597492653389069 0.010899008319317935 0.03325026593196521
1 0.24071163532805945 0.9340040500755091 0.01438239670262001 0.011511681733873047
1 0.7380348474099684 0.798771804026198 0.006261507977122364 0.03261752585642709
1 0.35765192544370095 0.7137255898051543 0.015033865640767306 0.013369659192980044
1 0.8579632125549705 0.7186772974599793 0.0073105835170382966 0.020637369881860622
1 0.7048697415987227 0.4417839323863954 0.012956846090676979 0.02965373031290433
1 0.160181353880584 0.6399242833925414 0.014092445383891839 0.009381999736477943
1 0.3593990282341142 0.9263974587335039 0.007187216186360357 0.03243965725834304
1 0.39433566469683107 0.8541479557854856 0.011210870766716107 0.01258665136230669
1 0.15544281208468508 0.7211996481284872 0.010661487838595307 0.013255530502668287
1 0.3978365293535675 0.3546294188143439 0.007236928495733968 0.01095581494276698
1 0.6226017206346052 0.5793661760980215 0.01036070878602295 0.030032934890255412
1 0.8173870208194626 0.7980260737881517 0.011137600391729506 0.008312273980193824
1 0.4683738181577336 0.8708054077707915 0.010833800511412158 0.021096754876897217
1 0.3128212588497722 0.8710817844722356 0.011969220652346211 0.02293926621985754
1 0.32399126973797815 0.7946878597676131 0.0048627524334657665 0.02740495252078586
1 0.3593244919929226 0.859060904344872 0.009134037225222403 0.00957804621248743
1 0.3921451528305078 0.515621256776987 0.008684755308680613 0.0313107465395333
1 0.7398653969475125 0.45010485885854323 0.010941343116104313 0.027325406417648784
1 0.2052869888937496 0.5793770333659357 0.012988298045889113 0.009459102271863466
1 0.4309732116789789 0.5143358494495497 0.016279766526868186 0.012692680750362687
1 0.12480800590022391 0.7195163358283457 0.013324429560871568 0.010135460428628586
1 0.24014856716267202 0.7102223310798828 0.010615969054012318 0.010479641154023462
1 0.5494491233119496 0.9289675786291713 0.007642009933743477 0.021587632303830123
1 0.23988925413942142 0.7861513945215302 0.012904245901566797 0.013694058828746126
1 0.7776189930453782 0.9435170883382141 0.00598864150762889 0.029374920964128172
1 0.2842577057576446 0.7925572754324142 0.012136083099744406 0.014899267970243532
1 0.4733987091100908 0.4271069629943112 0.008921196283391495 0.01579689876551743
1 0.19949091767922789 0.9249686635647935 0.004906087451458174 0.024920142958135508
1 0.046163811851507544 0.9337764062976682 0.005827098948463031 0.02027804684103038
1 0.3255551921237325 0.5024126841820401 0.013089109071297322 0.008901341140975069
1 0.20136584532783558 0.7924417152036973 0.011357748536785029 0.019762664653088576
1 0.16179698249815358 0.8559123056981558 0.010132508407142476 0.01566326405915051
1 0.32083832891051706 0.5789300067194085 0.011736344158854791 0.027773004364448607
1 0.16039285130951558 0.792769557289423 0.010130148923922151 0.025999093573104683
1 0.860467188999559 0.6549462217633487 0.008680992085679904 0.012045749461374149
1 0.5852895593257024 0.9424433819410857 0.007681843475237214 0.03185475480780302
1 0.31598940283642146 0.6450249438782559 0.015000148841753238 0.014977865070591371
1 0.6969476089094266 0.9535155758951024 0.018205005449930523 0.017594966416194173
1 0.16176174230436122 0.42553400018623905 0.010827571430393111 0.022608688575308972
1 0.08187092211012119 0.5700740317480628 0.013838970266743588 0.014686297741819393
1 0.323361107775026 0.4240617186657915 0.011137848648495251 0.026493665779958063
1 0.2779265385037528 0.8569488619786267 0.00455009176087115 0.02596270580851686
1 0.6280891048643291 0.3611866309852829 0.007806973038502483 0.017187759701973792
1 0.5470363696236082 0.7841438053214029 0.013129845725971128 0.012011336822589164
1 0.277689139850645 0.4248913487701236 0.007579584384188391 0.025571410108477913
1 0.9765778674684431 0.7469917343667145 0.005393747164695559 0.029169080602783296
1 0.23870658629702132 0.5701507017830808 0.0066295217929893445 0.026898219394710363
1 0.28138393058147704 0.07178794025656969 0.010976494261397454 0.022779862364402676
1 0.9749370179331313 0.8801072675286271 0.013680006763761686 0.010968626377616189
1 0.04455882889285439 0.43061711529339625 0.011119006984655526 0.021361663538187897
1 0.59020502388581 0.29240555578203087 0.010151299215140843 0.020062330938068588
1 0.07882310934932538 0.35666685248344115 0.012231409948456305 0.018649247188676634
1 0.8191987891454763 0.3065653426137802 0.007514063739701954 0.0346534249530643
1 0.6629478171911224 0.5832196140635009 0.0094711211298274 0.01381929732361234
1 0.9625747031860162 0.5242875253596014 0.014166862718280868 0.020555361216076148
1 0.7826518024121001 0.23240161198400602 0.009759160705760894 0.02189474907920071
1 0.11297553864774214 0.9405502217284 0.0060725236003753204 0.01909567770249379
1 0.4381909047512602 0.566096532071213 0.00572373253049671 0.02930305506805775
1 0.5056467346044126 0.8729599186934289 0.014253483962190611 0.02839555449227307
1 0.430615673192967 0.7297323235277182 0.012642399625311442 0.008809610757963042
1 0.3174238207325353 0.9316163274948754 0.011468984633980866 0.01665863684101434
1 0.5133380335132266 0.288529408663258 0.01788917350520758 0.016391054849259522
1 0.6989469884205202 0.7988959411930607 0.013815143842000435 0.011147925580987168
1 0.27833470864468685 0.21318654829682857 0.007613103627194381 0.011568818236256
1 0.1650784148108321 0.05434395721948847 0.00835811065522356 0.03178956710181577
1 0.5888580793700074 0.5792361769213937 0.015683738599080798 0.011683568679610215
1 0.3556377131284137 0.3566029952094705 0.012344387770815531 0.016221218867316263
1 0.23542776346756306 0.3616711617074703 0.013707652981627367 0.008437919532045873
1 0.6685303834944897 0.2889727047118348 0.01314053695016693 0.015450885933275184
1 0.7045048461732384 0.30194259479768043 0.010419504252349873 0.009801097894913296
1 0.08267470226926481 0.7803797757022607 0.01181502152467908 0.019358729418680724
1 0.08321117934526041 0.27443528283509094 0.007931445512191531 0.01851250912444832
1 0.8913545501520748 0.8746538348783494 0.011671170736960968 0.01346767431889533
1 0.9371124159514724 0.7891253028760945 0.012396358682004865 0.016941651412370095
1 0.6981582991909872 0.5211876676363878 0.011103678061601296 0.021301709954132633
1 0.8210826865532119 0.503200710281423 0.007769543074546987 0.02107207809238095
1 0.6695351025309021 0.09038706029179759 0.009276780323958256 0.024876986123708787
1 0.6634826269095618 0.3756136325104136 0.011845236149233537 0.01996438513156258
1 0.593172314616642 0.1461446625785946 0.013583933916182258 0.015571288859715813
1 0.15350542623197624 0.5059747498150279 0.016930492980732105 0.015786187832886572
1 0.66262292558432 0.44042184068272383 0.013034833498750231 0.014839106960928843
1 0.6596959477542438 0.5121003468191568 0.007851178722091729 0.0281277119208003
1 0.6992613279458391 0.6400993277897665 0.011281744406249182 0.013718215634900492
1 0.2806338787856209 0.6475909631612887 0.007745680599218081 0.023111908173840835
1 0.6240249554099221 0.42782792062806596 0.005621872333832609 0.027805316301619157
1 0.3609330038592458 0.2859954555666874 0.011215640816934807 0.00837713050738154
1 0.6959838109160201 0.8746190253066067 0.006445964495097736 0.028543548255361546
1 0.03692330623130479 0.2798621249208167 0.007444379025890469 0.013537392001601365
1 0.08015973256230341 0.9413678937791077 0.011744202747330767 0.012595312595336796
1 0.5106485556432747 0.372308409342684 0.01096774438499253 0.01244806074529588
1 0.7368364075102019 0.3724442901294135 0.005518271366652315 0.020413886193503948
1 0.24041211314457578 0.4977156577293021 0.006861866805931227 0.02520954970429799
1 0.12443993316978808 0.7808954336950847 0.013644186597966011 0.012246137175855362
1 0.8203131440611812 0.653836132724085 0.011369329452672898 0.01942527001036651
1 0.8599024493321364 0.574265791365506 0.0065722263727092615 0.02932719460036591
1 0.39984938887844146 0.7165560394988368 0.01503850258071541 0.013052042700200354
1 0.36153618875354526 0.2181015195421359 0.005846063844911022 0.024586016398350927
1 0.11994532577957018 0.5712280955609216 0.008372097864031458 0.011161914864666377
1 0.621778033825467 0.8020324898719455 0.01210270074937718 0.015847961595154086
1 0.16193208683923713 0.5752910794087985 0.008300843135810768 0.01986081148043599
1 0.3217880848436787 0.35294798840369423 0.0148516045816569 0.018556451852875445
1 0.5510793341837158 0.4363538862018932 0.016019644634785044 0.030652507657937707
1 0.5834588056373611 0.799991730797577 0.01247877099285397 0.013296438909233215
1 0.19813104886786587 0.20195589669558653 0.010852835358455786 0.009209573679729556
1 0.5535784443508117 0.5059315253230152 0.005155086905767344 0.022315534765885867
1 0.6200713311316828 0.9458426319410858 0.009649768742119844 0.023582245733434586
1 0.12193686966847152 0.8555690787195872 0.008761088535889782 0.018984937727731237
1 0.6651312994799519 0.22419140286918543 0.005104156552168384 0.02533692584910608
1 0.03230616990052999 0.3522333212396175 0.008454980317839648 0.03339487672492859
1 0.28480089434028544 0.5045244489278886 0.003764093363469301 0.019049400124369495
1 0.5050426828085565 0.8039485571927035 0.010352196919699748 0.01404258943089434
1 0.85710375943237 0.8723567138750483 0.007655688832862886 0.025132126377616193
1 0.8587180530861213 0.44894207327221736 0.00864663295130212 0.030797498139292754
1 0.630060433279874 0.5061549659423293 0.004715881313113308 0.023526913735922042
1 0.28290939434028545 0.7050866287685115 0.00783094839870284 0.016091741656878145
1 0.5119522634689215 0.2359207487275156 0.00637334348706451 0.016032474769110294
1 0.7358807654828592 0.523564189741985 0.012728501863217492 0.020091164869654933
1 0.5081686465673647 0.579926868675004 0.0068442014093403536 0.015092714664087108
1 0.8926547546030917 0.5250354717060226 0.013682807812119037 0.017721861216076117
1 0.23975347005672773 0.21450496011062853 0.010469289312402152 0.011477190006942797
1 0.24110648243400373 0.6417905438954121 0.01317631406695418 0.016595775993655297
1 0.3957120559732562 0.2963369392892512 0.009688126699877717 0.01901685589258158
1 0.3974925924653859 0.15887338813084165 0.01227724614567755 0.012960978407931412
1 0.9375723359195954 0.7308227229421149 0.004803771374502611 0.023289751818907155
1 0.4338257878497035 0.438877943313987 0.007357590452772504 0.022840626419309486
1 0.19960826992730896 0.5098952514329006 0.011437694841676041 0.019094191068632388
1 0.245741870857781 0.27467056999295586 0.00421782853723263 0.023515083440177942
1 0.8868335302204313 0.8151938942155649 0.006877072668672226 0.031111573816814734
1 0.7773009371638175 0.4547757490696463 0.013003114728568917 0.010340155668827539
1 0.43969075834297267 0.1447052699970059 0.011807386474544171 0.009053266173794886
1 0.7340879748860605 0.8734453223227551 0.00748250565368152 0.02639447112917945
1 0.9393245269810824 0.16261935624304324 0.010523481205912564 0.01451354353195206
1 0.589130481063321 0.07682120730555746 0.01258423989535211 0.011607821460650857
1 0.08095939269149832 0.5068663774407456 0.007334260628444577 0.017448989127184813
1 0.812342997386957 0.9457768280637178 0.004249392915161524 0.02160696662430931
1 0.7083504075016237 0.22837000926805573 0.014737301750829856 0.011993189560970929
1 0.16001885198588647 0.12071333370496687 0.008692108346349805 0.013378807765789773
1 0.20616472185240278 0.3488768551617366 0.008318113162142112 0.024296490612029868
1 0.0829429004047035 0.4366937126305574 0.013985150008353743 0.02724958842682447
1 0.5517199635938176 0.08073534418111887 0.00981823187053383 0.02275741454202074
1 0.39991788294527997 0.7836811271793455 0.011116780643925109 0.01883272940417787
1 0.8168190889131323 0.868121184192109 0.008937090518761842 0.021946893495406884
1 0.4717924169357376 0.925011252234045 0.011187597181319571 0.02194598858794531
1 0.3565555526089826 0.7944458495589488 0.006629356661486432 0.02217718777493715
1 0.5091195194020831 0.4483096452762615 0.014782763627998614 0.012821276940970489
1 0.937226619748094 0.65934485904963 0.013934266569388482 0.01566911416956088
1 0.43551573092198487 0.9384173501807963 0.009181713287490659 0.016875426541375763
1 0.8603056216237004 0.09246799776667351 0.010083541853335907 0.028890086853708752
1 0.5906207199982969 0.22159653607867522 0.010928418856489909 0.02220226168267348
1 0.8221883266853226 0.5815492685354154 0.01085720925220574 0.0195374092146813
1 0.32058909590870277 0.722724129505516 0.007976984633980815 0.02172049199659145
1 0.16002259873844712 0.20732110550634225 0.006914964040175199 0.02685844525837822
1 0.7736315209861586 0.7241272263637623 0.010823469216064993 0.020438370531555537
1 0.4336517079906375 0.22657939964646812 0.01290975915018537 0.010025520935535112
1 0.15928139986248774 0.3520322683274463 0.01297763445364373 0.013120643274868643
1 0.7418460469088006 0.1641861815861634 0.016498521061349716 0.014055107460027041
1 0.777783115569286 0.3727244099921654 0.011548114728568835 0.01641408482102341
1 0.6286639598995626 0.2198012695421359 0.005143369446790324 0.023581781144199537
1 0.7398750093689543 0.22779454919648015 0.009155802792593959 0.020216929438826
1 0.7087149451327007 0.16066073745309012 0.007915465527555923 0.023952289532169525
1 0.9711728590310974 0.9366548657305009 0.010217917132818706 0.02437286387934784
1 0.31761909959704415 0.2221319019150602 0.014011595602375946 0.02057877660701536
1 0.31904241503863984 0.14158548101061744 0.007096375880837685 0.017688108892420385
1 0.12348507111549936 0.6370044073846964 0.00556058853588977 0.027384304266522014
1 0.8574102460428401 0.15220755829220986 0.012439790691615719 0.009349340323127718
1 0.11723785729119551 0.28661512653868954 0.01326654931105928 0.011585813654492329
1 0.9282139331314664 0.9514346180211533 0.005464907593243234 0.028253541976983657
1 0.5170864114798074 0.15178724237660932 0.01096012764251293 0.016815206395817503
1 0.8567374699972917 0.8063549318823479 0.007603238600518675 0.029298649150380645
1 0.7727153663027975 0.878912275522025 0.0073568321409068415 0.026925770220561786
1 0.7412527769771571 0.5952406623783614 0.007381553954314233 0.02196415580258836
1 0.4348591946807932 0.6492721435719385 0.010589404114951866 0.014590515592252202
1 0.7729922418836578 0.5798497685354156 0.008667525097625632 0.021598801907523703
1 0.3540432411916235 0.42586784083005136 0.0073961539677020564 0.020486156705589665
1 0.19949968986271155 0.6489073363047124 0.012799923136258402 0.014119325272263873
1 0.8550215810269015 0.37856001615877394 0.01280133202192587 0.012195256056256045
1 0.775640022147879 0.652451003727386 0.013184828350442766 0.017227272291464715
1 0.07730297484909822 0.2020950081691811 0.006527522049588676 0.025350796626918748
1 0.9347290798056906 0.5207215493302408 0.015592972768567036 0.021190363497174323
1 0.7423355779065336 0.7248915733964237 0.007865425316501787 0.02292249838770547
1 0.11730124523690678 0.035275621180831815 0.003979228096537533 0.009518895024502478
1 0.8520213049813531 0.9549262812629881 0.012914165844267012 0.018977174395329855
1 0.8956609402841854 0.372642387162075 0.00757230781211911 0.021546386193503998
1 0.038509269107492375 0.2004314139295656 0.008157014040456803 0.026542799764030674
1 0.5794326006987565 0.6469550077961259 0.009271597805800615 0.013328750846403765
1 0.1213013913738892 0.12891156871968862 0.00565996667539342 0.023942662476498403
1 0.9714794264069563 0.3079883528882763 0.005679636868597375 0.031234144129575914
1 0.4726676366277076 0.64138825666183 0.010572577938313605 0.024646504249291785
1 0.7819733667310063 0.14789075577918012 0.012489832997324535 0.015498817493037272
1 0.5047822323595923 0.7187278636253713 0.010305387747160917 0.01939496023630194
1 0.4684040330359952 0.8021750012149059 0.01039489737457749 0.021827477475298684
1 0.7398764523256735 0.645004180665364 0.01150800418665838 0.021802233474578422
1 0.12137167802765128 0.42937733176909393 0.012181608148305028 0.01370577015816381
1 0.08163793286043737 0.04161866124725779 0.005335210502714835 0.02954250704221027
1 0.19488062379032658 0.06522429042021619 0.00923411124987829 0.01915081508612608
1 0.27093909911981284 0.9371049220387387 0.011050121267602043 0.025949072525852553
1 0.9355739117327997 0.4528504111709319 0.0123332507093473 0.015146265257083336
1 0.20133247860947603 0.42595480349622705 0.0061155295703443835 0.01771289778388159
1 0.9721978808579732 0.08017162333217089 0.009541674408443815 0.03189003205002651
1 0.4743721196295219 0.7096097051636379 0.010569872357487034 0.016073894447131493
1 0.7096330778632776 0.0838906467875612 0.009169730988709445 0.017235922827100892
1 0.35549024343644375 0.5065372148080333 0.008286883281174983 0.019998648990073396
1 0.4738126714253781 0.5060124545993689 0.015757357604121718 0.014046626304152479
1 0.8979430118787171 0.07602587675381817 0.004970737379308103 0.028525232958644044
1 0.8555263486351041 0.3147053300581859 0.01002548132489369 0.021621924953064385
1 0.43672211482172724 0.35968945170892924 0.011405244396819886 0.02110337392616135
1 0.9304393378148273 0.0883794132896063 0.007392459684339939 0.027895091415905085
1 0.3957252431123759 0.6475400773854761 0.012500302773973382 0.015843634353624052
1 0.8994899808809842 0.2886391690878951 0.0072738744544661275 0.02426277652881349
1 0.5070981621220293 0.4989187583085745 0.012012957342501886 0.0232592382597481
1 0.8191578588447758 0.35928514514591864 0.018095688587050653 0.017495902161191266
1 0.932524321368345 0.5974419900025797 0.013820385461064844 0.015841719730663114
1 0.471718130694546 0.2858231507231857 0.010011512832613131 0.015907534431930694
1 0.5842608418785527 0.87008545652249 0.010780080165392919 0.020694146030539692
1 0.5505077875197221 0.37069848460351457 0.005524681518198687 0.023959211266956874
1 0.8891621424117615 0.9516329650538148 0.01105142568914515 0.029576628735149223
1 0.9731531921199269 0.16387519072011045 0.01077116829453901 0.01945425814626734
1 0.5496149554158358 0.29705332393076755 0.005701833859647983 0.023111620638430183
1 0.11812455616715495 0.20903015518276769 0.007433364427312313 0.020805126194083926
1 0.7755898456376424 0.3022622604178112 0.005631147621533601 0.02281330622130716
1 0.7747501276898899 0.5202814707947776 0.010254442651416201 0.01805769864662806
1 0.8974374135051255 0.7294098530793631 0.01412661106493628 0.026306578302576267
1 0.9312173450904525 0.29775750128386413 0.00711211742465325 0.025134787953412997
1 0.9313749457874847 0.8636545563359592 0.011507090645593377 0.021134724541272288
1 0.9700900581017212 0.2368038985293485 0.006790186636253378 0.030479070981564913
1 0.03940104289876597 0.1330936249900143 0.006878371292815186 0.03045203031345828
1 0.9364889542248304 0.24271423641850864 0.008540592969033877 0.024008824431875186
1 0.027667485580075722 0.0460016168662779 0.008760804237981892 0.023234609851720333
1 0.7850768502845241 0.08701501488446417 0.013544385088421245 0.013808253507636323
1 0.3573740984716772 0.5710372238248231 0.006411540112264746 0.020711429500909578
1 0.8566875402634068 0.24081708697791512 0.010843214478291782 0.022070520568100938
1 0.8182789177832888 0.23153809143501378 0.011218250582516244 0.0211376623210353
1 0.6296868992835026 0.29785726114719363 0.010950813320370581 0.02076674166839401
1 0.5907863021021832 0.36429903959096244 0.007096375880837685 0.02257076395126559
1 0.5862288478117142 0.4391751899110988 0.010723420447261054 0.017824106001980727
1 0.8968768097511409 0.16260633569405097 0.015149689935092841 0.013393064080944395
1 0.7379313091366102 0.08521997150538148 0.01206191687915613 0.018353774056628552
1 0.5865729491586064 0.4970808199578525 0.01391456990166796 0.02730361722978405
1 0.9705223414228947 0.8140982754933621 0.011518952349224098 0.02757020851625915
1 0.9698616660743786 0.45415376733754037 0.011368373479067488 0.025533452479111804
1 0.9669666212589072 0.5806683975321145 0.008719400258127352 0.026840667208079146
1 0.9748631714547719 0.65174431879601 0.013337056531417608 0.019596075945043537
1 0.42412606879995557 0.8691876210529951 0.004521717458977108 0.007012721688661722
1 0.39001599006625653 0.9347005113084134 0.0059413233014234115 0.007542251065201822
1 0.5824606236301038 0.7089856960892696 0.004256353738962329 0.011241625164098676
1 0.9698053275018755 0.35986413731494443 0.007163390560319501 0.01098748859450914
1 0.5564435012455653 0.16273465817906316 0.0031033713024925034 0.007380893361442325
1 0.2730342447445424 0.573746516501992 0.008846815264777604 0.017503857758124377
1 0.5088468152647777 0.6576268453902668 0.014192751761675304 0.020544001474009067
1 0.89169493180305 0.4260279273297059 0.009125963316571305 0.017579981751214613
1 0.9759383673651628 0.20259973534483994 0.008144676938445337 0.015955744306808916
