0 0.043084149589095094 0.06584544001987376 0.047651034216962436 0.0732656918830392
0 0.10514570903411265 0.06555125389194559 0.047877418068225285 0.07177550778389119
0 0.1665122112132417 0.06474138133706274 0.04858975582163598 0.07201513033877409
0 0.22791332449317864 0.06378022325322488 0.048363537978278276 0.07393744650644977
0 0.2895693544706919 0.0636513098467144 0.04733770894138378 0.07373523246784314
0 0.04266412350619545 0.15988725246121854 0.05055435820592772 0.0767807091805752
0 0.10529084793330476 0.1598920535257531 0.04932580706014629 0.0772311479031338
0 0.1674107112132417 0.16006229331284616 0.047372311418404374 0.07643062747731998
0 0.2289913244931786 0.16131350246121856 0.047946204768583495 0.07392820918057523
0 0.2898066583056113 0.16045783646007766 0.04876357219524068 0.07433377644774858
1 0.045503706530432474 0.056193967065675435 0.02661919085924914 0.028384566466702243
1 0.10740029196562076 0.06329704387869642 0.01873713934255214 0.028899720092744243
1 0.174660738918897 0.059864941749627365 0.0256278110474888 0.03392376094437186
1 0.23226260196701173 0.062229727711020734 0.020539648337255013 0.041615292015530984
1 0.29412457630139216 0.06118983473032406 0.014175708014094816 0.035874383499254724
1 0.044057990649709715 0.1564156241336526 0.022555955459473878 0.04600061600224194
1 0.11676213182463929 0.16476486281380695 0.019718349914640648 0.036202751416347594
1 0.1768226834148575 0.1647313181964558 0.02420170003940981 0.031669432134773585
1 0.23596890788833128 0.15758236393831773 0.03312170458312569 0.035846441915242055
1 0.2874510760695699 0.15720977691238983 0.015352040945602937 0.020490186160130982
0 0.04352454015740731 0.2581658225208398 0.0479641915083514 0.07528089015144543
0 0.10565282018128501 0.2569052612433984 0.049181418160954185 0.07550180844819016
0 0.16802760015879822 0.25747576124339844 0.048166978115980655 0.0748208492998178
0 0.22978796343873523 0.25678569996595696 0.046932482474238764 0.07436080844819025
0 0.2909343806463204 0.2575356258809782 0.046672349900895964 0.07389207505106463
0 0.0441449013509441 0.35422242321918174 0.049911024903504006 0.07684488728999138
0 0.10700877779838419 0.3536331225548829 0.04743100000000001 0.07586999999999997
0 0.16849419864847637 0.35354139447582944 0.048682670128545456 0.07544669966693042
0 0.2306167412371194 0.3533023415159266 0.045274926877470346 0.0745446830318532
0 0.290971743369884 0.3530031883223231 0.04685115353007314 0.07376286686417752
1 0.04760162332073767 0.25029456633329034 0.027349579851170123 0.029377928408442694
1 0.11110976425996547 0.24499929547503813 0.016534195124778335 0.017426468395193517
1 0.23412886998249743 0.25474762158879705 0.017676445701436158 0.03151279833649228
1 0.29766271533967753 0.2563394291077048 0.017821208477739353 0.04443061310564375
1 0.04260617854659048 0.3527089529930257 0.017925356907723164 0.03248762002465822
1 0.10965468077208398 0.3577970755479087 0.009591916955478546 0.027371824282796293
1 0.17095730993474206 0.3579117825662919 0.014488889919209966 0.0354231455753271
1 0.239272425903817 0.3611320685276852 0.01231555643132849 0.021621920026498338
1 0.29810902102917486 0.3444002944767495 0.022434375268044492 0.03208342554698855
0 0.04497045690134805 0.4513554422142686 0.04912924719784871 0.07717612953830298
0 0.10688140357643759 0.4500351002981065 0.048462918160954195 0.07613648655760624
0 0.16914640575556664 0.45020078902066507 0.0473782559143649 0.07488502740923392
0 0.22993582458590756 0.4494000185948512 0.04750609357504662 0.07464640485435108
0 0.2916207711682682 0.44876973795613045 0.04671220912684155 0.07452684357690965
0 0.0455126791493283 0.5483179714222622 0.049203913895425 0.07600818795429026
0 0.107977 0.547633 0.04778999999999999 0.07301800000000004
0 0.170499 0.545921 0.046353000000000005 0.07301799999999997
0 0.23054701903550356 0.5457968488673794 0.04715303807100717 0.0727696977347588
0 0.2920208267650366 0.5441867058866827 0.04678143132845737 0.07184961603150368
1 0.052003595383260125 0.450987273052647 0.009852301774599248 0.03098830099552836
1 0.11242812559259559 0.4496487268783468 0.027227251185191217 0.023084453756693605
1 0.17507509988061157 0.4487741558204368 0.016975088567686317 0.039554903124597515
1 0.23438076861822355 0.4503065639042747 0.015433981639678681 0.03372984184715604
1 0.30798438240816944 0.444160094110557 0.018331653622802025 0.024400861408093028
1 0.054831901165486314 0.5460688124735475 0.016656135540667426 0.034502420688957224
1 0.12254107018128502 0.545484159279944 0.013376473572264779 0.029691196005005235
1 0.1703370440520209 0.5440536082154095 0.01225208810404183 0.03163221643081914
1 0.23808429641660772 0.5491462818348268 0.008026926042910328 0.02604727770826058
1 0.29264949295260395 0.5465471743830851 0.01625654131651848 0.015144062804777153
0 0.04551267914932831 0.6445402608431628 0.048624358298656585 0.07678076679609144
0 0.10843774993335112 0.6439421820657674 0.04882755902773753 0.07567672009274427
0 0.1701517113059706 0.6427046485011868 0.046526756007093724 0.07493150126051182
0 0.2311906023379273 0.641724786159211 0.04673520486131236 0.0755111033895809
0 0.2928090489666524 0.6409842963721177 0.04491520912684156 0.07377179700237378
0 0.04576462359892435 0.7425381319673187 0.0484102471978487 0.07492226393463738
0 0.10824968137482181 0.7405325298382496 0.04833436274964357 0.07433305967649932
0 0.16978644449596048 0.7382830612774415 0.04779000000000002 0.07301800000000011
0 0.23140793568671544 0.7382366266446461 0.04630053816373609 0.0747844983990578
0 0.2920584101138248 0.7370910755801116 0.04728582022764945 0.07339527371510579
1 0.04894909538326012 0.6422260201911929 0.014802190581062448 0.03080475442099253
1 0.12009232013492056 0.642511520191193 0.0168250846730727 0.032993999530758385
1 0.17317401657818787 0.6507507959396794 0.022805699761223104 0.02617630591796539
1 0.23874471320691298 0.6410161374234031 0.013950537421904852 0.027704029737040718
1 0.2958572985957368 0.6463299793395654 0.014477374804400006 0.021216713569364724
1 0.04792056772396927 0.7501057842960456 0.024393468657633335 0.018843323482325085
1 0.11565865334461536 0.739138370889535 0.01699908430215713 0.03295745581767649
1 0.1693923498342471 0.7446635289733727 0.0268916996684942 0.020987057946745664
1 0.24099396339237075 0.7370451817345379 0.019014704397667826 0.017822118359310357
1 0.30608057685776546 0.7468671772767421 0.021849486925225745 0.032221150295346154
0 0.045008540250136196 0.8386499622398468 0.04905308050027242 0.07775592447969383
0 0.10815700000000002 0.8377069999999999 0.04743100000000001 0.07472900000000002
0 0.16993710020516267 0.8365242988333363 0.04811508940224636 0.0764867610731833
0 0.2314109079346957 0.8352044569171743 0.04745370486131235 0.0759061589441142
0 0.2920902989666524 0.8335342832977568 0.04664248692522578 0.07372601596341746
1 0.047929234467910004 0.8490742988333365 0.029592135540667433 0.04770643426016219
1 0.10570812526804448 0.8405359866910181 0.022411250536088913 0.016478769123898285
1 0.17156840557010883 0.8405176656331083 0.03036358875314411 0.035377086156450625
1 0.23507679650933666 0.8423028494654323 0.02099659301867331 0.04284769893086504
1 0.3039888545634208 0.8414516505299671 0.02226582013492056 0.045470178505051306
0 0.045257262451752 0.9381888435769096 0.04739652490350401 0.07603568715381921
0 0.10723818132845735 0.9367534914478406 0.04803914045529887 0.07522606459893627
0 0.16961271130597058 0.9347433382542369 0.04818431160386216 0.07602608502475011
0 0.23119332458590755 0.9327326850606333 0.046729760365351876 0.07360681948917065
0 0.29162349341624844 0.9314769248477264 0.04699654242926521 0.07335809480521882
1 0.044330039971949516 0.9416851442090058 0.032443857556825446 0.04696112501150088
1 0.10996501430632992 0.9399786952735403 0.022301028612659844 0.05359430884382516
1 0.17411876667091677 0.9437047663314502 0.025842422148296698 0.02728049181127279
1 0.23624160219883394 0.9338920061185432 0.024462537607362656 0.04690601223708675
1 0.2932466320372538 0.9353228071830778 0.026653375082586712 0.044504450959645246
0 0.35006874550264855 0.06446068240159726 0.04688649100529715 0.07165644650644977
0 0.4107078015630614 0.0647508174649909 0.04599339687387715 0.07107644677327346
0 0.4708511942177738 0.06520167218869036 0.046996277427468584 0.07247467119040168
0 0.5309540019009424 0.0638813302725282 0.046758670592189876 0.07005490565482214
0 0.5910570302093354 0.06354548576173563 0.04591849517809741 0.07234611017978396
0 0.34978193995224466 0.16028271160959093 0.04774987990448927 0.07368958662569233
0 0.41077727376467726 0.1598227547568224 0.04729145247064549 0.0739836947444933
0 0.471434 0.158871 0.04743100000000002 0.072447
0 0.5316060019473068 0.15884760948052187 0.046324003894613566 0.07287946407080943
0 0.5911698096304754 0.15902670139668404 0.046584841462566515 0.07390140279336804
1 0.3576033565107276 0.06432303366578951 0.025442157424686775 0.028227863073440926
1 0.4172423308914724 0.060766819194744484 0.026711772791023918 0.026139474982978493
1 0.4730705971685757 0.06619820171028017 0.012975332563048647 0.03931877140053381
1 0.5427771408001345 0.06424013090462433 0.020504392608348024 0.04679530266087629
1 0.5980519205921899 0.05762021706567543 0.023257952192458735 0.028292311576467992
1 0.3573946899058802 0.15740277202215552 0.02962660201337619 0.03390542148942826
1 0.41512391424026057 0.15392529244796938 0.03181793948860015 0.04178046234105585
1 0.4782666651211851 0.15963417551478573 0.024341335064272718 0.020241797471615454
1 0.5358600569877019 0.15659770053180722 0.008258558378635174 0.0332153602119868
1 0.5907728953438504 0.16423458403106192 0.020719112584470258 0.02668236939440224
0 0.3506747160815087 0.25765493715841964 0.04676456783698255 0.0736706567543197
0 0.41168146826063773 0.25656486566807135 0.04707139687387716 0.07333067718013367
0 0.4721091648429985 0.2561646054551644 0.04708944811238743 0.07345023845757492
0 0.5317800280765709 0.2551340646035368 0.047332499443626656 0.0732293201608303
0 0.5915957802093355 0.2551338146035368 0.04641643958132908 0.0727687793092026
0 0.3513962177042643 0.3524924689610437 0.046259991190754954 0.07386422388348085
0 0.41230135882894997 0.35249702002557826 0.04731549545628414 0.07247499919952896
0 0.472326220254309 0.35170123106931894 0.045205336547935106 0.07314649540879231
0 0.5318 0.351968 0.04671199999999997 0.07187700000000002
0 0.5915609484833031 0.3503764076836023 0.04522300816014274 0.07257585621883222
1 0.34441530031122136 0.25587470399131446 0.01588582282405852 0.011317040317980231
1 0.4097429692342912 0.24267596909445557 0.01012471608150872 0.02713357052426255
1 0.4798865829315082 0.2617863522946837 0.016465054669479375 0.019275500331229437
1 0.5420816129090213 0.2601716582494526 0.016969225818042773 0.014224153092394576
1 0.5967133402107264 0.25969306074379406 0.013764445423249434 0.018401634065104977
1 0.35219305077486585 0.36430159597372236 0.025830768154579128 0.01712302854093449
1 0.4175323028149015 0.3533848610768636 0.010483827831418853 0.02699543619233382
1 0.4742705828387792 0.34684318213477355 0.022481054484021705 0.021217119159781424
1 0.5400242517154845 0.35959996363837105 0.01644750343096909 0.04400784557348697
1 0.601549754033707 0.3453067229864012 0.023216952470645605 0.027510323417919532
0 0.351726551099417 0.4480892788077581 0.04588910219883398 0.07358755761551625
0 0.4118988309842013 0.44750007454962 0.047251217750628814 0.07338584357690958
0 0.47193216646575403 0.44734398795613045 0.04483433293150813 0.07323797591226097
0 0.5327534447741471 0.44637306174208263 0.047540666048473984 0.07341336673536604
0 0.5923666732349635 0.44577958522716815 0.045350225447127156 0.07406657711204756
0 0.35237830114578145 0.5437362671641242 0.0471936022915629 0.07321053432824838
0 0.41305794217773817 0.5427655069512172 0.04725121775062873 0.07377193219917931
0 0.47247116646575404 0.5424113741834274 0.04549499972181336 0.0735601160315036
0 0.5329482222016159 0.5419829795741862 0.04814899999999994 0.072447
0 0.593548837475224 0.5409848741834274 0.04675300834560068 0.07227274836685504
1 0.358660878838107 0.4404891154334505 0.015792890011938822 0.010580939587435403
1 0.41872577510924625 0.44513565538799843 0.0109946612265715 0.027050147369486414
1 0.47389077710291755 0.4474958902848572 0.013388220810682364 0.031990535459948864
1 0.5415977238707359 0.44335982368474314 0.008953892144703466 0.0283016065178588
1 0.5954239205458255 0.4473669768783468 0.02561617430134575 0.025807790350183067
1 0.36951874559537745 0.5268478369247189 0.01233315779560236 0.01865955129455488
1 0.42047930313945264 0.5500570114090131 0.02110716169021587 0.024685859411515753
1 0.4759338329315081 0.5493074194928509 0.023790999072711143 0.02204467557919147
1 0.5460603631408437 0.5472508888541303 0.019733503894613636 0.026157736856632762
1 0.5997616149026926 0.5385328679958781 0.013173674208616853 0.015991327475479808
1 0.3603240508675947 0.6401193110428206 0.014205212743268499 0.03777841782750318
1 0.4121190248310595 0.6567083216881658 0.008849938468582322 0.028522520821449036
0 0.35251749554901307 0.6396637044559558 0.04604588008994724 0.0741127765765599
0 0.41284060882895013 0.6386931942430487 0.047106328851436764 0.07513371529911862
0 0.4729436665121185 0.6376578523268865 0.04570911082262119 0.07490419487330488
0 0.5326175019936713 0.6371519340301418 0.04748855958411089 0.07407586806028373
0 0.5931866152272437 0.6360015819010727 0.04573878605125593 0.07499644976353918
0 0.3521609677969933 0.7356466213219732 0.04733849119075495 0.0735239371216165
0 0.4128030254801618 0.7345104223865079 0.047471273347397314 0.07211600817952626
0 0.4733783332096949 0.7334801315348802 0.045998888621005374 0.07325650817952635
0 0.5332665297920554 0.7333144428123217 0.046770059584110985 0.07358788562464348
0 0.5938386152736082 0.732730289618718 0.04646323054721642 0.07383611030859542
1 0.4855518053649462 0.637538657849217 0.016435943939587173 0.03603911144029594
1 0.5389925018082135 0.6474659282750308 0.02140878122935327 0.015724529737040648
1 0.6001589482514809 0.6372762799716615 0.012089229712656269 0.01954235568518484
1 0.35989805091395916 0.7449256568509283 0.01795499063438156 0.03472406859209093
1 0.41593833079874354 0.7478747128056971 0.02468332820233441 0.020545221353256152
1 0.48398966632666074 0.736447258547559 0.011736221459784599 0.03511939454023516
1 0.5447185296993265 0.7430166106766279 0.017490948205116298 0.025661017095118078
1 0.6050760040800715 0.7385864419474448 0.01877245256337433 0.015199638785123966
0 0.3526653566961854 0.8324437118074084 0.04719904678752342 0.07268687298272092
0 0.4135414444032317 0.832002 0.046353000000000005 0.07472900000000002
0 0.4740589998609066 0.831128170955781 0.04434777752019757 0.0734777912794655
0 0.5335187242416515 0.829872160742874 0.04713500408007145 0.07460968915039648
0 0.5942300041264359 0.8291912015945017 0.04683956403509783 0.0768916891503965
0 0.35288244004497354 0.9301611339960989 0.04734443568671545 0.07460955395359102
0 0.4139359938798929 0.9291675100748945 0.04694400333824019 0.07291647498297844
0 0.47455177770565526 0.9287489795741861 0.04563399999999995 0.07244699999999987
0 0.534495 0.926982 0.047789999999999985 0.07301800000000011
0 0.595221 0.9262460612774415 0.04563399999999995 0.07472900000000002
1 0.36222791229295376 0.844713262871943 0.028653491190754943 0.041247158079237504
1 0.4118320251556107 0.8339896398846217 0.027679939117684592 0.03739215721436048
1 0.477081805133124 0.8293246496650901 0.021495054669479357 0.023720095072042313
1 0.5431101964432673 0.8381115532911322 0.02534405949138211 0.03650898402738172
1 0.5995215594450176 0.8302725377555527 0.01973911889003513 0.04114603465947771
1 0.35266555082123024 0.9386490012283091 0.02633465705377118 0.04567275734685239
1 0.4142197197443001 0.9381659550540088 0.03043877269829493 0.03329766499825182
1 0.5409487519473067 0.9205185971698286 0.026479392701076895 0.030408990081519125
1 0.6000692261889583 0.931707062073312 0.02270067457953252 0.03839475648197579
1 0.4878990002318223 0.9329027916474983 0.03695222266526021 0.037383419888486175
0 0.6512696156908883 0.06372482767789778 0.04550632421499192 0.07270479401210825
0 0.7110569999072711 0.06264814298069668 0.047071999999999975 0.07301799999999997
0 0.7703248159824047 0.06079905984671439 0.046729965359962246 0.07437928309993927
0 0.8308244570143614 0.061088860911248925 0.04540891402872293 0.07425972182249782
0 0.890999959147126 0.06125454963380747 0.047054362882941125 0.07254822182249783
0 0.6510555339648557 0.15793182884180115 0.0470711791232484 0.07333090279336806
0 0.711175570572485 0.15813904274699594 0.04650933664066396 0.07337651583460612
0 0.7703626493311929 0.15696131862889423 0.04665429866238565 0.07297171896104375
0 0.8310422903631496 0.1565012777772666 0.04613235852468329 0.07343175981267136
0 0.8912927091934906 0.1567867777772666 0.04762797398374923 0.07240071896104372
1 0.6579957281362652 0.05642423749148925 0.015224567280609237 0.031144311576467975
1 0.7168376194464084 0.054887278343116866 0.0348954610944328 0.03743851583460611
1 0.777789454788868 0.05872419174962736 0.024556242787430686 0.03758538349925472
1 0.8375592068289037 0.06474149813683455 0.020927858061038633 0.036591751163903355
1 0.8961117644657077 0.05777655365916494 0.01973386214111034 0.017858739653681243
1 0.6581725058882849 0.1584520171319213 0.014291456179801352 0.0419278300057045
1 0.7140241190291284 0.15105888925436575 0.01502201567118332 0.039232533398965846
1 0.7827534548352324 0.1596754198930865 0.017526020678543683 0.024299676379662502
1 0.8384022899922341 0.15589878712529673 0.007940357597394428 0.027252533398965793
1 0.8949585977681314 0.15133958818983126 0.021460639939494253 0.03545084956664151
0 0.651481504543716 0.25381347268737464 0.04650965751741572 0.07380842228989931
0 0.7116592289244608 0.2536987124744677 0.046607319949462746 0.07357890186408551
0 0.7705367048352323 0.25180778655944647 0.04543685425915395 0.07465577737703111
0 0.8311434014175929 0.2516332457078188 0.045350580819027944 0.07546489993191395
0 0.8913967924959143 0.2517528069852603 0.046260696185364936 0.07476573652540341
0 0.6516002284608162 0.34900058619325397 0.047140901324864086 0.07210721323813553
0 0.7110856471984283 0.34917587704488157 0.044950516598472226 0.0726767132381355
0 0.770722149331193 0.3492308566190677 0.0459352986623856 0.07210671323813553
0 0.8315402347663812 0.3481450861932539 0.045136469718220114 0.07335817238650791
0 0.8919765980926826 0.34705931576744015 0.046260196185365116 0.07460963153488023
1 0.6576678669890926 0.2521160254816628 0.014141622784648847 0.02435488755681503
1 0.7167421470129705 0.2565741173978249 0.020887293840483104 0.01911903053751178
1 0.7942173996093795 0.25426444421084593 0.013433688025222313 0.038459684163553734
1 0.8391354012321354 0.24767208675910418 0.013718580077196754 0.036463050963325534
1 0.8950248477217668 0.2646015769786357 0.017850806451612782 0.02376594969913331
1 0.6629360060737427 0.35985310618662936 0.014037345357180117 0.026480048966748236
1 0.7188692304081231 0.35269049873488767 0.02242868301786182 0.025623915766520074
1 0.774054482262701 0.3449297180961669 0.015508853331865108 0.03930531363745102
1 0.8428129846736523 0.35704218256721193 0.013607858153767534 0.024741242579541124
1 0.8997166534576287 0.3476619068187255 0.01802986232656799 0.03154073193419584
0 0.6524611157372527 0.44603258216789643 0.04615065751741559 0.07365248929024888
0 0.7125636734204213 0.44482750046464126 0.04551843095754177 0.07308248929024898
0 0.771765288230385 0.44333203369799234 0.045587687654306666 0.07528135335737815
0 0.8322332904095141 0.4425360643367131 0.04606858081902803 0.07503312867342621
0 0.892742 0.44352499999999995 0.04707200000000006 0.07472900000000002
0 0.8928459314878352 0.5381833026930791 0.0479988629756702 0.07465560538615827
0 0.6528982840575847 0.5404100731188929 0.04744256811516936 0.07296230964429644
0 0.71254 0.539646 0.04527499999999999 0.07301799999999997
0 0.7723070104783651 0.5393840833317999 0.045953132150267195 0.07363416666359975
0 0.8318648736655733 0.5384133231188929 0.044197414121451645 0.07511564623778585
1 0.6612700337330336 0.44433058389765007 0.011573734070914393 0.02497996353716217
1 0.7143079523315522 0.44443624198148796 0.013585015671183262 0.022008402259720693
1 0.7735500933635089 0.4493221504977642 0.0159380755334809 0.029258096737390292
1 0.8356294010466774 0.45069267092357795 0.011457690899818001 0.02881726014390085
1 0.9030661257519733 0.44749539028485724 0.016836695907178446 0.03337165801483178
1 0.6643270618559688 0.5323085465055296 0.024295234720016764 0.02751988875292126
1 0.7252821194464084 0.5440394550218058 0.016557572102511787 0.021079583230590875
1 0.7791426213473508 0.54703452162192 0.016054353702780813 0.031190879837329443
1 0.8357335402240562 0.5379762711894815 0.027476969254575594 0.025845297269197515
1 0.8988473200624759 0.5335370003312294 0.01802986232656815 0.013561959810831171
0 0.6531477562592004 0.6358911227527003 0.045784512518400995 0.07521736806028394
0 0.712890813942369 0.6352567910494451 0.04597662788473798 0.07510590891191142
0 0.772304288230385 0.6342766787074692 0.0456687988478437 0.0743058884860976
0 0.8337832904558784 0.6346862910494452 0.046156136508525306 0.07532682720865617
0 0.8937849870846037 0.6333702501978175 0.04785941857243851 0.07427858209889053
0 0.8942164315341996 0.7287920191929043 0.04786586306839924 0.07481203838580873
0 0.6535097285071808 0.7312442589799973 0.046799234812745574 0.07174772221813297
0 0.7140063972911572 0.7317088508961596 0.04519435017908266 0.07357878349557449
0 0.7736053160751336 0.7307933202574388 0.045964521142188054 0.07402972221813299
0 0.8340352349054744 0.729992799831625 0.045362469810949116 0.07379059966325001
1 0.652893 0.6373130612774414 0.015809999999999963 0.0342269999999999
1 0.7271829527488323 0.637414045507241 0.010727460908975046 0.03214796845959914
1 0.7806263714400798 0.6423225761459617 0.018882409485006937 0.022790948033785462
1 0.8427345957280957 0.6408045712557275 0.01144641365780723 0.03778801995657216
1 0.8999223478144959 0.6359602391200337 0.012982028838686576 0.020334273981929697
1 0.6593719226785901 0.7386507736507002 0.01884728976041176 0.01829126134000706
1 0.7249488138032757 0.7328176102441896 0.012008183017861784 0.023056975378613634
1 0.7757409544643168 0.7402243913153488 0.011846131130249257 0.03308561922418696
1 0.8414306515103218 0.7321227479022137 0.02506585843195436 0.018926209843034128
1 0.902915792356821 0.7390831413153487 0.013949806915257355 0.036748241779070025
0 0.6548834508015254 0.8284968392525256 0.04839845719981921 0.07598020957621042
0 0.714939508391965 0.8281606607428741 0.045646350364540414 0.07619252574388606
0 0.775422 0.8265829999999998 0.04814899999999994 0.07643999999999994
0 0.83525 0.8254419999999999 0.046352999999999846 0.07529899999999999
0 0.8957206521130597 0.8247245915481295 0.04816125137064891 0.07472934797490009
0 0.6549907563519294 0.926204909312147 0.04789406830062713 0.07470130884382531
0 0.7157742306863097 0.9251880216541228 0.045715572566156194 0.07627504330824565
0 0.775422 0.923845 0.04743100000000002 0.07586999999999997
0 0.8359976666048474 0.9227039999999999 0.04743100000000002 0.07586999999999997
0 0.8967289299114439 0.9228787992657748 0.04843914017711232 0.07552040146845028
1 0.6589372559810137 0.8390868645685735 0.018557511962027665 0.03869872913714732
1 0.7196198692609507 0.8358346043556667 0.01918873852190152 0.04474320871133367
1 0.7816640658433114 0.8261782975360211 0.013909242694701824 0.026792513368787185
1 0.8362057343954657 0.8286671958393904 0.012623246589315292 0.03791614656901556
1 0.901431848139047 0.8326095173297388 0.028798585084557363 0.03187166699482921
1 0.670435867730924 0.9317804959056363 0.031202957663463628 0.05066899181127282
1 0.7212047862830783 0.9316518324991259 0.03514423917100361 0.042185542443369056
1 0.7830667606174585 0.9283258884538946 0.02964963224299603 0.04009665435290646
1 0.8424448738046666 0.9277783937765672 0.02738408081902797 0.051312542443369004
1 0.9067699594253128 0.9318172712216843 0.02739525206031999 0.03909441988848622
0 0.950558072334334 0.059763717930552226 0.044718589257357395 0.07414976267412546
0 0.9514649890782749 0.15633583905470805 0.0455127559549339 0.07422267810941613
0 0.9526241002718117 0.2507179650690981 0.04725142274523898 0.07499525695121728
1 0.9550638776992801 0.04936728812358537 0.02266697760017624 0.023176249434149754
1 0.956753822148876 0.1584794403189003 0.02015642209613672 0.02761171723129012
1 0.9592978104389553 0.2522173969048451 0.009852445145062793 0.03197283918811991
0 0.9531631002718115 0.3468754227867434 0.04791208953554421 0.07313725408976315
0 0.9527603224270628 0.44121142135601643 0.04610964503958371 0.07446212867342623
0 0.9533458225197917 0.5368632107769169 0.04754664503958385 0.07315542155383399
1 0.9604249610944328 0.35259849384465336 0.012814144205023555 0.03592882428279633
1 0.9604514054513001 0.4431343543234639 0.00899414411229458 0.028752545240417416
1 0.9682664892637326 0.5482168480025026 0.022341756325849463 0.020085450895239478
0 0.9548612114653485 0.6317697093461899 0.04770342293069682 0.0747194186923799
0 0.9560378208970363 0.7286079602110667 0.04853780260915932 0.07387307957786654
0 0.9562317115117128 0.8237443952072944 0.04757042302342554 0.07444411722760984
1 0.9669333225661564 0.6400040508299136 0.02211031173716002 0.036628815698434
1 0.959697544350492 0.7431546262122076 0.011950755305831519 0.03596592561139427
1 0.9733840449532298 0.8251064303038108 0.019351089906459867 0.03307661549785638
0 0.9571361560076733 0.9215218480347054 0.048659312015346755 0.07578669606941099
1 0.960917516876659 0.9322955163314501 0.026607700358165436 0.04779878755313475
1 0.021931555560791648 0.16295094436079918 0.006381445505400659 0.012313005963235526
1 0.09710763376639106 0.1428719714924987 0.007261416424078334 0.004730930938408236
1 0.45266518986059856 0.07609204382109053 0.015228156035338352 0.030963918698276867
