0 0.5238577830641089 0.9408515988417747 0.0400174338717819 0.07688380231645078
0 0.7719786961130742 0.6451501109148017 0.03840464109035843 0.07624937769925398
0 0.029135828495709237 0.9398983820180604 0.03650234856133266 0.07681776914016482
0 0.7721794548207975 0.5479792402826854 0.03849066128218073 0.07514968590498622
0 0.5738769380363452 0.9405431154299175 0.04004312392730946 0.07749376914016477
0 0.8208324809439677 0.45107911935610523 0.03893906587582023 0.07765882764036133
0 0.32691140484603737 0.2549934275618374 0.04018070974255425 0.0787196780526109
0 0.2266224678192832 0.7439475735178641 0.03994357269056033 0.07876185296427174
0 0.7722268176426047 0.3539142071063997 0.03858538692579521 0.07595758578720065
0 0.12745565509843515 0.2537377107381233 0.038164717566885435 0.07866211170003932
0 0.17874418160020192 0.25461994414998035 0.03978265901060072 0.07919964487632507
0 0.07743062304391721 0.9403231486062034 0.03812727334679456 0.07889423596387916
0 0.17691506814740027 0.940444640753828 0.03959490156486622 0.07975068708284262
0 0.37536282180716807 0.44905771495877506 0.03927940434124184 0.07791028661170005
0 0.6231070166582534 0.940751374165685 0.03849066128218073 0.07606988614055746
0 0.5744445623422514 0.4508755358264625 0.039600886420999515 0.07786512740479004
0 0.5244974115345784 0.45037456900274825 0.0403501991418476 0.07870359422850405
0 0.9673407055779908 0.25635114379662344 0.03728110827864717 0.07714084275618371
0 0.47355438225643615 0.9402683820180604 0.04005424659262994 0.07817123596387907
0 0.42488459464916706 0.44972840253239105 0.03957231903079251 0.07863819493521795
0 0.8700061345280161 0.2567286112092658 0.03885123927309451 0.07789577758146839
0 0.5738368192831903 0.7427193726933646 0.03964738919737505 0.07937278543384371
0 0.2761759984856133 0.7433944899882213 0.03903801413427561 0.0782691527287005
0 0.772173690560323 0.2562921277974087 0.037848138313982815 0.07640934393404006
0 0.9673144876325088 0.3533568904593639 0.037544169611307354 0.07484295249312921
0 0.4746983794800606 0.5464672981939537 0.03950276602725908 0.0776470031409501
0 0.2279293490661282 0.255278044267766 0.0390868657243816 0.07744851099332556
0 0.37611969522968197 0.2548788108559089 0.03890016784452292 0.07726351099332551
0 0.4757811253154972 0.25516906085590885 0.03977527435638579 0.07845747781703963
0 0.3258034674406865 0.44921944630938354 0.03933198485613327 0.07881375755791122
0 0.1261956564866229 0.8410740692972123 0.03785320090863201 0.0785458614055751
0 0.7216396640585563 0.9405468820180604 0.03931668298838977 0.07504743502159408
0 0.8693521400807672 0.8401314525912839 0.0381742448258455 0.07482022752257557
0 0.5748854394245331 0.2563300608559089 0.03922065169106515 0.07832561052218302
0 0.8203368524734982 0.8399313358853553 0.03826330615850588 0.07687386140557528
0 0.47419232710752146 0.4498245484884177 0.03912165572942956 0.07760355319984288
0 0.7225989112821807 0.2567288612092658 0.03934219409389184 0.07789627758146841
0 0.12619888944977284 0.9409047408716135 0.03817516405855629 0.07760355319984293
0 0.3255931347804139 0.7441352571652925 0.039437152953054014 0.07852375343541418
0 0.4747540121150933 0.35209990675304276 0.03992952852094902 0.07723671967020015
0 0.9669655826602727 0.7434699402237926 0.03747735411408399 0.07596618590498631
0 0.37496845027763753 0.9415182076953279 0.03880615850580514 0.07576315272870045
0 0.12607628773346796 0.7433092068119357 0.03856095507319537 0.07809858637612886
0 0.6237380111055022 0.4501312819002748 0.037859666834931915 0.07760355319984293
0 0.7712329631499242 0.7427549568119356 0.0388061585058052 0.07699008637612881
0 0.5256282830641089 0.2558498274440518 0.03914147274103986 0.07675167687475465
0 0.5242775113579 0.5482859736945426 0.038648409893992916 0.07699008637612871
0 0.17673144409389197 0.7434330901060069 0.03985864790509844 0.07773288614055741
0 0.5739583151186268 0.5478242484295248 0.03957488364462388 0.07790703631723596
0 0.12732227662796566 0.4501105192383195 0.03821345784957093 0.07878896152336083
0 0.9188945450530034 0.4510797526501765 0.038508423775870625 0.07643316058107565
0 0.22664959212518931 0.8412887191794267 0.0393668268551237 0.0777482275225755
0 0.5247507571933366 0.3524366902237927 0.03833291267036845 0.07668335296427169
0 0.9671937152953055 0.4505240855908913 0.03761812216052525 0.07654876010993335
0 0.3750748167592125 0.6450434942088731 0.03933438869257953 0.07849001158225367
0 0.5733373296314992 0.8407562819002747 0.039910398788490654 0.07668335296427169
0 0.3261137833165068 0.5474682484295249 0.03858546668349315 0.07596810266980755
0 0.7719875690307926 0.45129796947389084 0.038106889702170674 0.07686959422850417
0 0.37544169611307415 0.5478258735767569 0.03975265017667842 0.07668335296427169
0 0.47553237392730946 0.15811381507656064 0.03990876602725909 0.07758903572830778
0 0.5250662544169611 0.15735424028268552 0.04022589601211511 0.07913722025912838
0 0.4741134528016153 0.7424482234000784 0.03896390711761737 0.07944395367098551
0 0.5241986370519939 0.6442935316058107 0.03912165572942956 0.07760355319984293
0 0.5741779380363452 0.6455739610325874 0.039383135032811566 0.0770970779348254
0 0.7218576476527007 0.7427549568119356 0.03880615850580509 0.07760355319984304
0 0.178184305906108 0.3524146401648999 0.039924896516910634 0.07663925284648604
0 0.37489831537102475 0.842410919414998 0.039296883139828404 0.07753876069886148
0 0.574599318525997 0.15873454063604236 0.039910398788490654 0.0763766195524146
0 0.3765360612064614 0.1578041817824892 0.040363894245330656 0.07758323596387907
0 0.8700626400807672 0.45107696947389087 0.038648753154972175 0.07704106105221825
0 0.7711903231953559 0.9398683820180604 0.038720878596668486 0.0761443023164507
0 0.9191435464411913 0.25607041097369454 0.03837543210499764 0.07841977758146844
0 0.7227910355880868 0.15910251531213193 0.03941094548207979 0.07772603572830783
0 0.2276845851842504 0.45014466912053386 0.03922833240787484 0.07947072811150363
0 0.918570166582534 0.8390692481350608 0.037859666834931915 0.07576315272870045
0 0.6721906320040383 0.9404669987239889 0.03916924987380109 0.07611460208087943
0 0.22629038364462392 0.9398311739301137 0.03927940434124181 0.07975068708284243
0 0.9187279151943463 0.9382975068708284 0.037859666834931915 0.07668335296427169
0 0.42418601716304893 0.8409096486062033 0.039437152953054014 0.07821702002355706
0 0.8209294753912165 0.25608912779740867 0.038817557546693644 0.07784374440518256
0 0.277479808177688 0.35274342363564976 0.038175164058556275 0.07484295249312921
0 0.030305456966178694 0.2544140608559089 0.03915710272589601 0.07878787828818216
0 0.6727978293791014 0.15750760698861405 0.04006814740030283 0.07760355319984293
0 0.2781047429328622 0.25584464438555166 0.03910953634528015 0.07674131075775427
0 0.6727189550731953 0.7430616902237926 0.04054139323573957 0.07821702002355715
0 0.7721005805148915 0.06288034943070278 0.03927940434124184 0.07668335296427167
0 0.077219124432105 0.7425284899882215 0.03928176224129228 0.07776408637612883
0 0.37615156486622914 0.3513631232822929 0.03833291267036851 0.07699008637612875
0 0.4240747217314487 0.9413623322536315 0.039845556537102464 0.07667833549273674
0 0.8206082786471479 0.062420249312917155 0.03849066128218073 0.07699008637612878
0 0.524313414310954 0.7426314230467216 0.039666707470974165 0.07919688614055756
0 0.32534328470469454 0.8410808690616411 0.03925295002523974 0.07917292775814684
0 0.5239561615345785 0.8408475023557127 0.039898693589096416 0.07870619434628986
0 0.7220672897526502 0.8408743192972125 0.038594448258455365 0.076919427758147
0 0.42460809881373046 0.6440989106792304 0.039334824583543745 0.07844124499411077
0 0.42569384464916704 0.35186992334118566 0.03866684124179705 0.0773902196702003
0 0.3750473245835437 0.7435217903415783 0.039594901564866246 0.07852375343541418
0 0.47452462670368495 0.6444908775029446 0.03883976325088331 0.07799824499411073
0 0.9668167069661787 0.06304010306242638 0.03717960272589603 0.07516245975657637
0 0.9190289249116607 0.5478788983117392 0.038777183493185416 0.07678940243423632
0 0.4248394731196365 0.5479083485473105 0.039797573195355894 0.07684830290537882
0 0.32434210146390713 0.9404086426187671 0.03815325290257446 0.07859574970553594
0 0.722804139323574 0.5479792402826854 0.03880615850580509 0.07576315272870045
0 0.2759741311206461 0.9404970484884178 0.039265273851590114 0.07924203572830772
0 0.3274057833165068 0.059977085885355316 0.03896098611812217 0.07701149411071848
0 0.5742438165068147 0.35304965675304273 0.03856840030287734 0.07668235237534349
0 0.4263910863200404 0.06122315282685512 0.038799335689045936 0.07827669434628975
0 0.7229239126703685 0.3537642236945426 0.038414710752145406 0.07565761896348652
0 0.12767915232205956 0.35240075687082845 0.03861171201413429 0.07661148625834317
0 0.17628407370015142 0.8409096486062033 0.03959490156486622 0.07760355319984293
0 0.22676362948006054 0.6444468983117393 0.038963907117617345 0.07791028661170005
0 0.9182546693589096 0.7429083235178641 0.0388061585058052 0.07791028661170005
0 0.6235013881877839 0.1581210738123282 0.03896390711761737 0.07576315272870042
0 0.9671334639071176 0.5476664640753828 0.037497619384149666 0.07697800078523759
0 0.6731133266027258 0.3532035237534354 0.04006814740030283 0.07699008637612875
0 0.8699392602221101 0.062157236356497836 0.038717490661282335 0.07707752728700432
0 0.22811320810196872 0.3523470400471142 0.03945458379606261 0.07711751943462891
0 0.623356721479051 0.743530840106007 0.03899007092377593 0.07547451884570083
0 0.3272942833165068 0.15740944837063212 0.03968447778899546 0.07863416961130744
0 0.27644374987380105 0.4504804025323911 0.0395735169106512 0.07830179446407538
0 0.47414412948006057 0.8408863524734982 0.039656254921756735 0.07939736140557516
0 0.7226447869762747 0.45025503582646254 0.039118448258455424 0.07846452787593255
0 0.2286565893488137 0.05953915164899882 0.03927935739525485 0.07736255928543384
0 0.9186490408884401 0.3535102571652925 0.03927940434124173 0.07514968590498627
0 0.6232614728672388 0.5482815985473105 0.03879957370015146 0.0775948029053788
0 0.030356952801615343 0.3502894896937573 0.038313602725896 0.07791015331762852
0 0.5747473095658758 0.06180500294464075 0.03894439197375072 0.07759999411071848
0 0.7717798204189803 0.15941324872398902 0.038637884149419426 0.07650710208087948
0 0.62358026249369 0.25550893207695324 0.03880615850580509 0.07791028661170002
0 0.9669989904088843 0.839375981546918 0.037228672387683 0.07760355319984293
0 0.8695103483089348 0.15873454063604236 0.038490661282180635 0.0763766195524146
0 0.12819140232205956 0.15777239860620337 0.03805872589601213 0.07690620278759322
0 0.07758199457344774 0.8410109525912839 0.03811451918223119 0.07657922752257562
0 0.8209386038616859 0.3540967071063997 0.03852031726400814 0.07570911896348642
0 0.6735001264512872 0.2563908612092658 0.0392642609793034 0.07599334393404002
0 0.42505363452801614 0.2552021986650962 0.03896390711761737 0.07729681978798589
0 0.7713901933366986 0.8402390692972123 0.03912061887935394 0.07626239458186103
0 0.8694661386925795 0.7425934899882214 0.03903323649671902 0.07728061955241462
0 0.9667479652953054 0.15982321554770315 0.03672662216052507 0.0736462347860228
0 0.32605190484603735 0.6447260107970161 0.03940820141342759 0.07724157793482532
0 0.07863674457344774 0.2548374109736945 0.039277527511357886 0.0765672444051826
0 0.6230374728672388 0.6456483940910875 0.03898256814740039 0.07785941087553994
0 0.17747606284704695 0.5476316151354533 0.04008589651691068 0.07752176972909305
0 0.8697469712266531 0.3533568904593639 0.038648409893992916 0.07545641931684334
0 0.07808162026754165 0.44941105241460544 0.03974476501766785 0.07984389517078923
0 0.029495711130742043 0.5461851814880251 0.039430594396769304 0.07830970337652134
0 0.3768614336193841 0.059506281900274835 0.03849066128218073 0.0785237534354142
0 0.12828191203937403 0.059643702591283855 0.03760875088339224 0.07695819434628973
0 0.03062571251892983 0.1565546983706321 0.03853562493690055 0.07753813643502161
0 0.9186490408884401 0.15919464075382803 0.03896390711761748 0.07484295249312915
0 0.9670468326602726 0.9382864649587752 0.036693362443210524 0.07666126914016501
0 0.672725016027259 0.4506111691205339 0.03929152624936886 0.0785633276403611
0 0.6727978293791014 0.5479792402826854 0.0388061585058052 0.07514968590498622
0 0.2785051741544674 0.060119748723989 0.03833291267036845 0.07668335296427169
0 0.7224146626703686 0.6459277110325873 0.03897369687026751 0.0765776442873969
0 0.6231653471731448 0.8406635023557126 0.03892281953558795 0.07833819434628975
0 0.5251115316759213 0.060887552709069495 0.03968545608278648 0.07883242775814686
0 0.1773960642352347 0.6456770943266588 0.03992589929328622 0.07730334452296835
0 0.12708827940434125 0.547060515017668 0.03806096062594652 0.07699303631723599
0 0.8208133510853104 0.15949348213584608 0.038585308934881365 0.07605410208087944
0 0.27739824293286214 0.546856448076168 0.0392740224634023 0.07903876972909302
0 0.9670903326602723 0.6453229272673734 0.03835784856133253 0.07782194405182569
0 0.6724965076981322 0.8408480858853552 0.039465504038364484 0.07748042775814687
0 0.4249882231196365 0.7433593898704357 0.039779575971731464 0.07881241931684337
0 0.1790446744068652 0.15674077345897133 0.040383644623927316 0.07852375343541419
0 0.077839874432105 0.5470577146643109 0.03831478167592125 0.07821436925795064
0 0.17805131007067138 0.44962370229681975 0.040289899293286247 0.0790422612877896
0 0.4756120646138314 0.06088658225363172 0.040383644623927344 0.07699008637612878
0 0.2763693714033316 0.8413294525912838 0.039109262746087836 0.07905662799371803
0 0.029706206966178695 0.44918930241460536 0.03827409994952044 0.07940039517078916
0 0.8696107685512368 0.938232714958775 0.03900699899040885 0.07778070278759329
0 0.0284014652953054 0.7424641398704357 0.03881958884401817 0.07824885296427157
0 0.8210808524734982 0.6455643443266588 0.03848931726400805 0.07707784452296826
0 0.07854549179707218 0.35198402345897134 0.039095021958606764 0.07700495308205735
0 0.4258870904846037 0.15747654848841774 0.03905333291267031 0.07692796937573614
0 0.12658628356890458 0.644489010797016 0.038318957849570914 0.07676757793482528
0 0.6240544700908632 0.3535293735767569 0.03912357925290268 0.0764148523753435
0 0.6731447576981323 0.061195436003140945 0.040131009591115686 0.07760779387514723
0 0.8206203677435638 0.9389132984884175 0.03851483947501261 0.07668800255202216
0 0.3262105820292781 0.3515394339418924 0.039779744573447774 0.07786439870435805
0 0.6239746340232205 0.06027311542991754 0.03927940434124184 0.0763766195524146
0 0.9189779207470975 0.6457241109148016 0.03930616961130734 0.07678391087553985
0 0.8700332643866734 0.6453092442088731 0.03953649343765763 0.07718111111111102
0 0.7224886420999495 0.061806782489202974 0.03975265017667847 0.07760355319984294
0 0.8206997281675921 0.7433990901060071 0.03867356032306911 0.07766488614055757
0 0.2788012415446744 0.15720668178248923 0.03797855577990913 0.0763882359638791
0 0.6725946375567895 0.6454189942088732 0.039977260979303354 0.07740061111111116
0 0.17951143298838967 0.05979420259128386 0.03973967566885412 0.07664572752257559
0 0.22778899545683998 0.5470590400471143 0.03975265017667845 0.07699008637612871
0 0.9182546693589096 0.06226688260698861 0.03754416961130746 0.07422948566941501
0 0.028770708354366483 0.8404679691794268 0.038611583291267036 0.07917406164114649
0 0.03170747097425542 0.05843271495877502 0.03722867238768299 0.07883048684727129
0 0.8207109809439677 0.5478779818413819 0.038380568652195884 0.07740103631723588
0 0.07995486610297829 0.05846988564978406 0.03844330111055023 0.07706442775814683
0 0.8702232616102978 0.5486931986650962 0.038969996214033284 0.0759641358460936
0 0.228931581019687 0.15798314860620336 0.03888284906612822 0.07732770278759322
0 0.27686912001514385 0.6457161275029446 0.03853127385159009 0.0767679440518257
0 0.07889874457344774 0.15636223154691795 0.03885503584048459 0.07715320278759323
0 0.028831713907117612 0.6440864272673733 0.03936458884401817 0.07964321181782481
0 0.07762124873801111 0.644153777385159 0.03850852473498234 0.07855097840596789
1 0.17837107054517917 0.2557182012171181 0.006079666077738542 0.02473360149195135
1 0.6765663772084806 0.2611034512171182 0.004136301615345823 0.014576568315665462
1 0.9651821070166582 0.34762749617196703 0.006788739020696661 0.023114658225363183
1 0.02792150429076224 0.1570475068708284 0.012304391721352857 0.01779053788771101
1 0.2305352116355376 0.05849664212799371 0.006496462140333163 0.01735595013741658
1 0.7789584260474506 0.7525650142324303 0.004740896516910656 0.013813827051433018
1 0.276401634654215 0.5550920890263055 0.008781788743059035 0.014913976639183306
1 0.02935210562847047 0.261948035335689 0.005972719586067639 0.023929802905378886
1 0.02906997438162544 0.6597485356301531 0.005905987632508834 0.014793270318021159
1 0.4213762474760222 0.7578820983510012 0.003726556032306862 0.013608594817432164
1 0.4731277767541645 0.06771940989399294 0.004653078495709296 0.014860552021986636
1 0.8233149803129732 0.45278594218688656 0.007206485613326562 0.00726674931291714
1 0.5247342784195856 0.655694258017913 0.007637523579266363 0.02227853201909369
1 0.47287026981322566 0.8486837428347075 0.007692070166582608 0.006843350608559105
1 0.5756759471226653 0.2495175163918335 0.006522916456335232 0.011369364546525299
1 0.2241769880111055 0.16102293826069886 0.00880150100959113 0.008612741460541794
1 0.42380911622917716 0.5593517229093051 0.004539768551236786 0.01743711170003909
1 0.7242861689803128 0.9420904382606987 0.0061853601716305 0.011431608755398651
1 0.5755224443462897 0.1706941230859835 0.008722905350832885 0.009514776992540256
1 0.1730962198384654 0.6396534497447978 0.006217959111559804 0.01572156537102476
1 0.9258415319283192 0.9360040543776991 0.006595583291267002 0.017469708284256116
1 0.47018653508329117 0.7511869307027875 0.007065092377587133 0.014116126815861779
1 0.9694819660524988 0.8469885597762072 0.006707445986875321 0.01636838496270116
1 0.07552939878849066 0.06085640930506477 0.004796830893488124 0.019998017667844523
1 0.4769763802372539 0.9362098381429131 0.0054742965673902685 0.021352408519827212
1 0.6778833730439172 0.4527303094817432 0.004657282180716748 0.01903388437377308
1 0.42115375164058555 0.8509277765999215 0.006695525492175694 0.011557285433843685
1 0.227076728293791 0.6501545842167255 0.008049976022210994 0.00882903337259518
1 0.1286220357142857 0.9488362232037689 0.009035585310449281 0.02370564546525343
1 0.9700693389702171 0.561344790439733 0.004586208480565647 0.01038364252061245
1 0.32558454934376574 0.2582499512171182 0.004434132004038307 0.019056634668237087
1 0.819977284199899 0.7491963584609344 0.005678950025239767 0.014416470357283056
1 0.5197174386673397 0.26542786827640363 0.007069413427561853 0.00838160149195133
1 0.326495047955578 0.9452996722614841 0.0035596264512872517 0.01482860993325473
1 0.5247946636799596 0.9389786379073418 0.009850349570923709 0.013360941696112977
1 0.6718016466431095 0.3550941632312524 0.007040321049974705 0.013702525520219912
1 0.025056993816254414 0.5566602223203768 0.007622004290762246 0.011164243227326232
1 0.774682944093892 0.3564901969964664 0.006981915951539516 0.015204725755791088
1 0.7734490739525491 0.4583271098351 0.007556672892478591 0.013974951904201047
1 0.373856835562847 0.5555116393796623 0.006009196113074263 0.020823010993325494
1 0.5742538228167591 0.3569914469964664 0.004319209490156542 0.014815692579505225
1 0.3254483007319536 0.5550265392618767 0.004075634780413903 0.020566277581468263
1 0.7769558128470468 0.16345703896741262 0.00527565345784952 0.018467743816254403
1 0.6743216327612317 0.062011559187279144 0.009572282180716788 0.014620383784844919
1 0.22727797690560322 0.4525388260698861 0.007647478798586554 0.020643784844915566
1 0.4198723787228672 0.4531878930113859 0.007365287985865722 0.024866852375343522
1 0.2786024964664311 0.7389335124656458 0.007850534578495732 0.009176555751864946
1 0.8171521337708227 0.2601073179230467 0.003126323069157065 0.015955368080094245
1 0.17904094623927305 0.9710928588535531 0.0041089202423018785 0.016000383588535567
1 0.7238025418980313 0.07075654377699253 0.008099106007067088 0.01798828661170003
1 0.025929234098939928 0.45137179230467206 0.010294484856133265 0.01561625049077358
1 0.7242534162039375 0.2613439518060463 0.006881860171630397 0.02329756949352182
1 0.17455770873296314 0.7570352814095014 0.008973931347804128 0.01468876187671765
1 0.6726205181726401 0.7441509964664311 0.006980064109035818 0.013464791519434508
1 0.323463528520949 0.7481227915194346 0.008045179202423012 0.009815469179426746
1 0.4745997684250379 0.5432760043188064 0.00454857016658242 0.017688274047899435
1 0.42487411206461384 0.6486649177463683 0.004933754669358897 0.017943034550451407
1 0.87062801930843 0.45063579230467216 0.009438055275113502 0.015861316843345116
1 0.6219038673649672 0.4563496761876718 0.007454254164563219 0.013635551433058364
1 0.028799981322564356 0.0740748109540636 0.005183984856133272 0.01932682096584216
1 0.07753701060070671 0.9472786396741265 0.008669037859666823 0.02498041205339617
1 0.5711060922513882 0.6418084669218688 0.006513206713780814 0.01938659972516691
1 0.721634055779909 0.5466055546721633 0.004864144876325075 0.01777730840204149
1 0.32155594169611307 0.6502795516293679 0.005865905603230662 0.023302302316450745
1 0.07413290850580513 0.5574408562033765 0.004434839222614847 0.02003191146446801
1 0.9221185513629481 0.7517577476442874 0.005207622160524952 0.0184956943462898
1 0.7230182960625947 0.6630227198665096 0.006197128218071615 0.018060371024734876
1 0.725077412039374 0.7517609644680016 0.00460287405350834 0.017875793875147136
1 0.6255469680716809 0.15960598802512757 0.009001975012619871 0.007765840989399302
1 0.4719095253659768 0.45294075912838627 0.007720575719333616 0.014318717314487786
1 0.07912675643614336 0.45643969336474277 0.004858551741544659 0.022657519434628938
1 0.22637122551741545 0.9521696734393402 0.009460981574962116 0.02133301276010988
1 0.12785629265522463 0.45145494277581466 0.00551911585058052 0.023425018256772616
1 0.9228491603987883 0.5486657217314488 0.0072168735487129045 0.0179512420494699
1 0.4272408495709238 0.06143664271692186 0.0058792296819788195 0.02129141813898703
1 0.0765355203180212 0.6486379177463681 0.0053085656234224945 0.01861050137416578
1 0.8726136352852094 0.3644483142913231 0.009252790005047931 0.009717427169218664
1 0.12461393084300859 0.14872768708284256 0.005378397778899543 0.017253106399685914
1 0.6725893897021705 0.6414644497447978 0.010197293286219024 0.009032231252453905
1 0.8209102414184756 0.8379489756576364 0.005390521706208874 0.022178216725559627
1 0.6234474777889956 0.26302691804083234 0.01067697778899545 0.010116167844522985
1 0.722173144876325 0.3642459265802905 0.005047955577990949 0.020551138594424787
1 0.3726519570923776 0.45349114242245764 0.009680941948510885 0.008923682960345698
1 0.525599917844523 0.5551983396152337 0.004769371781928251 0.02267654416961119
1 0.6279485937657748 0.653616535041225 0.0051452152953055065 0.017241802316450595
1 0.9185061909389196 0.1641136059089124 0.004544912417970944 0.021448877699254024
1 0.4758992531549722 0.25346891686297607 0.009206036850075655 0.012055099136238773
1 0.5744248269813226 0.8504883103651354 0.0042926983846541585 0.019797819787985952
1 0.971179328621908 0.16287544169611307 0.009307168096920901 0.014109736945425992
1 0.4242286120646138 0.36182793099725163 0.007171246340232175 0.016798594228504122
1 0.4755791357900051 0.3627333978209658 0.005744807672892449 0.016828061052218235
1 0.8692231547198385 0.06716667648213584 0.006884331650681373 0.01473908519827248
1 0.27789737493690053 0.25611636709854724 0.010838263755678921 0.007987132312524507
1 0.9194320596920749 0.6516276517471535 0.0055326499242805685 0.021833035728307807
1 0.17465545873296315 0.5555778224381626 0.007831939676930867 0.015169443462897527
1 0.775390694093892 0.8498440437769925 0.005250918727915124 0.021086352964271724
1 0.4764796819787986 0.16624950922654103 0.00899167087329634 0.007361601884570085
1 0.28043724091367994 0.4573880932469572 0.009229001261988858 0.017079918727915217
1 0.27385902700656234 0.6618235865724381 0.004717584553255908 0.022299038084020374
1 0.8716257679202423 0.16630522261484096 0.007442558051488999 0.017065644287396924
1 0.3769578202927814 0.06665840989399292 0.006432668349318505 0.01759601884570082
1 0.7722335808934881 0.55046617196702 0.0065171895507319276 0.018644609344326605
1 0.28021436521958604 0.9458916390851984 0.009359255426552185 0.01793894405182566
1 0.36987859666834927 0.7523580971731447 0.00954871277132762 0.007479526109148062
1 0.6752726355376073 0.16124142226148408 0.004199807168096977 0.020445109933254792
1 0.32620341393235736 0.4474808248920298 0.009821844522968196 0.010515382018060421
1 0.7701539690812721 0.6493518513937966 0.0043664687026755186 0.020249968197879928
1 0.07959487518929832 0.2595634014526894 0.009916761484098936 0.021337468786807978
1 0.7264680266279656 0.45173502571652924 0.010340069914184673 0.014276316843345072
1 0.27814837354871275 0.3579168468786808 0.01128275820292777 0.009897558696505696
1 0.22483335537607269 0.3535430962897526 0.011905727410398775 0.011283457989791973
1 0.8701931505552751 0.7475121137612878 0.00652182609793022 0.01839842658029056
1 0.6236716034830894 0.8452260425991361 0.009597731953558812 0.010077950137416636
1 0.02526561395759717 0.7543276309383589 0.010044239020696621 0.012128994110718376
1 0.1764314448510853 0.4612448266588142 0.010905409136799575 0.00875298508048693
1 0.323831297955578 0.36593611464468 0.00983361812216046 0.012876494699646664
1 0.02488724798081777 0.9492636396741263 0.005437518172640082 0.01978347840596781
1 0.12769166973750629 0.6551714355123675 0.004901870015143877 0.022720536906164192
1 0.07908174810701665 0.7552648145857872 0.010312021201413429 0.013321960934432633
1 0.9690497223624431 0.4551923831959167 0.009780413932357337 0.019017471535139364
1 0.7710609607521453 0.25571688427561834 0.006653949268046436 0.01982850078523753
1 0.5743999526754164 0.5519322720848056 0.006235430338213023 0.016325875932469616
1 0.47526351148409895 0.6560373353945819 0.007007050731953411 0.01914833667059273
1 0.9688005903584047 0.6489675344522968 0.00775470015143875 0.017337801138594264
1 0.3769278105754669 0.8492338263643502 0.013118129480060553 0.010037451315272783
1 0.17805107193336694 0.3563432307616804 0.004826679959616368 0.024087193757361555
1 0.32385790005047954 0.05812598154691795 0.008833922261484111 0.010122202591283849
1 0.030169760474507826 0.35668724440518257 0.00828247905098436 0.019543511189634908
1 0.1285694114083796 0.7456571469375737 0.007878845027763731 0.019041026109147867
1 0.22352486786976275 0.851940910482921 0.007581763503281178 0.021800354142127984
1 0.8700463963907117 0.6541279349234392 0.008708317768803653 0.013765135257165223
1 0.9206697985865726 0.363204830879466 0.009998111055022563 0.009137059874362011
1 0.8700976533316506 0.2569850513349038 0.004504339979808134 0.023426834903808428
1 0.5257691650681473 0.3580184973498233 0.006008363452801696 0.01950972693364742
1 0.3749836973750631 0.2565709008637613 0.009749919737506321 0.018733934432665873
1 0.5260496595153963 0.06761285954063603 0.010179832912670252 0.009552451315272874
1 0.8196803671125693 0.9470785389674125 0.010058750883392316 0.011270876521397551
1 0.13159151350328116 0.36194586405575185 0.012877043664815752 0.011654993521790225
1 0.2727791457597173 0.8522324436592069 0.010663313730439127 0.015696086376128723
1 0.5760200700403837 0.06715261012956418 0.006150167844522919 0.0215153529642717
1 0.8703071450025239 0.9525912729681979 0.009764306663301373 0.01251474499411071
1 0.42606497110045427 0.16227198861405576 0.009177478293791046 0.014703176285826439
1 0.5260246511862695 0.4481831584216725 0.012122832912670337 0.012791515901060091
1 0.6719302120141342 0.5507398409893993 0.00899167087329624 0.01625687082842554
1 0.37745143488137306 0.9465751059089125 0.011439886420999506 0.018412410875539464
1 0.675896129984856 0.8537730609540635 0.007054282180716699 0.023043787789556326
1 0.8214758960121151 0.6524219670200235 0.008676173649671881 0.015950137416568526
1 0.12568054404341242 0.25786266745190417 0.011448099192327098 0.013696533961523321
1 0.6223051145885916 0.06277160954063604 0.006967256940938934 0.019234951315272864
1 0.9634967299343766 0.057318475068708276 0.012052476527006408 0.013577616018845703
1 0.07583813490661281 0.35811833029053786 0.01238228647147906 0.011334992343933968
1 0.8219367317011611 0.16006307155477031 0.009962982836950931 0.012372875343541428
1 0.5239709178445229 0.15764208814291322 0.009289360676425978 0.015987908519827242
1 0.575318113074205 0.7525684283470749 0.008851773851590089 0.020547143305850092
1 0.42634384540636044 0.958255024146054 0.01051271302372534 0.017750846878680646
1 0.5220974289500252 0.8494727102473497 0.007988382887430744 0.019375152728700443
1 0.8218399858657243 0.3558984973498233 0.0073169994952045105 0.022522793286219013
1 0.3230971722614841 0.15935533814291322 0.012248361181221615 0.00949407440125638
1 0.9702936306158506 0.9454858363761289 0.011321738768298976 0.02051132724774243
1 0.5765711761736497 0.45764625049077345 0.008202927814235242 0.015336670592854299
1 0.12646792251388186 0.8472085769532783 0.007349364462392722 0.023289952493129127
1 0.8716731436143361 0.8396016587161366 0.007032309439676965 0.015192049666274026
1 0.12746978293791011 0.5598452063211621 0.012917576981322577 0.017677078523753366
1 0.2780342992175669 0.1642592534354142 0.010258401564866203 0.014423493129171572
1 0.919462682609793 0.8440232594228503 0.007364387430590723 0.017391251079701554
1 0.3762488202927814 0.6562377021005104 0.009112657243816257 0.018134136435021573
1 0.9216462645128722 0.4525851491951315 0.010569156991418334 0.01012220259128386
1 0.031206961887935387 0.8507945271888495 0.008888448763250881 0.02102578661170007
1 0.17790668791014638 0.16579257214369844 0.011425392478546164 0.01072934334511191
1 0.7221741689803128 0.8481734928347074 0.011671349066128198 0.009704251079701482
1 0.42295447942958103 0.26031311768747545 0.012874483846542058 0.009409100314095031
1 0.9197385471983848 0.25928361768747543 0.011860613831398175 0.01269503396152337
1 0.07691305779909136 0.1711691207302709 0.00964388440181727 0.018427758539458203
1 0.9690497223624431 0.2564291323125245 0.00883392226148406 0.015336670592854299
1 0.37930653710247353 0.36516612681586175 0.011515648662291765 0.013803003533568928
1 0.22891109149419486 0.7490017642324303 0.008167216304896486 0.02216726069886141
1 0.6737375098435133 0.9535801734393404 0.00979403634528018 0.015444678641539075
1 0.5772875547703179 0.9498170893207695 0.011502628975265087 0.010701510404397237
1 0.226713728293791 0.25961268462897524 0.008775976022211017 0.0181715683156655
1 0.17462771327612317 0.8517986847271298 0.010726905603230691 0.01410973694542604
1 0.8124610205704189 0.06691317648213584 0.011246560575466852 0.015246085198272467
1 0.9690639549469966 0.7457836297605025 0.012275926552246321 0.010199524931291688
1 0.7216998990408884 0.1647158421672556 0.012304391721352812 0.012269336474283483
1 0.7702545781171125 0.9483029892029837 0.012368178445229663 0.013116243816254425
1 0.07563663213023725 0.8524923601295641 0.014362778142352348 0.011495452493129122
1 0.3227078007319535 0.8469322428347075 0.01144961812216054 0.013413684727130004
1 0.1302672690560323 0.06675012671770711 0.012370560323069135 0.02047991931684333
1 0.2735360928823826 0.06502748331370238 0.011988894497728454 0.014109736945425992
1 0.6240447208480564 0.9471380057911266 0.012637463907117612 0.011765409697683655
1 0.37453607029278135 0.16456320543776995 0.012538157243816274 0.011347676285826447
1 0.17825593134780413 0.059352915194346274 0.007256436143361913 0.011962603062426382
1 0.22195229681978798 0.5502797408716137 0.0034704694598687524 0.006748135060855907
1 0.5112884112455051 0.6697137998982965 0.007151029748283731 0.009336066615814924
