0 0.52734375 0.9392981150793651 0.04001913265306121 0.078125
0 0.47571976020408163 0.35287418849206353 0.03881196938775524 0.07777218650793645
0 0.42604989285714284 0.35221963888888885 0.04087529591836742 0.07770316666666661
0 0.029420116102978292 0.9387576069886139 0.038332912670368494 0.07637661955241468
0 0.5752475663265305 0.2552992638888889 0.038569112244898 0.07855487698412693
0 0.028647585436648155 0.6453790439733019 0.038365337455830394 0.07670724381625454
0 0.6749743673469387 0.7427680079365079 0.04127526530612247 0.0787899841269842
0 0.7238520408163265 0.5472780257936508 0.03985969387755099 0.0790550595238095
0 0.07598393563856638 0.25207097133883 0.04111642958101969 0.08171887396937573
0 0.7724739591836733 0.25563092063492066 0.03955463265306116 0.08013200793650793
0 0.1759917428066633 0.25256490498625833 0.039864066128218086 0.07889060620337648
0 0.37555803571428564 0.25461929563492064 0.04001913265306121 0.08091517857142855
0 0.4763794795918367 0.5480709484126984 0.040131408163265395 0.08064090476190472
0 0.22673909490156488 0.3509696063996859 0.040807821302372614 0.07804345308205739
0 0.9201027551020406 0.2545788432539682 0.039503979591836776 0.07897415476190463
0 0.5262020510204081 0.7429615277777777 0.04156226530612242 0.07793694444444445
0 0.7239317602040816 0.44915674603174605 0.04033801020408165 0.07874503968253958
0 0.7242133775510203 0.8398491329365078 0.03898797959183672 0.07825977380952379
0 0.3264119081632653 0.2548421329365079 0.04089779591836741 0.0795007341269841
0 0.5263871173469387 0.5482080853174602 0.039381377551020336 0.07967509920634915
0 0.227176600454316 0.5466498479583823 0.040736340737001546 0.08107943678837849
0 0.6742717959183673 0.44978364285714273 0.039870122448979625 0.07689863492063478
0 0.7244100765306121 0.741970486111111 0.03970025510204077 0.07657490079365074
0 0.028926586824835936 0.7435627068119355 0.037976848561332655 0.07615171908127207
0 0.7727997448979591 0.4494667658730158 0.039221938775510216 0.07688492063492061
0 0.22741446781928318 0.4490246857086768 0.04089657824331146 0.07845769493521788
0 0.5252840816326532 0.2558305436507936 0.03940744897959192 0.07961743650793636
0 0.5254304846938775 0.4499317956349206 0.04033801020408165 0.07781498015873013
0 0.7716039540816325 0.05837673611111116 0.03970025510204077 0.07843501984126981
0 0.22801608796062595 0.7425488898704358 0.0411533268551237 0.07964528661170019
0 0.42490433673469385 0.25492931547619047 0.040178571428571425 0.08215525793650798
0 0.12815703495709235 0.7424989899882214 0.04082946617869764 0.07954548684727136
0 0.5762119132653061 0.7426715079365078 0.03954117346938781 0.07859698412698406
0 0.17782256423523474 0.7423860231645073 0.0404634020696618 0.08054648684727134
0 0.47655994897959175 0.25514989285714285 0.041130102040816345 0.07949621428571427
0 0.37571747448979587 0.35227554563492064 0.03938137755102043 0.07657490079365074
0 0.426578443877551 0.5472780257936507 0.041294642857142856 0.07843501984126987
0 0.27643500959111555 0.15589301472320377 0.04144901968702678 0.07805516961130744
0 0.7231910612244897 0.2542447837301587 0.03949436734693888 0.07954611507936496
0 0.8725088469387754 0.35208342857142855 0.04029830612244913 0.07681070634920628
0 0.32548503886925795 0.15720994837063212 0.0398519555779909 0.07762170278759324
0 0.4752072704081632 0.4496217757936507 0.03906249999999995 0.07595486111111106
0 0.9691807653061224 0.2529920138888889 0.03912683673469408 0.07890069444444438
0 0.5252617788995457 0.05737973576756969 0.040301447753659805 0.07672452846486062
0 0.5253028773346794 0.15674077345897133 0.04006814740030283 0.07913722025912838
0 0.7720822704081631 0.35150049603174605 0.03938137755102043 0.07626488095238093
0 0.47629988775510196 0.6471242222222222 0.039972224489796 0.07723455555555563
0 0.12565084061080267 0.25236238839811537 0.04179523952549214 0.08113603985080488
0 0.12765353356890458 0.6456408609148017 0.04139994952044422 0.07907127817039653
0 0.5750746887755102 0.3538400376984127 0.03981774489795933 0.07846380555555552
0 0.9710460510204082 0.9345608988095238 0.03934975510204087 0.07857120238095226
0 0.823073831632653 0.5471364484126984 0.040918071428571574 0.07939194444444443
0 0.9703883673469387 0.7398363888888888 0.03835326530612276 0.0803672222222223
0 0.4260723979591836 0.4510242738095238 0.041239183673469425 0.07751977777777776
0 0.9199617346938773 0.15680803571428575 0.039221938775510216 0.07688492063492061
0 0.8715720663265305 0.4482266865079365 0.0390625 0.07688492063492057
0 0.3767538265306122 0.741815476190476 0.039221938775510216 0.07688492063492061
0 0.8215880102040816 0.1555679563492064 0.03954081632653055 0.078125
0 0.02808959376577485 0.5468694148998822 0.03914233745583037 0.0778377697290931
0 0.8215880102040816 0.058686755952381 0.03985969387755099 0.07719494047619047
0 0.1289594901564866 0.9389109736945426 0.04085689045936397 0.07791028661169995
0 0.9204400510204082 0.35072544642857145 0.039540816326530656 0.07781498015873013
0 0.07642651123170116 0.35136177287004317 0.04085150807672893 0.07882778602277193
0 0.7237606224489795 0.9370217281746029 0.03935797959183682 0.07977262301587275
0 0.22626247614840989 0.25383036003140946 0.0408010754669359 0.08068781075775423
0 0.17659957092377587 0.3516698566941499 0.039910398788490654 0.07760355319984298
0 0.3770422091836734 0.450689132936508 0.03947982653061227 0.0774695357142857
0 0.1274191564866229 0.547086198076168 0.04061569813225642 0.07949826972909295
0 0.37699186224489795 0.6450046329365079 0.040335765306122436 0.07733565476190475
0 0.12746040648662293 0.44913543570867687 0.04069819813225645 0.07929266175893214
0 0.625710137755102 0.7420767182539683 0.040961091836734805 0.07864748412698416
0 0.8714543418367345 0.25418754365079366 0.04010256122448987 0.08129175396825393
0 0.921960887755102 0.7398858988095238 0.0397125918367348 0.07984620238095244
0 0.17581082786471477 0.15658740675304278 0.03959490156486622 0.07576315272870042
0 0.9688304234693877 0.059186123015873025 0.037469520408163655 0.07633355555555546
0 0.22566135461887932 0.05865225176678443 0.04180731297324584 0.08110996093443261
0 0.9214764030612244 0.4482266865079365 0.0390625 0.07688492063492057
0 0.27675950820292783 0.25359231026698076 0.04052053079252903 0.07898477758146841
0 0.9692612959183674 0.1560437281746032 0.03801238775510224 0.07597634523809518
0 0.4248170116102978 0.05735914801727522 0.04133013629480057 0.07913722025912838
0 0.969547193877551 0.3499503968253968 0.03858418367346945 0.078125
0 0.7720822704081631 0.15618799603174607 0.03842474489795913 0.07626488095238095
0 0.6751508367346937 0.5490004781746032 0.03971493877551018 0.07877972619047617
0 0.9212610408163263 0.5462098194444444 0.04022616326530622 0.08001884523809513
0 0.9697066326530611 0.6429191468253967 0.03826530612244901 0.07750496031746025
0 0.3257216576224129 0.05823428553199841 0.03969419863705202 0.0778201611700039
0 0.2777578714033317 0.7411300557518649 0.04062427385159013 0.07864801884570087
0 0.17741793715295306 0.4494050524146055 0.04060063957597174 0.07860496152336093
0 0.4270924387755102 0.7430445277777776 0.041047122448979574 0.07810294444444446
0 0.5767697704081631 0.9379030257936508 0.0390625 0.07843501984126987
0 0.3269342193877551 0.7439197777777776 0.03971027551020414 0.07923340476190471
0 0.1269974092629985 0.05675195200235571 0.041034192579505316 0.07976322870043187
0 0.374574078748107 0.05843271495877502 0.04022589601211511 0.07760355319984294
0 0.026373529278142346 0.25174047133883 0.039378130742049475 0.08115294032194735
0 0.1262454148157496 0.15723629848841772 0.04142318702675415 0.07706093619945031
0 0.6735491071428571 0.05760168650793656 0.03970025510204077 0.07750496031746029
0 0.4772002551020408 0.9385230654761906 0.03858418367346945 0.07781498015873013
0 0.17923980312973248 0.9394220484884176 0.03982741039878852 0.07954590302316471
0 0.6249266683673468 0.15610586904761906 0.03971303061224489 0.07796074603174596
0 0.8717315051020407 0.5463479662698412 0.039381377551020336 0.07781498015873013
0 0.970473836734694 0.836876244047619 0.038205326530612434 0.07665427380952394
0 0.921875 0.6430741567460316 0.04017857142857153 0.07843501984126977
0 0.6246162244897959 0.3530064781746032 0.04036765306122457 0.07989688492063488
0 0.7224968112244896 0.1571180555555556 0.038743622448979664 0.078125
0 0.576295474489796 0.4497101329365079 0.04034605102040832 0.07861173412698402
0 0.6253449438775509 0.4495431428571428 0.03991182653061226 0.07579759523809516
0 0.026817264008076727 0.35059628975265017 0.039437152953054014 0.07975068708284253
0 0.1261988894497728 0.3513631232822929 0.04133013629480059 0.08005742049469959
0 0.527267275510204 0.8409271626984126 0.040503938775510305 0.07793567460317459
0 0.7224170918367346 0.3538256448412698 0.03922193877551012 0.07471478174603173
0 0.17784193298838966 0.6459846440910876 0.04018664235234726 0.0779184440518257
0 0.8728664081632652 0.6436330833333332 0.04005679591836742 0.07707271428571418
0 0.12883515232205955 0.8405203358853552 0.040923712014134264 0.07866532822928936
0 0.9702872091836734 0.5454763591269841 0.038469826530612344 0.07979200396825398
0 0.3284930765306122 0.9389267678571427 0.040595846938775534 0.07986246428571439
0 0.6255166071428571 0.549015007936508 0.04025515306122449 0.07942882539682561
0 0.5266262755102039 0.6461743551587301 0.039221938775510216 0.07719494047619048
0 0.6740191122448979 0.15702266865079367 0.040002510204081736 0.07979434523809516
0 0.7242484081632653 0.6448441329365079 0.03905804081632667 0.0757745753968254
0 0.47527962115093386 0.15692154789948962 0.03908776325088341 0.07643143502159404
0 0.574533189424533 0.057838485767569676 0.039462643361938325 0.07764202846486061
0 0.027674843765774858 0.44844683559089127 0.03862833467945482 0.07914239517078916
0 0.773441137755102 0.6447261031746031 0.03954809183673475 0.07739863492063491
0 0.2260004844775366 0.15690709825284646 0.04059258934881374 0.0788564030231645
0 0.9697066326530611 0.4477616567460317 0.03890306122448968 0.07595486111111106
0 0.8726196887755102 0.7401083888888887 0.04020111224489824 0.08091122222222236
0 0.37651123469387754 0.5488365575396826 0.04160665306122446 0.07659176587301599
0 0.8711724999999999 0.0583493531746032 0.03922000000000015 0.07900029365079358
0 0.07635225984351338 0.15626634825284647 0.04101850252397779 0.07696143619945031
0 0.9212148826530612 0.9351978888888889 0.03822058163265335 0.07984518253968255
0 0.5253507653061225 0.353515625 0.0408163265306122 0.07843501984126981
0 0.42578124999999994 0.6458643353174602 0.04001913265306121 0.07719494047619038
0 0.4248958859162039 0.15827444051825676 0.04054139323573952 0.07729681978798587
0 0.3775510204081632 0.9388330853174602 0.04081632653061225 0.07719494047619038
0 0.8724489795918366 0.9346478174603174 0.039540816326530656 0.07936507936507947
0 0.625562887755102 0.9386905178571427 0.040985469387755255 0.07938996428571442
0 0.3267765663265306 0.5492575873015872 0.041308234693877566 0.07743382539682543
0 0.7732780612244896 0.9354228670634921 0.03985969387755109 0.07905505952380941
0 0.4271565 0.8409120833333333 0.04149412244897965 0.0803856746031748
0 0.7731983418367346 0.5474330357142857 0.040975765306122416 0.08060515873015875
0 0.822271301020408 0.25387149404761905 0.04026964285714273 0.07755945634920626
0 0.3755778153710247 0.15850438201806044 0.039709391468955094 0.07714323596387906
0 0.2789539915446743 0.9395053150765607 0.04017703912165571 0.07909896937573634
0 0.02716834931852599 0.15579286484098942 0.03887733467945482 0.07785486984687871
0 0.7228156887755101 0.05791170634920639 0.03938137755102043 0.07688492063492061
0 0.9216739795918365 0.8372200238095237 0.040095408163265386 0.07920195238095247
0 0.27734874432104994 0.5485303485473106 0.040752511357900034 0.07809230290537893
0 0.773709387755102 0.7429132876984125 0.04072234693877559 0.07722042460317456
0 0.07658695103483089 0.44737068119356094 0.041172387682988386 0.08067088731841378
0 0.8236040867346939 0.6446555932539682 0.04006531632653077 0.0778776547619049
0 0.22841109073700144 0.9387689483706322 0.04162783518425027 0.07946663643502165
0 0.07595595658758203 0.05643894778170397 0.040856890459363956 0.07791028661170003
0 0.6736196428571428 0.2563161527777778 0.04047908163265319 0.07996861507936508
0 0.32706513265306125 0.4495604126984127 0.03997210204081638 0.07645217460317452
0 0.32621173469387754 0.3519655257936508 0.040178571428571425 0.07843501984126981
0 0.8709343112244896 0.154327876984127 0.03874362244897956 0.07688492063492061
0 0.6748630561224489 0.8397548432539681 0.039139377551020565 0.07683111507936512
0 0.6257696683673468 0.6455711626984126 0.041080153061224575 0.07784867460317467
0 0.8224714540816327 0.4489705833333334 0.04098882653061244 0.0783727142857144
0 0.4768010459183673 0.741947978174603 0.03906127551020414 0.07714992460317462
0 0.6749576479591838 0.6455051527777778 0.039966316326530714 0.07833669444444445
0 0.5764165969387756 0.5483190079365079 0.04026941836734709 0.0805169841269841
0 0.822398551020408 0.3521094384920635 0.039886387755102046 0.07686272619047615
0 0.27786074293286217 0.6467041778563014 0.04019902246340235 0.07629017746368275
0 0.029294831272084806 0.8414984194149979 0.03839784023220595 0.07755416117000388
0 0.07964499179707217 0.9395875153121318 0.04003203306410904 0.07742296937573614
0 0.32818941836734694 0.841272123015873 0.03998853061224499 0.07862559523809527
0 0.1788258072942958 0.8407933524734981 0.03963041317516409 0.07982482822928944
0 0.07884699734982333 0.8412580692972124 0.04096002195860677 0.07768692775814696
0 0.07807812859666835 0.7423795231645072 0.04131526779404341 0.07869308637612882
0 0.4772351428571428 0.8415991924603173 0.03929171428571426 0.07741961507936512
0 0.6738679846938774 0.35258556547619047 0.03970025510204087 0.0759548611111111
0 0.07693438414941949 0.5471934148998822 0.04092076224129227 0.07909923655280722
0 0.17715169106511863 0.5475191401648998 0.04006814740030288 0.07852375343541418
0 0.32766219387755097 0.6461466825396825 0.03989071428571432 0.07775963492063484
0 0.07715000984351338 0.6456681109148017 0.041667510853104495 0.07912577817039669
0 0.8732675051020408 0.8376335337301586 0.04085898979591848 0.07940893253968252
0 0.27677900126198884 0.057806068708284246 0.04087501413427554 0.08003106164114641
0 0.6255580357142857 0.8399367559523808 0.04033801020408165 0.07843501984126987
0 0.5744415699141847 0.1562806733411857 0.03896390711761737 0.07821702002355714
0 0.2774445012619889 0.4487021691205339 0.0422060141342756 0.077812661758932
0 0.027134966683493186 0.05691280212014134 0.038179574962140334 0.0764041279937181
0 0.9199343163265304 0.05835457341269845 0.03980485714285708 0.07715061507936503
0 0.47489462392730936 0.05756391882606987 0.03863326602725893 0.08016022870043187
0 0.8235778061224489 0.7408609186507936 0.0409693877551021 0.08055616269841279
0 0.7737389795918367 0.839043613095238 0.040781530612245015 0.07726877380952382
0 0.4278650051020408 0.9395690476190476 0.04067898979591839 0.07928690476190464
0 0.6748246173469387 0.937437996031746 0.04001913265306121 0.07936507936507928
0 0.8231594285714285 0.934756619047619 0.04140814285714295 0.080822761904762
0 0.2273885907370015 0.6463338277385158 0.04052932685512369 0.0780033445229682
0 0.6243728163265305 0.2563199226190476 0.0401997142857143 0.07811603571428567
0 0.17569182117617363 0.05782581870828425 0.03967238541140838 0.07823016117000392
0 0.27700656234225135 0.35212995681193565 0.04006814740030288 0.07729681978798587
0 0.3768168622448979 0.841305113095238 0.04062352040816337 0.07993165476190484
0 0.8235012755102039 0.8382316468253967 0.04049744897959176 0.078125
0 0.5759913724489795 0.6455066230158729 0.04005672448979587 0.07833963492063499
0 0.2282622412922766 0.839682714958775 0.040699141847551724 0.07883048684727129
0 0.27792412556789503 0.8388181682371415 0.040325787733467976 0.078328327051433
0 0.5770468520408162 0.8407221527777776 0.03929778571428579 0.0781456944444445
0 0.6239636479591836 0.05806671626984131 0.03938137755102043 0.07719494047619047
1 0.22636925795053006 0.5513533078131135 0.007887430590610808 0.03650127601099336
1 0.029842722993437657 0.44559209148017276 0.0046759876325088365 0.008158180604632815
1 0.6276591326530611 0.5464020436507937 0.006799081632653119 0.007022301587301586
1 0.4797950306122449 0.9351842063492063 0.007246673469387689 0.010707976190476228
1 0.37597939795918367 0.7411892559523809 0.005694265306122353 0.008692916666666543
1 0.029977468828874303 0.8439577588339223 0.008507959868753159 0.0070933162544168675
1 0.8252662244897958 0.8332622420634921 0.005398673469387712 0.014279087301587248
1 0.0822217439424533 0.3487118954652532 0.007187001766784462 0.008063056340793098
1 0.42997886224489795 0.7260856805555556 0.007389214285714221 0.007278043650793542
1 0.9202347959183673 0.8305619424603173 0.0058314285714284805 0.007278892857142733
1 0.5697743478041393 0.14537525284648606 0.005075231701161036 0.009848237926972894
1 0.9635157551020407 0.05150176190476192 0.011425122448979558 0.021500444444444492
1 0.6761587857142857 0.5238964523809524 0.008014061224489666 0.008010666666666487
1 0.6265937397959184 0.3365181388888889 0.004146704081632484 0.016943880952381
1 0.029257981322564356 0.552410155378877 0.0036369904088844013 0.008008507459756625
1 0.07255415850580516 0.15172572025912837 0.004752864209994938 0.005735838633686713
1 0.6221097602040816 0.2493147123015873 0.0070559897959183455 0.006578908730158773
1 0.22748735121150934 0.8268966735374951 0.00596674129227657 0.010542145661562566
1 0.32880592857142854 0.5486182857142856 0.007885591836734663 0.010030293650793689
1 0.9663274795918364 0.4435449623015873 0.00612055102040817 0.01184360714285705
1 0.27723239020696616 0.44071410747938744 0.0036498081776880804 0.012392947192775752
1 0.03214146327612317 0.7366198619945032 0.007019445986875317 0.011963456223007441
1 0.22827647274103988 0.6399337163329407 0.007227973245835452 0.009639830781311353
1 0.1310059016910651 0.7468304798782882 0.007738322816759232 0.00933275834314874
1 0.5778600204081632 0.7365810674603175 0.007864142857142806 0.009228738095237905
1 0.472948443877551 0.4475278015873016 0.00977913265306114 0.006358087301587131
1 0.3730215714285714 0.44293051190476185 0.004594612244897941 0.01741278571428564
1 0.27866362771327613 0.7352673116411463 0.008043769308430017 0.009147355516293703
1 0.18415341431095406 0.9457307386140554 0.01060533695103482 0.009058742638398145
1 0.2274586025996971 0.938789621319199 0.006024238515901052 0.015579375343541417
1 0.7751987704081632 0.8264232837301586 0.0031738877551018975 0.016176249999999903
1 0.27522376451287234 0.3521151626423243 0.008613551236749015 0.008004657047506846
1 0.22605376072690558 0.14845897133883 0.008202927814235242 0.007975068708284263
1 0.4730425212014134 0.045535906949352174 0.005770081272084784 0.01444447978013348
1 0.6715674846938775 0.6308562738095238 0.006035948979591816 0.01606523015873012
1 0.028401847299343766 0.9375438879073421 0.011659202927814237 0.01623044169611296
1 0.12883578432609794 0.3509176626423242 0.008923585310449258 0.011013123871221046
1 0.5240784234693876 0.6326005833333332 0.004139071428571433 0.01567680952380949
1 0.3296152142857143 0.8300253035714285 0.008818040816326546 0.012692448412698454
1 0.32682119897959183 0.3474002063492063 0.003883112244897851 0.016881134920634956
1 0.42345195918367345 0.44070946230158725 0.0038613877551019827 0.018134646825396818
1 0.7271970561224489 0.6420763015873016 0.009253846938775569 0.008506126984126894
1 0.37548039795918364 0.9283105476190476 0.007967775510203978 0.00833426190476199
1 0.6260947704081632 0.7316999781746032 0.003869132653061261 0.015890718253968237
1 0.02818673132256436 0.24480253239104824 0.006094987632508831 0.011597330192383194
1 0.1274575384906613 0.44458389124460146 0.010733585310449253 0.009561114252061199
1 0.17800731776880363 0.3487651122889674 0.010277641090358383 0.009183556340793054
1 0.3749504897959184 0.639679992063492 0.008389836734693797 0.012678706349206276
1 0.8241134081632652 0.2349760853174603 0.005472163265306002 0.01603493253968264
1 0.1779526948510853 0.25618320062819006 0.007862909136799573 0.015215067137809166
1 0.8729930408163264 0.43629462301587296 0.005608306122448831 0.019523849206349097
1 0.17778056915699142 0.4489049084216725 0.007576166077738503 0.009507615429917552
1 0.37526032862190817 0.05344960836277973 0.006988176678445259 0.014567214369846876
1 0.13025703016153456 0.5399886867883785 0.007974076981322575 0.009539705339615246
1 0.17977218374558304 0.8465697925991361 0.010533875820292795 0.009844317432273245
1 0.17702782193336697 0.6416252163329406 0.009397157748611816 0.007483764428739745
1 0.8707877806122447 0.5366548273809524 0.004279030612244839 0.01969629761904754
1 0.08024899810701665 0.06422159236356498 0.008924012872286724 0.00958685060855909
1 0.22522961786976273 0.43952554053788767 0.005118755174154493 0.009248879662347874
1 0.7264849591836734 0.43594601388888893 0.009402530612244877 0.014020670634920653
1 0.07833963213023724 0.6442958668040831 0.00832578369510349 0.013184866313309741
1 0.1345215190560323 0.948740689438555 0.0044930547703180375 0.018375511582253798
1 0.13074252460878344 0.05439657459756575 0.010789054770317996 0.010832881429132314
1 0.6273349642857143 0.9199555496031746 0.006171908163265271 0.014503583333333125
1 0.4719355969387755 0.24547464285714285 0.008934928571428559 0.00991876984126991
1 0.9187139744897957 0.05300929166666668 0.0075975612244895225 0.01414510714285719
1 0.12862528293791015 0.1461312866117 0.009344588086824805 0.016311239104829234
1 0.5747704132653061 0.33536900000000003 0.007984683673469358 0.012421722222222265
1 0.2806273763250883 0.6449908673930113 0.004116272084805672 0.018543000196309337
1 0.4283979795918367 0.25174170039682536 0.005130061224489779 0.016605884920634997
1 0.8733650765306122 0.6410533115079364 0.0074152551020406215 0.01303226587301598
1 0.48174876020408164 0.6410805813492062 0.007484622448979548 0.014837845238095405
1 0.9743694132653061 0.24633510119047622 0.004705051020407934 0.011298051587301572
1 0.9683514030612244 0.34793526785714285 0.007493622448979766 0.013950892857142842
1 0.47278344387755095 0.34702814682539684 0.009152500000000023 0.010804817460317473
1 0.8676357397959182 0.9196307896825395 0.008032091836734674 0.016393182539682704
1 0.6695414846938775 0.34592435714285713 0.011044581632653002 0.009912198412698438
1 0.7289222499999999 0.929556507936508 0.009629989795918448 0.010802658730158793
1 0.22669135676426047 0.24676556615626224 0.0072432329631499665 0.01564633137023947
1 0.2741150186774356 0.2454330323910483 0.009569054013124655 0.00972286336866901
1 0.6803239540816327 0.8360595813492063 0.004785765306122361 0.013644726190475964
1 0.6727368979591836 0.24519846230158732 0.004972632653061128 0.01791160714285716
1 0.6759047602040816 0.05135926190476192 0.00979762244897943 0.018685246031746088
1 0.029077105628470473 0.6345593993914408 0.00589172513881877 0.020388464664311
1 0.32847161734693875 0.24977829166666665 0.008554214285714222 0.012472186507936564
1 0.8234025612244897 0.3372509583333333 0.005299469387754994 0.021058599206349202
1 0.5785872091836735 0.9296990873015873 0.0073663979591836026 0.014237738095238069
1 0.1281214100201918 0.8406832920102081 0.010983328369510329 0.011801849430702838
1 0.33257078571428567 0.7387040158730159 0.005139040816326558 0.0192437539682539
1 0.9705023673469386 0.639147861111111 0.005742714285714458 0.021803484126984074
1 0.6262665255102039 0.6419175912698412 0.007989908163265369 0.013163825396825441
1 0.773160306122449 0.9419699146825395 0.011077346938775483 0.010777432539682625
1 0.824718387755102 0.6338248134920634 0.01063975510204094 0.011368230158730045
1 0.5268912499999999 0.2448789424603175 0.00552872448979593 0.01855064682539684
1 0.5241149285714286 0.7389124662698412 0.00789259183673455 0.01448657539682537
1 0.726698581632653 0.3399069682539682 0.006743142857142764 0.014506500000000026
1 0.27758750618374556 0.1488068535531998 0.008303029025744582 0.009733171574401294
1 0.37585708673469387 0.5378889484126984 0.009127663265306092 0.011027658730158763
1 0.9208238265306121 0.6334896329365078 0.0072043877551018504 0.020719146825396783
1 0.8697522806122449 0.15580910515873017 0.0060311530612243095 0.01873893253968258
1 0.7282105561224489 0.05558711111111113 0.00690796938775508 0.015809904761904813
1 0.6234489489795917 0.05768896031746035 0.006928632653061279 0.01842664285714289
1 0.07918980312973246 0.4479841480172752 0.008518425037859663 0.014416470357283056
1 0.28069361799596154 0.5512456885551629 0.007454258202927834 0.014631708873184162
1 0.1258265426552246 0.2288083469768355 0.010840604745078255 0.01291235983510017
1 0.2734267770065623 0.049791724479780135 0.004951090106007072 0.018815648017275224
1 0.3300756224489796 0.9424218035714287 0.007578346938775431 0.020414329365079413
1 0.9204905204081633 0.7380651468253967 0.010103142857142545 0.0137010555555556
1 0.5271317838213023 0.0503394413034943 0.006753595406360497 0.019560614840989397
1 0.6251606122448979 0.8203234543650793 0.005099693877550899 0.019695353174603112
1 0.5739095663265306 0.5427445158730158 0.0077931122448979245 0.02115779365079352
1 0.08367586408379606 0.841194825775422 0.004594258707723371 0.019367317432273167
1 0.42570910928823824 0.1483257872006282 0.004525749116607766 0.018056906164114653
1 0.5224005504795557 0.148527070376914 0.010537112064613803 0.01704087298782881
1 0.573985693877551 0.24805097222222222 0.010191877551020362 0.007866309523809623
1 0.4334518469387755 0.8343520515873015 0.008415183673469427 0.01767982539682538
1 0.9207006122448977 0.9246384682539681 0.00904520408163287 0.018158579365079634
1 0.9233296836734692 0.4346320039682539 0.007932469387755044 0.0160286507936508
1 0.9242936581632651 0.14937756746031747 0.010149928571428494 0.011140698412698465
1 0.6238871734693877 0.44264750198412695 0.008603204081632551 0.01859884523809521
1 0.9705212142857144 0.15375644642857145 0.008893795918367127 0.011683535714285757
1 0.3713733163265306 0.24446915277777778 0.007572244897959125 0.016890067460317452
1 0.0798268765774861 0.24152688250883395 0.007559775365976774 0.023056364546525276
1 0.8740012091836734 0.04180717460317463 0.01060727551020396 0.012367793650793706
1 0.42701891326530605 0.6403066309523809 0.006931561224489816 0.02010598412698409
1 0.2247141123170116 0.057899792010208076 0.009304738515901028 0.016095783078131136
1 0.773218831632653 0.6422172103174603 0.007452642857142726 0.020005063492063435
1 0.03411670633518425 0.15976973861405577 0.004961943210499742 0.018480742638398086
1 0.13485113919737504 0.6339622826855122 0.005095803382130245 0.02096923125245394
1 0.17751468929833414 0.1526316373184138 0.012209389702170625 0.012512540047114242
1 0.7739091122448979 0.34846096626984124 0.00607208163265288 0.01599969444444454
1 0.5736668297576981 0.0546327582449941 0.00643968727915194 0.0177221160188457
1 0.5309967397959184 0.5406146071428571 0.008797336734693824 0.013636857142857117
1 0.4735272698132256 0.146080070376914 0.0076400590610802505 0.022548339811543014
1 0.7251039183673469 0.7325833174603175 0.005149306122448901 0.02032443650793642
1 0.026590239651691064 0.06437477659992147 0.004871009843513369 0.022163285433843726
1 0.43023864795918365 0.5435341964285715 0.008464030612244905 0.01523815476190461
1 0.3253481625441696 0.15031207037691402 0.011847844522968134 0.010403538869257946
1 0.4784699132653062 0.5384610277777777 0.010215785714285528 0.013603738095238072
1 0.8711048775510204 0.23661802380952382 0.00619585714285701 0.02267169047619053
1 0.3775790051020408 0.34781943650793645 0.012061377551020413 0.017282753968253996
1 0.23087546718828875 0.7432676801138594 0.004553962140333161 0.023206492932862092
1 0.8228632791999593 0.5335146956022642 0.011068952822026594 0.015230237501484308
1 0.7257621122448978 0.24611173214285717 0.009253836734693772 0.01856522619047624
1 0.1800185580514891 0.7427744632901453 0.009410132761231742 0.020512125638005366
1 0.678530551020408 0.7366319265873016 0.010285836734693885 0.01904765476190463
1 0.7265672448979591 0.828233603174603 0.01083234693877537 0.018135968253968075
1 0.7690610102040815 0.057244400793650806 0.011941755102040779 0.01373540476190481
1 0.42490433673469385 0.3513454861111111 0.009566326530612252 0.01705109126984129
1 0.22636925795053003 0.3545838241067923 0.011988894497728404 0.01472320376914017
1 0.6690252295918366 0.1483288273809524 0.009526071428571469 0.016958416666666705
1 0.9182934489795918 0.3344370595238095 0.011627387755102143 0.016765761904761915
1 0.6242525204081633 0.14493224801587304 0.009785775510204075 0.017551178571428603
1 0.7757771530612243 0.24775510119047617 0.0074380408163265644 0.018998726190476243
1 0.8727591989795918 0.3390029880952381 0.007989255102040817 0.02065473809523811
1 0.9185711020408162 0.24404700198412704 0.008521061224489708 0.022694686507936514
1 0.824494882653061 0.14510619841269845 0.009492377551020325 0.012863000000000069
1 0.918733382653061 0.536007857142857 0.007877622448979642 0.02285035714285705
1 0.6714773010204081 0.44310683134920636 0.007491826530611994 0.022020464285714195
1 0.7714321071428571 0.439494501984127 0.007837316326530643 0.02118460714285714
1 0.8225140918367346 0.043107073412698434 0.007714163265306086 0.0234088690476191
1 0.17510095911155982 0.0590461817824892 0.0037859666834931865 0.011349136238712216
1 0.08013629480060575 0.9307825382803298 0.0037859666834931865 0.012576069886140573
1 0.2793727915194346 0.8444370828425598 0.006625441696113045 0.007361601884570036
1 0.5754942602040816 0.8345114087301586 0.003348214285714184 0.005580357142857058
1 0.7762276785714285 0.14394221230158732 0.007174744897959227 0.00837053571428571
1 0.8274075255102039 0.746000744047619 0.00398596938775516 0.008990575396825424
1 0.818797831632653 0.9193018353174605 0.003985969387755059 0.008990575396825228
1 0.8296679671640786 0.5744688070918983 0.007923525924116095 0.015005461335254228
