0 0.5769018529738744 0.2557955155642023 0.04176229405225129 0.08612896887159535
0 0.8717676954322501 0.45404715402956597 0.03905960913549973 0.07952969194086787
0 0.42891076118945426 0.9413202432045779 0.04160447762109131 0.08095951359084412
0 0.3794419297976701 0.9400469630424414 0.04076614040465978 0.08213851359084402
0 0.7730999819129367 0.06250912494039103 0.04022203617412633 0.08180175011921793
0 0.7257500007664011 0.6476721103958035 0.042854998467198153 0.08230177920839289
0 0.18187839813785434 0.9406927073065283 0.04139020372429132 0.08122058538694353
0 0.47905684319435937 0.9408472151883642 0.041881313611281404 0.08075856962327145
0 0.7738451824034334 0.4530020699809251 0.04017963519313312 0.07967486003814968
0 0.8216778126916002 0.06349415295660468 0.04004477314530967 0.07930113376251788
0 0.23223235617009447 0.3523835450713359 0.041000287659811084 0.08272590985732808
0 0.5772745561005518 0.941220993204578 0.04173488779889638 0.08076101359084416
0 0.47846520667447306 0.2562827021857924 0.03889762646370026 0.07665921129326048
0 0.9682886571122009 0.06431754303767286 0.03935168577559795 0.08094791392465427
0 0.8708550444512568 0.2599464455174058 0.04029991109748628 0.08251210896518842
0 0.7741631824034334 0.8450067930376728 0.03928283323114659 0.07759107773009057
0 0.8720671954322502 0.3572385077491655 0.03965860913549974 0.08262198450166913
0 0.28078920081967207 0.35464611429872495 0.04108659836065576 0.08099077140255002
0 0.3799722388827126 0.7444283982922612 0.04152452223457479 0.08185020341547784
0 0.9206659760882894 0.9420305212207918 0.040672847332924734 0.08088984549356226
0 0.5287447210950528 0.25698420719844356 0.03959755780989432 0.08242658560311288
0 0.5279129747087676 0.9409600212207915 0.041111050582464816 0.07949395755841691
0 0.08331893538076705 0.5474865892779939 0.04160312923846587 0.08112482144401213
0 0.9684659572348252 0.1616852712207916 0.03932308553034959 0.0834444575584168
0 0.4287610974152307 0.5453963976437526 0.042520805169538683 0.08302420471249454
0 0.9202596264561618 0.6486695004768717 0.03909374708767633 0.08057099904625668
0 0.13285047818232348 0.5475648688932122 0.04095804363535303 0.07857926221357549
0 0.7246472507664009 0.062128956843109207 0.040649498467198085 0.08178652598950883
0 0.033921069264069265 0.45005951010101003 0.040785861471861466 0.0784649797979797
0 0.4291980740689272 0.45028182457846944 0.040962851862145655 0.08194335084306094
0 0.18133337965536403 0.5455982490272373 0.041689827682045585 0.08342790747946388
0 0.7735946824034334 0.2588356955174058 0.039678635193133055 0.08029060896518837
0 0.9203526264561619 0.8443416809728183 0.039279747087676294 0.08147663805436335
0 0.28121148374096716 0.544899265239948 0.04064003251806564 0.08270546952010378
0 0.9208763021077284 0.7478685250455374 0.03905939578454353 0.07793194990892537
0 0.8228065137952175 0.6481568884120171 0.040002972409564665 0.08252622317596565
0 0.33092122482435593 0.3525877017304189 0.03947711007025758 0.07744316302367939
0 0.9682396069895769 0.5510418261802574 0.03963678602084631 0.0797898993800668
0 0.23195269093941073 0.7432748686770428 0.04183061812117848 0.08224526264591445
0 0.8226714636725934 0.25921491750119213 0.04011607265481305 0.08179416499761563
0 0.23220662951639795 0.15774575086467787 0.04338074096720406 0.08525749827064423
0 0.4791750130628127 0.45056708938607865 0.04155597387437463 0.08116282122784262
0 0.9197689259656652 0.06406607105388651 0.0396451480686696 0.07969985789222699
0 0.5283055134797109 0.352744059878945 0.039413973040578094 0.08209588024210977
0 0.7262784011342734 0.8447043469241774 0.04237899724095665 0.08145685789222708
0 0.5777192058553035 0.8439929589890318 0.04339058828939295 0.08003408202193608
0 0.6768170685162476 0.8447101508106818 0.041938858062538234 0.08221357773009065
0 0.6263527377375843 0.3545066456843109 0.04102552452483142 0.08013870863137819
0 0.7256219005211526 0.7467550907248449 0.04336519895769472 0.08152281855031004
0 0.132581251528627 0.3513938682447038 0.04111442078932747 0.08479973389537389
0 0.871857594573881 0.8452280150214592 0.04000580839975468 0.07952374582737251
0 0.577393268204558 0.15918031009511455 0.0413554635908838 0.08272237980977085
0 0.42923480503057254 0.6456118827280587 0.04173114424680386 0.08417393839169908
0 0.23112599999999997 0.448685 0.04179 0.07968599999999999
0 0.7740256316676885 0.16038143717215067 0.04130693470263651 0.08307212565569859
0 0.8710409943286327 0.16158421304244155 0.041055011342734614 0.08324234120171671
0 0.8227459135499693 0.8442780150214592 0.04064817290006135 0.0791139699570815
0 0.6759861198651134 0.06360404303767286 0.03989376026977323 0.07952091392465425
0 0.8713351948191295 0.06394104089175012 0.03972740987124469 0.08243024582737245
0 0.7250168510116493 0.3554317297329518 0.04062229797670135 0.07975354053409628
0 0.8717272455548742 0.6478998884120171 0.038595508890251394 0.08201222317596565
0 0.13278260533629793 0.44976697178988323 0.04290678932740419 0.0788870564202335
0 0.8235805645309626 0.3555003375059609 0.04078467290006143 0.08287120433953267
0 0.5771592682045581 0.4503737069822741 0.040887463590883855 0.08145158603545176
0 0.03390066161756528 0.5477509420665803 0.040042846303502015 0.07827587894509304
0 0.8716600450643777 0.551047688245112 0.03999390987124453 0.07980162350977583
0 0.5293665325180655 0.15942229528750537 0.039798934963868805 0.08455740942498921
0 0.28103798374096717 0.44931969217466494 0.04029303251806563 0.08069461565067006
0 0.4786934434396075 0.8422207628755364 0.04038811312078485 0.0817054742489271
0 0.18223029863813225 0.4500442365974924 0.041399174263479714 0.08011711565067002
0 0.9205079767014102 0.5511904662613257 0.03882404659717957 0.07934206747734872
0 0.33025099754751686 0.9408669932045779 0.04316600490496627 0.08005301359084407
0 0.4793903054474708 0.5461869124513618 0.04268138910505834 0.08325417509727619
0 0.8224852631820968 0.7466099247734859 0.04127647363580625 0.07899715045302812
0 0.37977482367253207 0.6457895346509039 0.03904520043011149 0.08182712377651628
0 0.577472372012229 0.3528425598789451 0.04116625597554204 0.08229288024210982
0 0.6260725873697118 0.1599697712207916 0.04161482526057644 0.0800134575584168
0 0.13298587437465254 0.6459087511889321 0.04227108171206229 0.0820655568525726
0 0.28145073374096713 0.15552207403804583 0.04111853251806562 0.08553885192390837
0 0.0834546663424124 0.15477347038478165 0.04152717593107288 0.08404164461738002
0 0.9202930763335377 0.26074414163090126 0.039543847332924695 0.0788917167381974
0 0.5283213744635192 0.8444904589890319 0.04077824862047836 0.08102908202193612
0 0.9684430073574495 0.45485793204577973 0.0388939852851014 0.08040613590844067
0 0.5294078906336854 0.6460427215737137 0.04092389688715952 0.08300902723735416
0 0.9686376069895768 0.6491061125417261 0.04043278602084602 0.07846377491654749
0 0.081726 0.93925 0.042042 0.08216100000000005
0 0.675678264868179 0.9412628159275154 0.04119405272838748 0.08084465903671913
0 0.7733119305640711 0.3548550896518836 0.04141233445738805 0.08158070863137823
0 0.42939530269320836 0.255403723132969 0.04028943442622952 0.07660890346083783
0 0.38000863875878216 0.3528085933515483 0.039876762295082 0.07674651275045535
0 0.7739454324034335 0.7462535346924177 0.040380135193133014 0.08200993061516461
0 0.6268271381054566 0.5486469641154029 0.0408247237890865 0.08096107176919412
0 0.9686100568669527 0.9431791052694325 0.040760886266094636 0.08169678946113497
0 0.33034303085047245 0.545990177258971 0.04336393829905504 0.08150964548205793
0 0.4782554516398 0.7449344130998703 0.04075909672040022 0.0815111738002595
0 0.3809799421901056 0.15850717769130995 0.03867611561978878 0.08205164461738003
0 0.8226456635499693 0.4541766260133524 0.04044767290006135 0.08053374797329521
0 0.08336518538076707 0.4493547069822741 0.04169562923846587 0.07941358603545169
0 0.18195608671484154 0.2531614711413748 0.0425878265703169 0.08086088002594037
0 0.6261951876149602 0.45129420791607056 0.04109362477007973 0.07923958416785881
0 0.6769423698651135 0.6478264164282308 0.041806260269773174 0.08112016714353833
0 0.4784521592551418 0.060006912991785545 0.04045768148971658 0.08027917401642891
0 0.9208129259656652 0.3593655098950882 0.040583546597179575 0.08016998020982354
0 0.5289818863257365 0.060182412991785554 0.038682227348526915 0.0806301740164289
0 0.4785560364091162 0.6457740447470817 0.040318020566981666 0.08517379204496331
0 0.032726 0.841165 0.040692 0.08183199999999995
0 0.42950706131207844 0.8432133469241773 0.042413877375843 0.08145530615164522
0 0.3793876774596998 0.4492532653480328 0.040702814619232947 0.08191282122784255
0 0.23119633713173982 0.9411532369217465 0.040665325736520354 0.07943952615650672
0 0.18230869052251245 0.3512447506485084 0.04329303418565872 0.08450149870298314
0 0.3307159651195108 0.7444268982922609 0.04098306976097835 0.08184720341547772
0 0.33057237470725986 0.645207116575592 0.03965762997658077 0.07980403278688511
0 0.033519 0.643166 0.03979799999999999 0.08334999999999995
0 0.7742744819129368 0.5507306580829756 0.0398886327406499 0.08065778731521216
0 0.8225238628142244 0.9416637432045779 0.04250327437155131 0.08164651359084413
0 0.7249828503985285 0.940757909155937 0.04170389822194969 0.08207018168812594
0 0.7255055502759042 0.5493067701478302 0.041982896995708174 0.08153557176919414
0 0.7740003810545677 0.6472664940391035 0.0408732329858981 0.08298077062470198
0 0.5770723105892163 0.5493158985084305 0.041408378821567636 0.07937920298313875
0 0.626832 0.646559 0.04228199999999995 0.08521199999999989
0 0.18216898290717062 0.8437254574146129 0.04336103418565875 0.08116308517077393
0 0.2810764223179544 0.940869589710333 0.041412155364091215 0.08089882057933412
0 0.6758130697424892 0.2573213894849785 0.039930860515021545 0.07875222103004288
0 0.4292346588382434 0.7448834130998703 0.04242568232351311 0.08140917380025936
0 0.5282093906336854 0.5481626188932122 0.04130621873262927 0.07977476221357557
0 0.33070434779276514 0.84304104089175 0.04215670294297976 0.078875357892227
0 0.675791219497241 0.3554818956843109 0.04065356100551816 0.08208920863137815
0 0.3794485795524218 0.843843624940391 0.04154584089515631 0.0819707501192179
0 0.6269095372470878 0.843919624940391 0.042905524524831505 0.08063252598950892
0 0.3301079460811561 0.4487339421746649 0.04150410783768765 0.07952311565067018
0 0.5284247444413563 0.7458877806960658 0.041389511117287316 0.08409343860786864
0 0.9210338263335377 0.45409262601335243 0.04102534733292456 0.08036574797329522
0 0.5286628482490272 0.45070185419368786 0.0415183035019455 0.08008129161262431
0 0.28143694135630903 0.25381739796800684 0.04039611728738188 0.08149720406398613
0 0.6262793379828325 0.25608749940391035 0.040112324034334734 0.08001000119217933
0 0.7257655515021458 0.45196973593228423 0.04058689699570824 0.0798455281354316
0 0.4296408240689271 0.05876650097276263 0.04184835186214565 0.08117599805447473
0 0.8227892136725934 0.5511583822126848 0.040351572654812984 0.08151323557463039
0 0.9684429058859594 0.26131866750119215 0.0411929852851009 0.08078588054363377
0 0.2314970680933852 0.25367866277561607 0.04196161812117847 0.07986867444876782
0 0.13208006295163977 0.8430973250108085 0.040806874096720465 0.08058234997838316
0 0.6753390691293685 0.45212951394849776 0.0408988617412631 0.0794199721030042
0 0.6264347878602085 0.746512340724845 0.040806424279583094 0.08103731855031003
0 0.08244233588104499 0.6444070891699092 0.041934421623123996 0.08108882166018154
0 0.08382397776542519 0.2522022211413748 0.041918383546414716 0.07961790964115867
0 0.03295 0.741835 0.041325 0.08673699999999998
0 0.8719690450643778 0.7464488967572722 0.04061190987124468 0.07942020648545542
0 0.181823 0.7442469999999999 0.043361000000000004 0.084571
0 0.330880224824356 0.2560655273224044 0.04056607025761128 0.07622486156648446
0 0.724767700030656 0.1589822970910825 0.04050719650521149 0.08474451788268957
0 0.2318822957198443 0.545260484219628 0.04238465814341301 0.08207684824902718
0 0.9684913044144695 0.8453568210538864 0.04167298283261788 0.08052646995708151
0 0.13356849722067812 0.1561672212494596 0.04065700555864376 0.0848025575010809
0 0.8228406128142244 0.16052321518836432 0.041220771919068054 0.08261056962327136
0 0.2810295261256253 0.7429169714656291 0.040970947748749355 0.08355605706874196
0 0.6758498191293685 0.7456614786599903 0.04192036174126313 0.08231604268001913
0 0.9198033419203747 0.16344891575591985 0.038084435597189624 0.0782639517304189
0 0.18281710575319618 0.6463886335927367 0.042572788493607586 0.08099873281452671
0 0.0829930625347415 0.8438923398184176 0.04303587493051702 0.0808213203631647
0 0.2324258985547526 0.843766207414613 0.04208220289049476 0.08124458517077383
0 0.6269960879828326 0.9417214651883642 0.0415458240343347 0.08250706962327135
0 0.2817370875486381 0.05788608895373972 0.04134382490272372 0.08279282209252058
0 0.13136599999999998 0.939897 0.041469999999999986 0.08363100000000005
0 0.6761903185162476 0.15955410312350976 0.04298456100551797 0.08365279375298046
0 0.23196954474708165 0.6451731039775183 0.041516910505836634 0.08126979204496335
0 0.6755241693746167 0.5497098541964711 0.04050266125076638 0.07936129160705767
0 0.5773846453585325 0.7462632806960656 0.0420330483602002 0.0834933793774319
0 0.37994488950145344 0.25522861475409836 0.038285563546232484 0.07625868670309652
0 0.7738432325260576 0.9421957992370054 0.03979253494788476 0.08122040152598961
0 0.6265332878602085 0.0610884568431092 0.041003424279583096 0.08343108631378159
0 0.13274506295163976 0.2537133831603977 0.042136874096720456 0.08061364483354946
0 0.08294593968871593 0.35188855901426713 0.04155196831573101 0.08376252658884563
0 0.47878845163979983 0.35254892747514044 0.04182509672040016 0.08238114504971895
0 0.9690522573574494 0.3592085379113018 0.04011248528510123 0.0791109241773963
0 0.2324821485547526 0.05660655933852138 0.04219470289049474 0.0829358813229572
0 0.034095015425236214 0.3518858978599222 0.040084138688160145 0.08105508581928235
0 0.13224320914396884 0.7454628982922611 0.041480581712062314 0.08391920341547779
0 0.032116 0.938679 0.04099 0.08104200000000006
0 0.3794733426903835 0.5467470744703846 0.04017931461923295 0.08099685105923043
0 0.969158439640269 0.7478111999089254 0.03843397529927362 0.07667886612021856
0 0.42944267787659807 0.3515036626675313 0.04110464424680375 0.08164167466493724
0 0.7263803021152667 0.2588611394849785 0.03990039576946661 0.0803414969003338
0 0.18263325194552527 0.15646761846087331 0.042552496108949456 0.08337676307825337
0 0.5774058105892163 0.059011721357544296 0.042075378821567505 0.08436855728491137
0 0.08241685491939964 0.7434297362732382 0.04257829016120074 0.08323052745352358
0 0.47796018260144524 0.1584546480760916 0.041905634797109514 0.0846487038478167
0 0.8718130951870018 0.9411404651883641 0.039916809625996405 0.08134506962327157
0 0.03455542357218977 0.25298958427993534 0.03959537853655419 0.07823235327324646
0 0.08452530822679262 0.056327809338521384 0.041931383546414736 0.08237838132295722
0 0.18308791717620898 0.05609204453091222 0.04207216564758203 0.08325791093817556
0 0.33028284227348526 0.15708926567228707 0.04220131545302946 0.08259346865542588
0 0.28160677612562535 0.8442477074146131 0.04212544774874937 0.08220758517077392
0 0.5778660182045581 0.6464086039775182 0.04230096359088386 0.08374079204496324
0 0.034487413844563344 0.1565142377031236 0.03945935908130134 0.08211463959591447
0 0.38023100792106723 0.05944113337656722 0.04030498415786547 0.08184973324686556
0 0.33142738035019453 0.05932161856895805 0.041016239299611 0.08296176286208388
0 0.2819602527793218 0.6456766039775182 0.04040049444135637 0.08227679204496319
0 0.035555199694274564 0.05659655933852139 0.04057260061145087 0.08291588132295723
0 0.42909722026125624 0.1581806628837008 0.04110855947748756 0.08274967423259838
0 0.1335530819899944 0.056351941742325974 0.04201583602001117 0.08175111651534805
1 0.12861311839911055 0.939600897103329 0.010596164535853245 0.018914829226113303
1 0.2777749363535297 0.34345155198875915 0.009659966092273464 0.022281396670990026
1 0.4751942390216787 0.05638012635105921 0.007747986659255141 0.022899604626026804
1 0.817656675812385 0.05323384895088221 0.009766354077253172 0.024672025512637096
1 0.27468711450806 0.5441064794638996 0.00541315286270146 0.02561378123648941
1 0.32616507254030014 0.25178414007782096 0.006334390772651334 0.014441339386078746
1 0.4263150924124513 0.245030801232166 0.0037136172873818143 0.014437424773022123
1 0.617853649141631 0.8371844847401048 0.0073950928877988325 0.009584297091082562
1 0.12503010894941632 0.6479512450281021 0.007339726514730341 0.024636312364893952
1 0.7733849933863364 0.7326493657723367 0.004166781377210071 0.008289610896127897
1 0.17721789744302388 0.053900507890185904 0.005799057809894315 0.015699308473843463
1 0.6310982066217045 0.9413267193609918 0.004281207847946129 0.009186093943729328
1 0.07434325472484711 0.34931741958495455 0.007615602834908217 0.006496483787289323
1 0.7678935950337216 0.8392642649022413 0.009277187614960119 0.0121307453505006
1 0.7223026658491722 0.16247522365283737 0.004658923359901885 0.017055990462565587
1 0.7767467660391392 0.4432930630799659 0.010323798132494285 0.01664702502403914
1 0.37400457295719836 0.2567905529615218 0.0054997479155086335 0.011859339386078737
1 0.8229699307173513 0.16311663960419645 0.003738250153280071 0.006831813781592761
1 0.9697835728080931 0.15750511158798286 0.007091346106683107 0.029231550786838315
1 0.07803676945525288 0.9418279206658021 0.005787217065036059 0.015811841331604033
1 0.6678793301655426 0.8412423209346686 0.0058262568976089266 0.010409969480209705
1 0.8632433801323738 0.7486253545404441 0.005363356831271001 0.015044372886324887
1 0.17544506698165643 0.6459809349329875 0.007260227348526931 0.011013162559446657
1 0.1274909975579976 0.3534074228395061 0.014401399267399256 0.01545189221272563
1 0.6236912512262415 0.5590175027420123 0.0037670990190067396 0.01304510896518835
1 0.028963391884380178 0.746770303285776 0.0056154619232906666 0.010742251188931955
1 0.17940158171206222 0.8393076995244272 0.005253256809338477 0.014815750972762566
1 0.2752890487770983 0.24869527248162557 0.0035144538632573686 0.015214837656722935
1 0.029030222345747606 0.35470428804582793 0.009303368538076654 0.009233339169909193
1 0.5725423098943858 0.5500628035019456 0.005867297943301963 0.022483018158236057
1 0.7236870613120785 0.7352632695517405 0.005773877375843028 0.020538460896518843
1 0.8224346794911097 0.5440445760610395 0.007491156039239704 0.011696255603242573
1 0.6702213821275291 0.15827799737720552 0.006123759350091872 0.018744434430138276
1 0.8687172590435316 0.351966011921793 0.005361312691600213 0.022552239389604167
1 0.17414909032795994 0.45381212678339816 0.007420274041133875 0.014352075875486332
1 0.2273198308857437 0.9446057768515449 0.00480140164939668 0.01270984639656171
1 0.32624591201716735 0.6422257244873629 0.005846618638871855 0.02247511278016202
1 0.9696226730533413 0.8309020106103957 0.005497143163703453 0.017678572961373342
1 0.7684030442979767 0.3536085658082975 0.004043083690987207 0.014796459227467787
1 0.5195283942468037 0.5411873758106355 0.010797297109505267 0.02199457392996103
1 0.5763720726548129 0.9468350857176919 0.00911974187614959 0.019032499046256427
1 0.22050732601445244 0.6408500812797232 0.008853330183435152 0.008439807176826599
1 0.17734085505836572 0.15950505306960655 0.005900557809894329 0.014579928447903123
1 0.47580157494487035 0.8429147009223312 0.006630740325056397 0.017523488635315942
1 0.7706122478540771 0.2579023936576061 0.012653493255671375 0.013224778731521267
1 0.5215059802268547 0.7459561682164997 0.011053039546290628 0.011374663567000553
1 0.9155310892090741 0.26333692381974244 0.008300175965665244 0.010551951120648538
1 0.1754525842134519 0.7288187832900994 0.006998831573096226 0.015503433419801007
1 0.6317670073574494 0.15341877110157365 0.0060092103004293 0.013560645684310924
1 0.47714070938074804 0.9497370900095374 0.009467814837523037 0.027385619694802008
1 0.8225398528510116 0.24588698140200282 0.013412017167382016 0.014902241297091093
1 0.4721030042918455 0.6473161063423938 0.006514408338442682 0.012294349070100135
1 0.7266783681790313 0.830999316642823 0.00778673390557937 0.01599373676680966
1 0.6226600452176578 0.45809500953743437 0.010264909564684135 0.018329980925131138
1 0.672600233599019 0.5433395760610396 0.006730863274065005 0.01608670386266089
1 0.9651554206008583 0.6441595305197901 0.006384437768240251 0.018607500715307503
1 0.9139664871244635 0.5374986838340485 0.004531771305947326 0.015846695278970004
1 0.38219384120171673 0.9366600664043871 0.010632317596566562 0.016500867191225725
1 0.9646411143470264 0.44793064103481156 0.009447771305947176 0.021099717930376755
1 0.03126688326848246 0.8436647587548638 0.010736105614230069 0.009479280587980988
1 0.7679945956468424 0.9313315728421554 0.0106079883507051 0.00905836123032877
1 0.23218663493607555 0.4502769351491569 0.00703445664257915 0.013316103761348902
1 0.5265672895462907 0.6489934507629948 0.005265175659104772 0.02160656533142576
1 0.8725207627222562 0.15296538102050547 0.010016721030042877 0.009996753457319985
1 0.4257657202636419 0.9405866784692417 0.006957559472716111 0.021373643061516467
1 0.5709687308399755 0.7445532308059132 0.008813611281422494 0.01378457319980924
1 0.5760564665091717 0.24985468450064846 0.008219195942190132 0.016273661694768737
1 0.2817868048916064 0.14806183095546907 0.005457796553640901 0.016524954604409822
1 0.823306253832005 0.3518791726275632 0.006131207847945928 0.023471030042918468
1 0.3763871443899448 0.8409350450643777 0.009411486817903127 0.0169854177396281
1 0.6196460996321275 0.24721566523605146 0.006492595340282036 0.017460658082975724
1 0.6771152667075413 0.3600754053409632 0.008430410790925739 0.01974546971864566
1 0.031931336575875456 0.6431201257025508 0.013576181767648635 0.012006073713791624
1 0.12904636937187322 0.8455154207738866 0.009382247359644222 0.010506663856463483
1 0.969586624156959 0.5578608928230805 0.009784446351931056 0.019829001192179438
1 0.669832432863274 0.2478677751549833 0.01073366278356827 0.009450429661421091
1 0.622741095340282 0.7399171359084405 0.010043809319435987 0.013453728183118702
1 0.4246175191600245 0.8427431442536957 0.008109961679950978 0.019415711492608543
1 0.22695623262923842 0.05544699308257673 0.005683143413007155 0.011255278858625139
1 0.5714926637020566 0.45048569995676596 0.007966590327960026 0.014925162991785552
1 0.4746690953307393 0.4435192548638132 0.011351809338521385 0.01775349027237357
1 0.47225390006131207 0.740849357892227 0.006816199877375847 0.016063284215546047
1 0.6742008283261802 0.736220215665236 0.00988234334763953 0.01723656866952794
1 0.9679053723175964 0.06097304935622317 0.005866140711219917 0.030056762517882696
1 0.17720543982768203 0.5441088026372676 0.005129142579210618 0.024258075659316997
1 0.8673790217205576 0.6410537448110885 0.009972635715793286 0.01616209143428953
1 0.3776648393623544 0.64079318144969 0.00732232127529124 0.02011163710061995
1 0.673866427345187 0.9409032646638051 0.012279145309626012 0.013065470672389168
1 0.17963574513618674 0.24914965229139646 0.009806509727626533 0.01474169541720702
1 0.8182790272838749 0.4493496560562708 0.008521651134273408 0.01704341559370522
1 0.08222513368538073 0.15103746335927365 0.00887519121734291 0.011249219412018988
1 0.07565316564758197 0.7427071116515347 0.010207009449694215 0.014139927150886262
1 0.3249225110361741 0.9405787775393418 0.007727019619865111 0.02558421888411999
1 0.23061737020566975 0.16168936230004322 0.005309172873818824 0.01223789883268478
1 0.6221436020846107 0.6448563624225083 0.01107760269773144 0.010507828326180184
1 0.328977621091355 0.7512592393896043 0.009580012262415696 0.01676502145922745
1 0.5270149900367873 0.8369778769670958 0.005136175659104834 0.021174193609918863
1 0.7737574483445738 0.06098507308059132 0.008662295217657804 0.012150025512637096
1 0.8687147021765788 0.8375416140915594 0.011877595646842463 0.01646377181688131
1 0.2803907858532518 0.06515120038910505 0.008249834630350148 0.00805957501080845
1 0.9231567365113427 0.9366084564854553 0.01346552697731462 0.01267208702908916
1 0.9203437860208461 0.840865700286123 0.009372427958307736 0.014170599427753868
1 0.08275430794886042 0.5447538370082143 0.011290994997220681 0.012159533073929966
1 0.12725893329627563 0.7433087850194552 0.006498133407448619 0.021515429961089495
1 0.4243651139521956 0.543433226005188 0.00940977209560866 0.014922547989623877
1 0.3770377338799333 0.14620371335927362 0.005339484991661994 0.02159224902723738
1 0.8243347240956468 0.8390248382212684 0.010870551808706353 0.013469323557463022
1 0.7253879604537093 0.3396379344301383 0.011858079092581164 0.016126131139723436
1 0.3766048973040578 0.3533739178555988 0.006649205391884446 0.01647816428880238
1 0.17726756086714837 0.34608579939472545 0.00819687826570326 0.012710401210549102
1 0.4767113809060589 0.2593650242109814 0.008882685658699277 0.017518870730652836
1 0.02954665661478596 0.0548515078901859 0.010702406614785939 0.013797308473843473
1 0.4272820881045024 0.0571860087548638 0.00803310005558642 0.019936780587980964
1 0.27553602543079486 0.750235392131431 0.009621389938854868 0.01529607695633375
1 0.7687818957694665 0.15179832498807821 0.00979978908645011 0.012330865522174475
1 0.6723049842121398 0.05387865283738674 0.009620564990803108 0.017421521220791606
1 0.08262400653140631 0.05671075789018589 0.009467106448026603 0.010078808473843476
1 0.32440986061700944 0.44638331668828357 0.010887060311284 0.012996985300475562
1 0.7204153583690988 0.6388702913686217 0.00842728326180254 0.01999141726275629
1 0.42457766280367065 0.6468051549051338 0.010329451910222989 0.009782222065870884
1 0.1811809316224509 0.9385525114443803 0.004990795307308282 0.01780965075349113
1 0.6733006773451871 0.44548186301859793 0.011147645309625987 0.016947273962803995
1 0.7194320631514407 0.5444217743204577 0.005035321888412117 0.02286365212207918
1 0.2768725680933852 0.9407830739299611 0.007643135075041637 0.018577064418504027
1 0.22588938299055025 0.24836521833117162 0.011290994997220695 0.01182176826632079
1 0.7218315656039239 0.06156890712923224 0.00866672777437135 0.014707917739628026
1 0.8224855297363579 0.7403205927515498 0.007772656039239731 0.018524288984263195
1 0.08159161284046688 0.2555295643104194 0.00827077431906621 0.024123871379161263
1 0.9210602358982221 0.6429208797091083 0.011188528203556253 0.01244524058178352
1 0.9171903740036786 0.7436218407248449 0.00613120784794603 0.02458869814020037
1 0.03151704849916617 0.4441878750540423 0.011625436075597491 0.009957042801556416
1 0.47515981100611443 0.5437405425853868 0.008164257921067274 0.01688824038045834
1 0.027238953307392972 0.14924209576307826 0.010453999999999937 0.01551548421962819
1 0.726670818056407 0.4396799276347162 0.006652232679337848 0.019990407010014335
1 0.07654777195664254 0.4404286660181582 0.011037456086714898 0.019678667963683436
1 0.3249653618945432 0.8434758230805912 0.009940520846106691 0.012648973772055427
1 0.1292167655642023 0.5443997434068308 0.009041454974986074 0.01421877950713362
1 0.42966287437465256 0.4404299900562041 0.009930251250694815 0.012926019887591837
1 0.5290429808226793 0.34559815477734546 0.008096639799888854 0.013935013402507529
1 0.8714737256661406 0.2598892660025641 0.011443649370294752 0.011186859616001014
1 0.22564031559199554 0.34693968179853 0.008708368816008947 0.01374263640293992
1 0.33134468065591993 0.5516066388888888 0.00888863868816015 0.016407722222222233
1 0.8673906514408337 0.5487620696232712 0.011528697118332433 0.011895860753457239
1 0.8217805291232372 0.6495989248927039 0.007649855303494795 0.025611401525989445
1 0.671335682863274 0.6404093344062947 0.007343962293071675 0.020146996423462106
1 0.5273589494163424 0.24633862948551666 0.00868538076709281 0.021279182879377443
1 0.2254551139521956 0.5444160722006052 0.010769872151195082 0.01283506268914822
1 0.030417843385213975 0.5455356232166019 0.008063313229572043 0.017100753566796436
1 0.8695890597792765 0.06269157522651406 0.00783291661557318 0.016933253934191705
1 0.5322236948191293 0.9416874413447781 0.010046785714285683 0.012190210300429091
1 0.22634956739855475 0.7510892013618676 0.005854228182323417 0.021019284262862134
1 0.9225484997989767 0.06257651142733181 0.005605576514458578 0.024437141079762692
1 0.2291548935519733 0.8390903763510593 0.004759973874374625 0.022005693471681808
1 0.5267400275152861 0.0606255976005188 0.008186148415786626 0.024541606355382606
1 0.32579119107837684 0.3534584500648509 0.010208890772651406 0.013076074362299985
1 0.27582800458588097 0.4468278733246866 0.009722990828237953 0.013562253350626946
1 0.12736716606448023 0.45205371562905317 0.005097518899388501 0.02124654626026808
1 0.5751059650521152 0.8416436162374821 0.009424069895769499 0.01796176752503579
1 0.12999497317954414 0.15333918460873322 0.007832454974986039 0.016103191526156493
1 0.07939076514730403 0.6455492885862516 0.00829045414118947 0.02200939948119323
1 0.7200114206310119 0.9434049520392129 0.00991861072860861 0.01881395748805856
1 0.8196348206621704 0.9390236245827372 0.012200358675659117 0.013031750834525605
1 0.8732712052421827 0.4470854190510253 0.011410589515634634 0.018664161897949453
1 0.5767667147026125 0.3591291687202767 0.008487570594774903 0.016504662559446614
1 0.3779351889944819 0.7449851639246542 0.009012622011036241 0.022844672150691338
1 0.5765020660088938 0.15441791980112402 0.013928886325736503 0.01327019152615653
1 0.6210139938687922 0.34875766070577013 0.011188012262415725 0.021698678588459714
1 0.5244677160922734 0.15201102258971033 0.012035940800444778 0.014030808257673985
1 0.42417662590327954 0.35273454388240383 0.007990550305725362 0.008444120190229122
1 0.9679644389944818 0.9403314258464474 0.004215205395462971 0.018627801621363852
