0 0.031714 0.044372262570911584 0.029677000000000005 0.05628900000000001
0 0.071429 0.044515 0.029386000000000002 0.054565999999999996
0 0.11085359509465807 0.04494090803431705 0.02851180981068384 0.05371318393136591
0 0.150276 0.044802 0.028804000000000017 0.055141
0 0.189846 0.044802 0.029967999999999988 0.055141
0 0.030722964267497273 0.11787953223298148 0.028276928534994545 0.057700064465962965
0 0.06890680718743672 0.11873179017158522 0.029769666658685953 0.058058944798652694
0 0.10989551447027845 0.1183857661626006 0.028221999999999997 0.056864000000000005
0 0.14895517459947336 0.11801474461246646 0.029094999999999992 0.05743799999999999
0 0.188537 0.118036 0.030259000000000032 0.058012999999999995
1 0.03111259240700092 0.04929258544531088 0.016359281919946164 0.03273162419866442
1 0.0650160054045916 0.054109294140887096 0.010073845537851484 0.011590005672926652
1 0.1095077034410079 0.04473707107855478 0.009156601093904369 0.04184265293217662
1 0.14973688910014818 0.05404042344169196 0.007812030293298782 0.042964293008048556
1 0.1826454528987921 0.057602855199600504 0.013717808691639858 0.020015652932176622
1 0.02681764305297551 0.12419500709115833 0.018182868741616887 0.034588431573469074
1 0.06408149093431315 0.13098069045610494 0.013504331067573028 0.03437479830336235
1 0.14426542061177347 0.116442296788544 0.01781809331654939 0.029748996601484355
0 0.02852414565891647 0.19346677334597867 0.028804000000000003 0.056864000000000005
0 0.027504405610990133 0.2677938403630118 0.028785188778019742 0.057175319273976295
0 0.06895978548201903 0.19380959489873295 0.029146943506240423 0.05655290358644871
0 0.06760341736433413 0.26841872306233233 0.029385999999999995 0.057438000000000086
0 0.10855575723513922 0.1923790143667561 0.029677000000000012 0.05456600000000001
0 0.10750971857009091 0.26836784036301187 0.02879856285981823 0.05770680849890926
0 0.14804478284680078 0.19350792949223145 0.028672948776676883 0.05800460869033592
0 0.18767541014676128 0.1939913179610653 0.029653179706477427 0.05773836407786943
0 0.14714152561166158 0.2688001029339234 0.02842789089556309 0.0563107941321532
0 0.186209 0.267949 0.031423000000000006 0.05916099999999997
1 0.03146510687727938 0.19201310510738076 0.009720717940563627 0.03807816711449325
1 0.06848241086971568 0.1957529450884128 0.003661520137324865 0.017857264467709737
1 0.18408152106417947 0.19728258176140212 0.013135808691639904 0.01870255936382253
1 0.026518856877279385 0.2776123683412983 0.022527936907004286 0.04258521154077347
1 0.0622612213218979 0.26912092977762453 0.012980986054631162 0.012918773354712608
1 0.10512664508182812 0.27650691881375106 0.013858930680435887 0.028561326852435082
1 0.1509124645006748 0.2698589225942465 0.009000181094352008 0.011237284129779626
1 0.18879142910037197 0.27232951597816113 0.011627372671022389 0.027873974489297855
0 0.026167701592893892 0.3429597314795026 0.029130596814212224 0.05954451549086079
0 0.06609804855297215 0.3440362697542896 0.029677000000000005 0.058586999999999986
0 0.10626019421188862 0.343973503591689 0.028804000000000017 0.05916100000000003
0 0.14551239185195514 0.344162632519248 0.028708924978256774 0.058456756511638196
0 0.18591800000000003 0.344342 0.030259000000000032 0.058013000000000065
0 0.026100274422352118 0.42072251286067164 0.028475256943407124 0.058681844977851845
0 0.0659024259987987 0.4207976692879506 0.0293821480024026 0.05903766142409878
0 0.10504002178713388 0.42111478979833933 0.02791895642573224 0.05987740603656515
0 0.14563214565891647 0.4211434820415549 0.028513000000000007 0.058586999999999986
0 0.185336 0.422171 0.029677000000000012 0.058586999999999986
1 0.015549617342291558 0.35366735482635464 0.007824234684583117 0.02877915577737385
1 0.06172249769138641 0.35431953639545677 0.006667538793608199 0.0387774901820659
1 0.14060689328615303 0.3460940924442495 0.010561553135586947 0.012483631013163524
1 0.18603521527606812 0.3443642524632174 0.011414459492693145 0.02457446182616656
1 0.03267785221320855 0.41904675511087436 0.013332859413475229 0.014540891696010845
1 0.060293824491238365 0.42544381069420145 0.006193777803686385 0.023530161248393258
1 0.09789890401362 0.43407496154514047 0.009993322170653664 0.025996204348661546
1 0.14729557607689756 0.42693258771972187 0.015088889776519121 0.02219663593086448
1 0.18258631190394647 0.4293287746763576 0.008110749854394141 0.030556491885690706
0 0.02491622315244553 0.49788724820415553 0.027640000000000005 0.05743799999999999
0 0.06493031185150755 0.4981423535047097 0.028895279191040617 0.05898282531578203
0 0.104452 0.498851 0.029094999999999992 0.05916100000000003
0 0.144166 0.498277 0.029386000000000002 0.06145900000000003
0 0.18452459921651312 0.49904611427977674 0.028348218931307925 0.060173836090849094
0 0.024419388423777246 0.5741977517958445 0.02764000000000002 0.058013000000000065
0 0.0643 0.5742402625709115 0.029094999999999992 0.05916100000000003
0 0.10400485434108353 0.575406992816622 0.029094999999999992 0.058013000000000065
0 0.144021 0.575531 0.029677000000000012 0.05743800000000005
0 0.18446300000000002 0.576106 0.029677000000000012 0.05743799999999999
1 0.01770800881520315 0.49833738346764705 0.019642503160127847 0.02899365918462343
1 0.09992913222648614 0.49783778989492605 0.005932865744921427 0.038418493589315504
1 0.1436701654696367 0.500987674772071 0.011825903290665624 0.036023292077117304
1 0.17859892090910082 0.5049504588931165 0.011297064970647192 0.036523371094275836
1 0.028207339357866568 0.5806341738280388 0.008741261351398992 0.018116765047229838
1 0.103700042833747 0.5791520982137629 0.010258114608050923 0.03341113177712314
1 0.14120707512076563 0.582144040557932 0.006238276288032479 0.03996296618181521
0 0.023484194211888618 0.6517999928166218 0.028513000000000007 0.056863999999999935
0 0.06377004855297215 0.652211 0.029094999999999985 0.056863999999999935
0 0.10334962355714904 0.652224826286016 0.028702044203534897 0.057042851019657566
0 0.143585 0.65336 0.028221999999999997 0.056863999999999935
0 0.18430685434108354 0.6528887517958446 0.029677000000000012 0.056863999999999935
0 0.022549 0.729179 0.028804 0.06031000000000003
0 0.06284600000000001 0.7288910000000001 0.030259000000000008 0.05973599999999998
0 0.10327685434108354 0.7293632482041555 0.029967999999999988 0.05973599999999998
0 0.143148 0.73004 0.030258999999999998 0.05973599999999998
0 0.18357985434108354 0.7308205035916892 0.029967999999999988 0.05858700000000011
1 0.02066127119247917 0.6587039208993557 0.017379377113626627 0.03398377714830886
1 0.0651863884706209 0.6565839754464309 0.007338845969073788 0.03308607826193281
1 0.1015085769164407 0.6532669408424517 0.017868056726937098 0.01732025597578762
1 0.13925007769183403 0.6559478526572643 0.011505533523171718 0.023672137072436955
1 0.182473678622306 0.6591468382905081 0.013749065926779084 0.013369597563857666
1 0.015860521192479167 0.7386214648514365 0.027813653961181097 0.02519382913557986
1 0.05559831280763946 0.7337602202389699 0.009651266132058583 0.03738236146078111
1 0.09806203302753938 0.732262743773755 0.01851531814808122 0.019826955222308713
1 0.13845988347994542 0.7302550189155781 0.01298182484100465 0.029185498322576803
1 0.18294566881609836 0.740460646609345 0.01030675499653094 0.011034782443622746
0 0.02205399243266086 0.807086802659011 0.029543238287123807 0.059538934190557447
0 0.021239000000000004 0.885123 0.029676999999999995 0.06203299999999994
0 0.06207473387991252 0.8077341839444668 0.03057501776989652 0.059600675211334796
0 0.06255879947423153 0.8859401181612259 0.029669401051536964 0.06106283551132888
0 0.10313185434108355 0.8073152553875336 0.029677000000000012 0.05973599999999998
0 0.10256 0.885411 0.030550000000000008 0.0591609999999999
0 0.1431267086821671 0.8079930071833782 0.029677000000000012 0.060885000000000106
0 0.18289223279548092 0.8086284565352198 0.030608465590961833 0.06067991307043951
0 0.14245175723513923 0.8869887374290883 0.030549999999999994 0.06031000000000003
0 0.1832446767100422 0.8870891181612258 0.030368646579915656 0.05925076367754843
1 0.018232727303577848 0.8124477677827396 0.018488969077434143 0.035367981690143636
1 0.013568955120094204 0.8972434968956113 0.018551871015357914 0.03182342554913139
1 0.05566997293683438 0.8145410538884362 0.007217809542893947 0.012069575451671173
1 0.05559806280763945 0.8794102057799941 0.011109125615278917 0.029266339726207492
1 0.1043175330275394 0.8078778380094821 0.00694119210157998 0.030122589818427276
1 0.10423946019808115 0.8881287075758385 0.007409629078329388 0.010596314584384307
1 0.1388963834799454 0.8978744230771799 0.01221292194694892 0.0422752779122684
1 0.1408136577564315 0.8083847570076724 0.009211150241531258 0.03876742063143048
1 0.18015919775665531 0.8172179008640398 0.01005025918253584 0.02706073707767719
1 0.18325853088795352 0.891474580746985 0.012595749819261398 0.03616863213726829
0 0.0210813782853697 0.9625657898070733 0.02978404921737198 0.05751493834429877
0 0.062038063944509975 0.9643406657049955 0.030709872110980044 0.05983166859000908
0 0.10248666012919491 0.9646122338373994 0.029967999999999988 0.05973599999999998
0 0.14300484539198544 0.9644732880112288 0.030980629474418965 0.06050792038585359
0 0.1828587955214042 0.9655921675008401 0.030741952368027004 0.06151265781494212
1 0.015870384529504455 0.9704393358534924 0.018112896434309782 0.03462735519960049
1 0.05383575444845968 0.9678632387682012 0.012447703108807977 0.03361444161951225
1 0.09895701807919498 0.9765685606019817 0.008813967993002523 0.029150524228359703
1 0.13326853332486677 0.9740627818684695 0.010664678225956238 0.030463017044981753
1 0.1779021781442401 0.973023373645346 0.010608608381482549 0.016923560522862615
0 0.2291525813356231 0.04445776956548321 0.02932983732875377 0.05582946086903359
0 0.26874155574152786 0.044231260586260646 0.02928988851694414 0.057431478827478705
0 0.30779989895879467 0.04391339007587192 0.030062425234856065 0.056179227031634194
0 0.34762757481172735 0.04368965623847254 0.03039578221115788 0.057170284498658595
0 0.38711395240901525 0.044733256239345924 0.029392904818030436 0.05500251247869186
0 0.228106 0.117461 0.029677000000000012 0.059161000000000005
0 0.2677632788939735 0.11796140170275138 0.030352150894220206 0.05816219659449722
0 0.30720477684755443 0.11836451077506707 0.029094999999999992 0.057438000000000024
0 0.3468559028940557 0.11822277334597868 0.030549999999999942 0.05686400000000002
0 0.38663504921763214 0.11788218043626357 0.03002561024690275 0.05635972532800941
1 0.23184636523757823 0.056741355199600496 0.01597788546221454 0.02379368884906687
1 0.2651296785581562 0.05827554215623616 0.008746609209314755 0.03120599811193575
1 0.3015631090751597 0.05475463572895721 0.012078829726542081 0.030644178073999787
1 0.3483044923626556 0.04973186918874375 0.011658875865762584 0.030209027978286496
1 0.38953727733147586 0.05848129574792519 0.01621848649756443 0.033877044803893065
1 0.22711989884220593 0.12622121219504553 0.017519438201191596 0.021493863331377632
1 0.266357552511655 0.11695353062594338 0.011183425281699712 0.029754046885130704
1 0.3058696338297117 0.12133514735583666 0.013875490811868903 0.04524023724464897
1 0.34125191343492856 0.12011684934223439 0.012439604160344902 0.028564999244774302
1 0.38816247363636697 0.12077839215710956 0.011681296471680532 0.017788748397328864
0 0.22679700000000003 0.193567 0.030550000000000008 0.05743799999999999
0 0.267170883235057 0.19313868308392046 0.030104233529886042 0.058293633832159054
0 0.306517 0.19328000000000004 0.029967999999999988 0.056864000000000005
0 0.34622394362308934 0.1934894492465211 0.03039914169437826 0.05652912305709198
0 0.38637480645277134 0.1928516830839205 0.030441998670679878 0.05813064101553711
0 0.22626649612888888 0.2680294644650896 0.029283007742222266 0.05785207106982088
0 0.266511 0.2682997661626006 0.030259000000000032 0.05801300000000003
0 0.30592284783475415 0.26856447883184564 0.029743527482937175 0.0576890782531989
0 0.3456287086821671 0.26827598563324395 0.030840999999999986 0.058012999999999995
0 0.3858429028940557 0.26875328412104577 0.031132000000000028 0.058013000000000065
1 0.22739764370006915 0.19570686947413687 0.010509927916917976 0.03623923535658468
1 0.26459381441086505 0.19628364461596007 0.008360978020676778 0.03611320303138349
1 0.34331329216323153 0.1998579666385469 0.005610321949187108 0.019305890176825578
1 0.3846572747604075 0.2025806392284265 0.022751481355427535 0.024341228173206695
1 0.2284660687776085 0.2738356221217938 0.014931195436330823 0.019929676001496067
1 0.2617609574987131 0.27635026597816115 0.012881623679593243 0.017571934980718643
1 0.3081500682353927 0.27090134140363065 0.006712194351899208 0.04511557505659056
1 0.34631174665939374 0.27108762930517183 0.0126255511999013 0.02933022987683143
1 0.38835198601364296 0.28143801956985015 0.01775629228567576 0.011095492447743027
0 0.2253734369767494 0.34405752514182314 0.029677000000000012 0.05916100000000003
0 0.26553751651669744 0.34367899405041413 0.03006451037744051 0.059133508307482714
0 0.30546853326657236 0.34370475709989223 0.030916840465459824 0.059801545181505954
0 0.3453814508582286 0.34415074225456965 0.03069200117759855 0.060077004715793775
0 0.3855893451995359 0.3438961379067815 0.030953018283095237 0.05833477447008333
0 0.22533085434108355 0.420735 0.030259000000000032 0.06031000000000003
0 0.26548285434108354 0.421597 0.029094999999999992 0.058586999999999986
0 0.3047269108580048 0.4213534390422403 0.02995408117804616 0.0597381937493
0 0.3446329095403957 0.42103304339002834 0.030860472237041647 0.05991941681163229
0 0.3848620951995359 0.4210451836547068 0.03147636329603703 0.06056020811605614
1 0.22229120881632222 0.35607974688687744 0.01041718419592532 0.02765343630673061
1 0.2652837007416398 0.353316838663754 0.01707862463572517 0.027014145002306797
1 0.3062519618013067 0.351231682236475 0.019668952543170387 0.02029276749734652
1 0.3476841908712824 0.35129365870169 0.010297051199901312 0.04524025275297751
1 0.38605854646582516 0.35037677221750707 0.01693012187220727 0.015837479784611724
1 0.22523102231763878 0.42543584669894435 0.01380219962233567 0.025601125155797443
1 0.2644421517106017 0.42384190416596884 0.006894652620150186 0.04111922572309012
1 0.3068424979770029 0.4245793969825908 0.01245024804700818 0.03553416825606573
1 0.34858532463098885 0.4309743431072554 0.014220124507425411 0.013085607197352333
1 0.38319543231853403 0.4320468969825908 0.020262116730070435 0.023270714948023
0 0.22515336494025084 0.4994966070963987 0.029867367225442608 0.06025280735733686
0 0.26500283211101644 0.4992303624839322 0.02899514156607857 0.059925821724093005
0 0.304772 0.499138 0.030549999999999976 0.06203299999999994
0 0.3453590000000001 0.4997130000000001 0.030840999999999986 0.060884999999999974
0 0.38522000000000006 0.499138 0.03142299999999994 0.060884999999999974
0 0.224469 0.576106 0.030550000000000008 0.05973599999999998
0 0.2641958295399481 0.5760498974567904 0.030087661178493805 0.05984820508641938
0 0.30477895941097694 0.576850906436013 0.029745886966157566 0.05836766916952929
0 0.34468944105202093 0.5770680502923802 0.030557146836514972 0.05900746047395266
0 0.3852143596698144 0.576974413619391 0.03113992117715088 0.05964220149473037
1 0.22642670929438818 0.49951120369438945 0.01463783595311049 0.015548824779931407
1 0.25821835267956356 0.5070543455661058 0.007579277710519436 0.031904590564919115
1 0.3087618817367092 0.5054239967946578 0.014024530036699494 0.016464461264114185
1 0.34574394553535326 0.5050299301596044 0.01053414316370871 0.026500256160227068
1 0.38706970402395174 0.5051518976455968 0.009598854352794393 0.04701218394883373
1 0.2244777480411527 0.5761464904630921 0.015204651069363542 0.014967419867470747
1 0.26285161762790804 0.5754345533176499 0.009242943937983092 0.03385909945192184
1 0.30647317514754463 0.5862012510493528 0.01641590399019818 0.02547793385661394
1 0.33998715373945426 0.5773025658885617 0.011325724843242794 0.029712067126720774
1 0.38622085482500496 0.5933539056807872 0.01858335016678961 0.02185881136157434
0 0.2243679036870154 0.6538149539797825 0.03017019262596924 0.05940109204043487
0 0.26454952375183666 0.6543914791216057 0.029441787224995034 0.059321120773947085
0 0.3043673039458529 0.6544615852652383 0.030484032625073983 0.05966683665290126
0 0.3447263609874235 0.6539690816735493 0.030630986707320097 0.0588873330612124
0 0.38549614375250807 0.6547604755299168 0.030454324071206577 0.0592370992238132
0 0.22387469273110727 0.7317765259101497 0.03015157967410315 0.05984507337043363
0 0.26425877375183665 0.7319277515235524 0.03042174381415963 0.06067697899445048
0 0.3046567572351392 0.731926992816622 0.030840999999999986 0.060885000000000106
0 0.34469560375228425 0.7318460051152413 0.029840792495431482 0.06071898976951749
0 0.385761119476022 0.7319069961360187 0.0307760813063458 0.059813453852627214
1 0.22220604354499052 0.6631921042643023 0.008193281301869608 0.037954136694824066
1 0.26219154479844975 0.6443419500104808 0.0077524677364032134 0.013386856920693042
1 0.30234265762813184 0.6584984173076666 0.011456606574096582 0.03439478433168699
1 0.3389618112975808 0.6581134657954685 0.006193709416832396 0.04400134179871143
1 0.3876479008069087 0.6622263670240203 0.012918636342485787 0.015019676581016215
1 0.22454206572847416 0.7411112884810613 0.009662966185616545 0.040353533861854314
1 0.25924985782170035 0.7331439594639028 0.013219453266124758 0.03676535068571416
1 0.31127559089694234 0.7401154307303907 0.018365851251221164 0.017479314768823917
1 0.38693365594904555 0.7345746591802566 0.019343787143538998 0.02280675730179947
0 0.22422074207703913 0.8096841512547536 0.02977177230007238 0.0610345667316401
0 0.26414876394562903 0.8096624375361559 0.030930403943354497 0.060169124927688326
0 0.30394936881136214 0.8103902338373994 0.030841000000000184 0.06031000000000003
0 0.3444708511812159 0.8102278224133006 0.03116093815434792 0.060477880315222
0 0.38522525532873086 0.8102278224133006 0.031161712494983878 0.05903935517339879
0 0.22362882828648875 0.8879508681612258 0.03119037236757938 0.05974124212741435
0 0.26462 0.8879950000000001 0.030550000000000008 0.05858700000000011
0 0.3043365467107137 0.8882376181612258 0.02990203262507403 0.05928722416896918
0 0.34482547513471473 0.8882287530383708 0.030308729472180895 0.06009150829001502
0 0.38556332092304985 0.8881047458549927 0.03100506683606737 0.0590214795565028
1 0.22435871605146143 0.8215074206183296 0.004928907348370791 0.021769755036122513
1 0.2652257394884044 0.8157558451928599 0.012406080268757879 0.01662711496025062
1 0.30400678158163064 0.8150957839453401 0.009793912362207917 0.03418202119872314
1 0.33928449827433027 0.8178369367809301 0.01023270523082748 0.036919859195104085
1 0.38433172830043777 0.8094586005803935 0.015595291329543846 0.033126172427274864
1 0.2177753101082714 0.8949384214701418 0.005395872309545215 0.019787785473259423
1 0.2630517756641005 0.8814627165550611 0.01331880342120344 0.03009340437661001
1 0.302391652964061 0.886165768634552 0.014169237762734583 0.031784494168835546
1 0.34346470486349484 0.8969142361205443 0.00822221551510109 0.03042691118237519
1 0.3800367789464124 0.896295200203654 0.018043460786880315 0.02529437167379593
0 0.22386304677486343 0.9659725541738293 0.031658809344328805 0.06083490601909745
0 0.2649872034934468 0.965222921092529 0.030317146708215288 0.05974664703987478
0 0.3046875144702785 0.9655582553875336 0.030840999999999986 0.0591609999999999
0 0.34534154826150026 0.9657486972749711 0.030388708099223227 0.05921589814163082
0 0.3858909908584524 0.9659214282759071 0.030723532753373622 0.060116143448185784
1 0.21969021090932464 0.9716835354601585 0.008020091275985863 0.030289423661067065
1 0.24735632387316184 0.96674027120309 0.00661016622746361 0.03051728336582005
1 0.30529902948862814 0.9726546272370351 0.013455242904871352 0.02259313954002117
1 0.3488245260780166 0.9689489726056005 0.01363762450742548 0.027127398519243926
1 0.3871327128798829 0.9779915928480641 0.008848254005266235 0.030003524386597445
0 0.42630551447027837 0.04349000718337805 0.029676999999999946 0.058587
0 0.46606309513538613 0.043481377504960346 0.03034180972922782 0.05778124499007931
0 0.5058756423707491 0.044726289319772836 0.030540812364446033 0.056777507560990904
0 0.5453714153296261 0.04512540623847253 0.029793975128859212 0.05572620907318908
0 0.5847581082239057 0.046050422401073134 0.029349463293799175 0.057576241398390286
0 0.4263849022411066 0.11765264631521785 0.029891030246455154 0.05857220377787529
0 0.46606782809403924 0.11731427041729559 0.03045537275247845 0.05789545198203076
0 0.5058602637531796 0.11775817325288553 0.02978137538769673 0.05652271814463136
0 0.5454613398708051 0.11877551795844511 0.030549999999999942 0.057438000000000024
0 0.5853403582239056 0.11974716786535197 0.029785283552188874 0.05597962835240575
1 0.4241833189466362 0.0565657221183002 0.010425637893272326 0.023528444236600398
1 0.42472745527741096 0.11809569064491138 0.018393813448877624 0.030963287905908146
1 0.4700062943086729 0.05309871673076667 0.01808832624006979 0.02450285085268577
1 0.4716557333784247 0.12842280038023302 0.008543621743907616 0.008665039701752638
1 0.5068234402649168 0.055809749055967875 0.00566313262283583 0.028533951419978453
1 0.511404656660289 0.12638975529531382 0.006806313320577896 0.03451451059062759
1 0.5493545876553584 0.059186142912335246 0.015745592675050938 0.025069221174268082
1 0.5465574709369989 0.12136021758257906 0.015198096861055794 0.03450391002333493
1 0.5900697123842505 0.12154219064491138 0.009681647920946538 0.026125323822798353
0 0.426031208029218 0.19246193128807593 0.030328709988065295 0.05878966256567123
0 0.4258182808586762 0.2676698331796338 0.03052743828264753 0.05857133364073245
0 0.4656464567116088 0.19272792590054247 0.031174086576782292 0.05911614819891514
0 0.5060208923707492 0.19329331077768724 0.030727215258501767 0.05798637844462551
0 0.546116 0.192993 0.029676999999999946 0.058586999999999986
0 0.5857981495417385 0.19360156616522078 0.02945170091652293 0.05736986766955844
0 0.4660628451353861 0.2678965921588563 0.03096589236489363 0.0577918300490434
0 0.5059262611821111 0.2680598349754783 0.03126663262283595 0.058118315682287376
0 0.54597 0.268237 0.029386000000000037 0.05743799999999999
0 0.5863498057881116 0.26878974461246646 0.0302590000000001 0.058012999999999995
1 0.46184670461860644 0.203905326562675 0.01607959076278726 0.018381346874650005
1 0.5054432098773319 0.20228704924739446 0.01352435158927653 0.03150452306931943
1 0.5499616681980218 0.19802284971984724 0.02265100585338026 0.021332095280712747
1 0.5861079019320683 0.20039550614712617 0.022706027016582128 0.020285847076557284
1 0.42849811588467185 0.27427699981556053 0.01970074623962214 0.01925242420565157
1 0.46493627936032844 0.2713748793051718 0.018651422389882148 0.02320713290122782
1 0.5059360476551346 0.2779735393241398 0.021907415568659088 0.025011575056590563
1 0.5521602405494141 0.2831782101181749 0.008989218721552205 0.020150830444124093
0 0.42540343697674937 0.34403626975428964 0.029967999999999988 0.058586999999999986
0 0.425516 0.421597 0.029967999999999988 0.058586999999999986
0 0.46602642519998355 0.343669628927559 0.03099714960003299 0.0595257852451504
0 0.465813 0.420735 0.03142299999999994 0.05916100000000003
0 0.5062952231524456 0.34370523383739937 0.030259000000000032 0.058586999999999986
0 0.5065723851356099 0.42072503800249483 0.030685132622835842 0.0599199168116323
0 0.546749522241778 0.34385437713171446 0.029739567092666723 0.05948427447008334
0 0.5864579723711968 0.3439993897026261 0.029938569727885004 0.05854127806177242
0 0.547040522241778 0.42109403441080584 0.029696984457000954 0.05860287371136401
0 0.5870719093479462 0.42066429698171737 0.030437763939773706 0.059387427586699376
1 0.4285865983652591 0.34896985303051015 0.006199351717576217 0.038996173735818956
1 0.4273826252128135 0.42438603365558014 0.01141791988296362 0.04188049906906867
1 0.4684930830554374 0.3483809376240086 0.018512321097932966 0.02907681059761481
1 0.47192070910193873 0.43139570085792617 0.009887418203877294 0.037725337065449734
1 0.5123164360789119 0.3494319861118104 0.009979415568659058 0.03724989320646222
1 0.5095053704845929 0.4280377872472692 0.016122032287018633 0.03930357449453824
1 0.5462316744770291 0.3526992881913013 0.008666989470837936 0.04674456919922443
1 0.5484572028170759 0.4176860501079408 0.016603488398117358 0.02055035916890237
1 0.5899963725134454 0.3434870473593302 0.0062890260604502365 0.0339325049264349
1 0.5890135987150253 0.429232612861545 0.019080672675498567 0.023967196989577926
0 0.42503741736433415 0.4990990143667561 0.03142299999999994 0.06031000000000003
0 0.42559377828760775 0.5768412913131578 0.030494821564288035 0.05917045329057484
0 0.46598975526458103 0.4990739596483423 0.031132003941116503 0.06166805196980325
0 0.466395 0.5769669999999999 0.03142299999999994 0.058012999999999995
0 0.5068677572351393 0.4987092625709116 0.030840999999999986 0.060884999999999974
0 0.5067652007299289 0.575711271558868 0.030862569599585325 0.059376456882263916
0 0.5472640950712363 0.4986955981171761 0.03056051853969452 0.06070582531578201
0 0.5874513778363208 0.49839011787146575 0.02921885590358107 0.06091687919111727
0 0.5477107407301527 0.5759281654152355 0.031037421433750254 0.057960712269797515
0 0.5879292807303766 0.5755594190069245 0.030591050115469837 0.05742872304486454
1 0.4588492081458067 0.4990660111614138 0.012088085748950044 0.032879497181004476
1 0.42076560255126394 0.585188648497409 0.006747262983641608 0.03222972156934869
1 0.4679205489727437 0.5877498679680524 0.017679544250378515 0.021969692835836552
1 0.5084061881719143 0.5771813338470068 0.010721308178441167 0.03570863177712312
1 0.5458696940894444 0.5158252087043101 0.012826154742169612 0.03984530965794953
1 0.5517402989085938 0.5867970064368863 0.012847918075577672 0.02654696259012621
1 0.5900891302266507 0.5051534373429825 0.016200929910637738 0.030157810035562303
1 0.589174727332595 0.5886953895181867 0.020111677817635405 0.026243757486238924
0 0.4260160794116484 0.6545339665506942 0.03050664696481469 0.05919508844874593
0 0.46646410494159374 0.6542980924486165 0.030935635129754495 0.058517836652901396
0 0.5072889894766934 0.6539599665506942 0.031701952881225806 0.05948561359056916
0 0.5480493063244717 0.6537779934883617 0.030569484457000903 0.057888645915770275
0 0.5882829749422652 0.6533429557756271 0.03098614722141421 0.0580460884487458
0 0.42592736092327366 0.7320001328090081 0.03116198683561979 0.06041073438198396
0 0.4664581922413304 0.7318789007674532 0.030819712623283507 0.060168270298874
0 0.5075385865826377 0.7315590051152413 0.03147246735150419 0.0599394861778285
0 0.5481593161306794 0.7307605212778419 0.030685406963471825 0.05998654723654189
0 0.5894682662600981 0.730029368442252 0.03200346747980395 0.059551759523806924
1 0.4299412904841452 0.6614043526572643 0.012754609908847424 0.012348129889058862
1 0.4678034467246626 0.6589023345100126 0.010731048436383377 0.04016306486104378
1 0.5088639794897473 0.6576802177801194 0.010846696602218382 0.019590896051659604
1 0.5467041506786091 0.6637651188198649 0.019589107145329437 0.01605224482310754
1 0.592332644696929 0.6660732193871575 0.010985221228470737 0.03301392081586994
1 0.42446342328771974 0.7342835943410476 0.00726300156249755 0.03674662044000358
1 0.4692215267892601 0.7449617056834075 0.007894888307188475 0.04046183594134518
1 0.5080051783657067 0.7386963712787153 0.008088123294694233 0.03634671382391836
1 0.5523057405494142 0.7405370384810613 0.007136762132387592 0.04129653027016536
1 0.6005735681595321 0.7480921248704043 0.020111262365564896 0.018582724598985464
0 0.425953 0.8104540000000001 0.030259000000000032 0.060885000000000106
0 0.42609800000000003 0.887708 0.030549999999999942 0.0591609999999999
0 0.4668495566859489 0.809870593208209 0.03116811337189776 0.06086718641641814
0 0.4669725150707886 0.8878600066300597 0.031119678540589803 0.059148511881703975
0 0.5077160235593872 0.8092939411278448 0.03151504998717009 0.06004864288613343
0 0.5074710485529721 0.887296992816622 0.030840999999999986 0.0591609999999999
0 0.5480266115762228 0.8086095179584453 0.03142299999999994 0.060885000000000106
0 0.5481735150066388 0.8864212314882366 0.030713804715390713 0.05935351547339277
0 0.5891770000000001 0.807582 0.031423000000000006 0.060885000000000106
0 0.5888143561309033 0.88558073687577 0.030279258797636887 0.057878029840148934
1 0.4197523355099171 0.8174051742100186 0.007524631795003614 0.03387881609483586
1 0.4293304067244388 0.896073741508078 0.008875619236989029 0.03560146146602159
1 0.46832654173760446 0.8888932560636406 0.01790852978010002 0.020780922335054897
1 0.47336008048436906 0.8098394872533828 0.006384092803350701 0.03606346373169861
1 0.5031168896189422 0.8199542534159835 0.020987613966552587 0.017477960140009713
1 0.5128679288437726 0.9018149663662547 0.01064608083999077 0.016926386040552157
1 0.5514459956915508 0.8972500868766434 0.01697582611177012 0.02379560551119527
1 0.5482062162729281 0.8176501634349514 0.016064490426969828 0.026812722710921104
1 0.5890753631853037 0.8882883855532517 0.018124366887387278 0.024662210047789967
0 0.4262701594762458 0.9650599282759071 0.031431195517786836 0.058804150631564
0 0.46737800783564937 0.964361421092529 0.03151427564653413 0.05905116499832007
0 0.508292 0.964675 0.030840999999999986 0.058013000000000065
0 0.5484290248128464 0.9630676585216174 0.030287950374307225 0.05892968295676515
0 0.5891100890895563 0.9624749282759071 0.030766627608998804 0.060004761973923626
1 0.41542189596209933 0.9719801505830136 0.011605238229089512 0.033189754474070174
1 0.4736267219572806 0.9705059546471555 0.020632598901619358 0.017848326685463486
1 0.5533987601618294 0.9692951739289924 0.010884257946382656 0.03712118264028954
1 0.5854970181723619 0.965240792832343 0.01809835660311368 0.021186024605972457
0 0.6240081942118887 0.045376 0.029676999999999946 0.05628899999999999
0 0.6245605098003522 0.11891628837574071 0.029319980399295665 0.057400423248518566
0 0.663078 0.046812 0.030259000000000032 0.055714999999999994
0 0.6635618215059936 0.11984080453834131 0.030082551199901216 0.05678341247345151
0 0.7020548543410837 0.04712025538753353 0.028804000000000083 0.055714999999999994
0 0.739889 0.048823000000000005 0.029095000000000124 0.05399199999999999
0 0.7792914968167105 0.0489011670135396 0.029821743989303096 0.0562906085058964
0 0.7031250216354125 0.12135196096562029 0.029991053835119498 0.055695653494228975
0 0.7420281489353729 0.12124920916977573 0.029516284764920128 0.056517667860985
0 0.7802586601291949 0.12154224102077744 0.029095000000000124 0.056864000000000005
1 0.6618958523588144 0.05580697391414471 0.011765316293851562 0.022374393952954062
1 0.7043590725787143 0.05847877060610202 0.019901688568263912 0.026894972970112587
1 0.7431770346073431 0.0475273246702438 0.017423875002797747 0.03564563497373151
1 0.7820484749305542 0.06067856909390384 0.014839104848166588 0.03482559149585037
1 0.6624737991417715 0.12529490633505921 0.013628238800322297 0.039581258794783095
1 0.7789160958349187 0.12997670302701655 0.011422832186616978 0.04069834858700866
0 0.6249402282887269 0.1937739241046979 0.028726154998769057 0.058536597915268794
0 0.6258860681595318 0.2693983834632801 0.03009734921065754 0.055452319273976314
0 0.6645753385473405 0.19432057873613237 0.029298963422098763 0.05675285689449135
0 0.6652103168419228 0.2689964914027572 0.03015253158748612 0.058347599803332977
0 0.7038167814416201 0.19443244565483206 0.029084437116760186 0.0575931015069578
0 0.7429125630232507 0.19479749640831098 0.029676999999999946 0.056864000000000005
0 0.7820216863645283 0.19615847079665524 0.0307018504233889 0.05837360509864685
0 0.7048045242064808 0.26910835832145696 0.02960256316326122 0.0563107941321532
0 0.7438529015064412 0.2696223673006795 0.029522391199005845 0.057749819273976356
0 0.782328994723708 0.2697344842193792 0.029755010552583974 0.0567410315612416
1 0.628073815407725 0.19668553667648292 0.012266756861950962 0.03921398715242922
1 0.6657247242193107 0.20552120567467344 0.014829574485122676 0.03490038261583467
1 0.7082482791678789 0.20385998639283656 0.018577295958482003 0.014795411726959716
1 0.742157854865733 0.19842726692219328 0.014777864718524074 0.03490851229425235
1 0.7848096818636296 0.2029861726908332 0.020455081318056685 0.03442185160791148
1 0.6710516224492956 0.27930499783090956 0.006882302779705016 0.03611739868621558
1 0.709469401436436 0.2745014225986135 0.00947283664093209 0.02106411814812494
1 0.7463699844394346 0.27322441163037303 0.02696483254809423 0.03122177297709975
1 0.7828112151243466 0.27218500340724955 0.012584944718971704 0.025696956530852775
0 0.6261877138184484 0.3437002494379477 0.02955557236310333 0.05876501189917173
0 0.626709 0.420448 0.029095000000000124 0.05973599999999998
0 0.6660054940124644 0.34383312174418096 0.03080601197507071 0.05903075651163818
0 0.705557 0.34432426975428965 0.029676999999999946 0.058013000000000065
0 0.6665091711830063 0.42024417467548414 0.029627327091323815 0.05834167938254393
0 0.7063125025010631 0.4196061585128836 0.029911994997873944 0.05912068297423297
0 0.744108 0.344342 0.028221999999999997 0.058013000000000065
0 0.7827149464680633 0.3446433727847998 0.03036989293612656 0.05895183177013594
0 0.7454543312480515 0.41982102722742776 0.029602337503897156 0.06098894554514451
0 0.7846378128890954 0.42057091030872806 0.029792374221808984 0.0594061578324097
1 0.6300743814801097 0.3583443512346656 0.020236791900776707 0.014287573168526293
1 0.6282798861441807 0.43394225492206795 0.020390578076472814 0.01742496315217847
1 0.666093797048769 0.43931140397716245 0.015756982521315098 0.04306080077094671
1 0.6649865785603942 0.3526031263764887 0.01693044843862163 0.036250706061020155
1 0.7108838375270587 0.34545910142347197 0.017365966371950283 0.016425159746675782
1 0.7093708762738233 0.4316503052057143 0.017477169911980884 0.030023502660757706
1 0.7502565815453788 0.4251883323321883 0.020440803607537313 0.020753060505395018
1 0.7827802078892074 0.3446264322364751 0.012959250507083039 0.03453078545579153
1 0.7894814660804784 0.42093374792749627 0.019335184253959588 0.014876977896547506
0 0.627437 0.498277 0.029967999999999988 0.06031000000000003
0 0.6275820000000001 0.575531 0.030259000000000032 0.059736000000000046
0 0.6673464309892141 0.4976283445254871 0.030885458279961975 0.06062635404929416
0 0.667733 0.574383 0.03142299999999994 0.05743799999999999
0 0.7065987695424101 0.49757949376938804 0.02913126670329169 0.06032314894540701
0 0.7075862623072707 0.5737311420692567 0.03027347538545867 0.056443715861486415
0 0.7459854624366895 0.49722922760678734 0.029103143292008582 0.05982812021189472
0 0.7852259514470279 0.49718824102077736 0.030259000000000032 0.05916100000000003
0 0.7468788240129123 0.5735137482128897 0.030161186702843977 0.05826946765733152
0 0.7863745969717892 0.5730118794983452 0.030663514738588867 0.057676737411620556
1 0.6291890700717958 0.5022161460385587 0.004623198024705486 0.025757213059958695
1 0.6284762549555428 0.5792275046410418 0.016250344639753667 0.034698844064388404
1 0.6749387055630276 0.5869232887620874 0.012120274795279924 0.03389803083221775
1 0.6678470832244652 0.5032881999138941 0.00714965197865175 0.03368278130205023
1 0.7093935973332663 0.5030708060575266 0.021075126501145378 0.031035015139449642
1 0.7136072613977221 0.5828595619279937 0.015666614444618508 0.030928290549198118
1 0.7469907778502699 0.580920384130653 0.019997904899486343 0.033368121002056106
1 0.7495690546978243 0.5015452342237462 0.01744377885298523 0.018056878655266704
1 0.788841254827243 0.5733046109734807 0.019158247277210085 0.02188420039682746
0 0.627945789218975 0.6530162201423833 0.03015700419771579 0.05739261718225797
0 0.6287513620484333 0.7290256310131635 0.031247664326910677 0.06001032776589833
0 0.6677006252011026 0.6507045547358816 0.0314897495977949 0.058728890528236724
0 0.6683554650719077 0.7278859961360186 0.03082158432646319 0.05896407956174281
0 0.7080286750075341 0.6510457057756271 0.029909135514653608 0.057561660282526295
0 0.7079506021780758 0.7275357299734182 0.02996118406762561 0.05908556160329799
0 0.7477450000000001 0.649218517958445 0.03084100000000012 0.0591609999999999
0 0.786078614013136 0.6492685547358816 0.029759257503449446 0.058939444403572044
0 0.7470207707958693 0.7264684763817292 0.029404109209314768 0.05921159392849928
0 0.7863745969717892 0.7248153325253618 0.030143029208867276 0.05960437086616671
1 0.631581430033082 0.6613661024684577 0.017430889006721205 0.039551104369622954
1 0.6738908780694984 0.6661127050204012 0.01921259086766496 0.02656433820702239
1 0.6330846753690113 0.7339399181594791 0.020462030479632517 0.02880282195220187
1 0.7075695245038082 0.6553591872507626 0.02378639820656298 0.020944899643348655
1 0.7467033310673128 0.6603191188198648 0.01859495345245866 0.018628669397638225
1 0.7464960665970346 0.7184436126771057 0.02046684187623558 0.01807820380407701
1 0.7849108953440227 0.6610080108803876 0.020564945675103592 0.021360957110372777
1 0.7865194315197189 0.733036157384412 0.012767600662161746 0.021568185468019068
0 0.628501514942489 0.8075706911278449 0.030539775903133663 0.06050671112822508
0 0.6287354834308636 0.8848004832840811 0.03090361577393868 0.058578062165350143
0 0.6685116107308242 0.805536660598488 0.031029778538351854 0.059315700353157814
0 0.668797877772171 0.8824189617339468 0.030457244455658 0.05710307653210631
0 0.7083042963899644 0.8830964635297913 0.029939892749792724 0.05948559808224033
0 0.7080854565191593 0.8047262864964103 0.030543184067625562 0.05995549165758171
0 0.7480955523074946 0.8041100257213433 0.0300963127493451 0.060366998840959724
0 0.7482127572351392 0.8811632410207776 0.031131999999999896 0.05858700000000011
0 0.7871749368425943 0.8027952577628983 0.030494543679145593 0.06061451320771593
0 0.7872683882896221 0.8797593053066679 0.030160961043479914 0.05835987861159716
1 0.6309994300330822 0.8824578388612944 0.01880308321860951 0.026664634622320466
1 0.668445891583645 0.8963911120184667 0.006576617895957983 0.03044564142808551
1 0.6691130568549766 0.8083612264783158 0.008989783167289864 0.034704409856363305
1 0.7075983659895497 0.8087487031323373 0.0063444985423802966 0.02981938471453999
1 0.7118512187156968 0.8886386517158521 0.01688856347789477 0.027455238781302106
1 0.7571525288064018 0.8863057309218173 0.022367572083082033 0.01773582895114044
1 0.7542981445686294 0.8034341905614256 0.009963444124316895 0.036749345205960696
1 0.7875391112613291 0.8823034611675276 0.0118733093443286 0.026767886418164945
0 0.6289959761957244 0.9615407969904513 0.030800018667994457 0.05895851376976823
0 0.6691163317902673 0.959609768256939 0.030157278538351637 0.058384513769768054
0 0.709194 0.9581337661626006 0.029967999999999988 0.06031000000000003
0 0.7482340485529722 0.9557330143667562 0.029967999999999988 0.058013000000000065
0 0.7877985897366501 0.9537554410356252 0.030492684195925344 0.06085560715368272
1 0.6292844372682214 0.9608880069154527 0.021296194794832437 0.02372648868908227
1 0.6649158400922718 0.9654044978571115 0.010617904806319403 0.031750304915954194
1 0.7202007362351096 0.9606916184466188 0.011640210092943208 0.019803690201280595
1 0.7498964886254393 0.9560470322460823 0.0053382293438811864 0.004843438783048805
1 0.786203836984843 0.9582916166507743 0.01620941159240971 0.020493621959189173
0 0.8174307041812685 0.049323814461596005 0.029380591637463174 0.05528637107680799
0 0.8185118983931572 0.12238606890509739 0.029669232154242924 0.05673635141473804
0 0.855101474569077 0.05041207344081856 0.028523050861845926 0.05540785311836288
0 0.8926782935098577 0.052385612949397815 0.027269412980284416 0.05401183875160676
0 0.8565465086517707 0.12320783327185351 0.029122982696458518 0.05570833345629299
0 0.8934687377217463 0.12362820557808674 0.02801752455650744 0.05716558884382652
0 0.9295579399441676 0.05321649243900912 0.02847302300572069 0.054029568997317166
0 0.9313938381741524 0.12398808686354254 0.02839732365169538 0.05644682627291494
0 0.9679145574379205 0.12550151843264465 0.02825849670038211 0.05433609961889356
0 0.9668691034198242 0.05338960037848624 0.02824953078307566 0.05519779924302753
1 0.8193380970883779 0.055745193195981584 0.01177457231625936 0.042431803783115625
1 0.8193468692718617 0.1330648614389464 0.020084796424836814 0.014999190552691659
1 0.8626331784064346 0.06157702958532458 0.007317026270205922 0.025630541212204035
1 0.864668984672612 0.1369051238210516 0.014591998285780998 0.037938700950145836
1 0.899828155383408 0.13281075709115833 0.017245728131149857 0.015507399248267838
1 0.8931619436521064 0.06073148468921178 0.018190595986379936 0.01971799811193576
1 0.9321272791561681 0.06257442703338098 0.006986169888558862 0.027540314558182684
1 0.9357132026187709 0.13682971739377262 0.02531811391970895 0.030691384503898907
1 0.9697176032390856 0.12922201966206986 0.01352174988900632 0.027205953123603254
1 0.9605823884586497 0.06573065189155781 0.005559708751912136 0.010747181665688813
0 0.8201088451761142 0.19596435746964458 0.02994840675371618 0.05798537844462552
0 0.821267862217461 0.27027811370899046 0.03049679003535655 0.05659526899032997
0 0.8587254554347278 0.26988177193211393 0.02962928334243303 0.056624599803332995
0 0.8581588340522973 0.19635738440731224 0.029641108742959683 0.05712740358644868
0 0.8952934902928148 0.19641510028626652 0.02812772809653769 0.05765384252773526
0 0.93279 0.196726 0.029095000000000124 0.056864000000000005
0 0.969908291317833 0.19736124102077748 0.029385999999999905 0.058012999999999995
0 0.8964730485529723 0.27075823383739944 0.027930999999999956 0.057438000000000024
0 0.9336920106806235 0.27058636909652395 0.027892910473366183 0.05618426180695184
0 0.9713149654741129 0.27099737627990206 0.029229874839885702 0.05762278694877511
1 0.8249673769850667 0.19597945406763537 0.018941200275024436 0.02500787940175852
1 0.8226453036775426 0.2737945967911642 0.013175636295641996 0.044877661257127166
1 0.8640051086261108 0.27558215265115044 0.018730372239279633 0.027944816077368012
1 0.8608450817785562 0.19979495047594634 0.022760289603613933 0.01696587940175848
1 0.8981048904350634 0.1952492866764829 0.010074353221519266 0.042908501519185314
1 0.9057827457322789 0.281305397263617 0.016891326193226006 0.014032283752166754
1 0.9377276752931506 0.2758486472636169 0.006195088209024758 0.025151287343855824
1 0.9395288193371304 0.20932431181830605 0.02133027919104051 0.018868523069319458
1 0.9699620236525541 0.1930985889447802 0.024483590715943387 0.03385216352280423
1 0.9745817834587617 0.27289767599712916 0.014827682679750877 0.03536880530230088
0 0.8217102749177243 0.34409025123379217 0.030028353058607096 0.05851749753241559
0 0.8231354474241952 0.4191465505734064 0.030068076211052792 0.05779045991190056
0 0.8596620793882265 0.3443466307234035 0.028691909388934334 0.05841374573657117
0 0.8613775721530873 0.4197630613484735 0.029936855693825374 0.059639992237101834
0 0.8975306483290073 0.343875382519248 0.028542257037094503 0.05726574573657113
0 0.9351526733808867 0.3443167602130147 0.02904458507283939 0.05712098316565952
0 0.9724129680451813 0.3438541271317145 0.02840706390963746 0.05599021341136983
0 0.8987923327346883 0.4193426890422403 0.02877548951768174 0.0581827368495683
0 0.9359910000000001 0.419299 0.027930999999999956 0.058586999999999986
0 0.973814 0.41815 0.029095000000000124 0.05743799999999999
1 0.8657877785615132 0.3476406696655635 0.016830586063583536 0.026652778272413465
1 0.8284640959515075 0.4231477118217996 0.022877958466295634 0.024423294342794367
1 0.8670497129671945 0.4231294815760893 0.012016580921446736 0.03309090568515412
1 0.9037291873730992 0.4170061346004856 0.01683455867381329 0.024992744059148114
1 0.8987498206547395 0.3523108260928425 0.02356628182625896 0.02409408394359334
1 0.9444149846084621 0.352530495091033 0.017283289475314264 0.030436364472950058
1 0.9732616377998452 0.3457473368679095 0.020590887175913158 0.043180666552440926
1 0.9413493389495458 0.42478921541348863 0.019354793661318974 0.02525035899319682
1 0.9745631016241492 0.42108583592387744 0.020486290069968847 0.03430114670593145
0 0.8237018188066257 0.4962624506691197 0.029327071068916105 0.05974409866176057
0 0.824418923147709 0.5719537410295114 0.03055308553919442 0.05843751075759916
0 0.8623390406414622 0.49536146503587586 0.029986044763577305 0.058969645353717966
0 0.8627826330833355 0.5711134964170449 0.028895384634382414 0.05696252512435527
0 0.9000112407708807 0.5704663651315891 0.027465809776071493 0.057312291286956064
0 0.8991566726054934 0.4953918355462645 0.02794271267012709 0.058619379191117225
0 0.9370356372051907 0.49470521862756484 0.028438434271786217 0.05765715253709598
0 0.9377566115762229 0.5699484676747988 0.02763999999999991 0.05686400000000007
0 0.9750787836395003 0.4940279668317203 0.029158422436726 0.05712466331216299
0 0.9758290046989433 0.5687952410295114 0.029409699284280343 0.05540856822462367
1 0.8267670490134718 0.49945853809908153 0.006493602212948171 0.03127242893891302
1 0.8292055448274669 0.5904049595561225 0.019209021489546278 0.038442890378732816
1 0.8630490668302119 0.49390562628426904 0.009399968389092106 0.0388846915098247
1 0.9031105174376965 0.5076338958497523 0.016406344849509445 0.044514230640791005
1 0.9488294096860016 0.5000234229762264 0.01365929461745097 0.03939032081062943
1 0.9789051165724936 0.4967196604053148 0.020338222860713413 0.04209327771036122
1 0.9487965289754294 0.5677476343194594 0.023301989785471426 0.038752254272162896
1 0.9746820913398756 0.5714692440547812 0.01025498846786228 0.025143927050848683
0 0.8254232242717496 0.6487641608795143 0.030375648562445137 0.060396699791105575
0 0.8256160398660687 0.7234701940565278 0.029303920267862712 0.057941611886944244
0 0.863182213147933 0.6471039270421148 0.029174059233855628 0.05830925366644103
0 0.8638839388714469 0.7229356796897717 0.029640636727384838 0.058722115478633125
0 0.9009833549181718 0.6460159180628925 0.02816087279932216 0.05818827162488612
0 0.9017827650473668 0.7218405807295172 0.028614624892324497 0.056531917558123986
0 0.9391102368822033 0.6451726483086028 0.02915242912964948 0.05835126444150804
0 0.9766932427648608 0.6433292553875335 0.028513000000000042 0.0591609999999999
0 0.9393599045438648 0.7206469217511681 0.02885080908772939 0.05703284350233612
0 0.9774257014819003 0.7189334099354822 0.0288555970361993 0.056677180129035734
1 0.832312343380439 0.6550982429219424 0.012891327277657646 0.029481428376860738
1 0.8744625925408959 0.6437492197647704 0.017802048751017055 0.01559983537055886
1 0.8280289834191527 0.7329703660799881 0.0032410536599761413 0.013685128000994815
1 0.8683476235744553 0.7211057942462078 0.018060819500302652 0.02200150229187883
1 0.9397980420115101 0.6535453257195967 0.005385462162523637 0.02313409756385764
1 0.9412445058358139 0.7240595406545186 0.008113778234908648 0.018149045392147102
1 0.9753901595052629 0.6505938544531087 0.01123308557380663 0.03725718376439428
1 0.9820360659265189 0.724139997365444 0.021987704204429925 0.02990734028825989
0 0.826037161248499 0.8004367667421207 0.030146163032723328 0.06000760299994135
0 0.8262179014422913 0.8764644078586116 0.03009125499653086 0.05670216991602094
0 0.8641134244011685 0.7988656192940643 0.029058636727384752 0.058920344020718836
0 0.8645712157190014 0.8748537747773112 0.02945373383332906 0.057385471995511875
0 0.9025836049181718 0.7976928387647076 0.02990401331610182 0.059657336837340674
0 0.9025478647243796 0.8731396399001665 0.02899975608096266 0.0568342525248685
0 0.9396046981354386 0.7964507020917184 0.0282676037291227 0.059022595816563425
0 0.978480871417303 0.7941835726021071 0.030237257165394365 0.05736538712098722
0 0.9402186351121881 0.8720723863084775 0.02835040951723408 0.05634377407500272
0 0.9783152598410803 0.8708512550230216 0.02896916005944993 0.057806079746182626
1 0.8275317049566618 0.8116088128676587 0.021828021489546136 0.020605604185183507
1 0.8687978224504146 0.8010380036047898 0.016223547794885006 0.024690424600732296
1 0.8702360140912349 0.8865271896173935 0.009495571593305163 0.012771832542829487
1 0.9113947312620005 0.797963275154924 0.00826978278239078 0.038032507209579784
1 0.9486174122570699 0.8006808974611571 0.01699800844175489 0.030953233863601232
1 0.9788589807197847 0.807720935173892 0.023553407744460433 0.02386028055555835
1 0.9436945770503357 0.8801175780862275 0.0222634061936736 0.02435803405502762
1 0.9785249120763313 0.8640343426417897 0.00943975598727522 0.03597414577500034
0 0.826614178289846 0.9527096928314698 0.029634643420308186 0.05896961433706089
0 0.865776118613057 0.9503395615460138 0.03092666566794178 0.05916143796668589
0 0.9032185832127542 0.9482265597501692 0.029404319104213067 0.05719597388357588
0 0.9414346836651603 0.9469935382000352 0.02974153556373524 0.05678496670019788
0 0.978890847140817 0.944119013058212 0.02939165491731324 0.05514598825033211
1 0.8287463237680238 0.9593166094673964 0.015547190946882733 0.02296471534310358
1 0.8722197718044401 0.9502473415089512 0.015104989913771204 0.03452713632594514
1 0.9044169642206537 0.9601386238341524 0.02035156895808692 0.024608744076615858
1 0.947738013549019 0.9576168899967531 0.008138901051537155 0.029241204568036586
1 0.9735966501771213 0.9527293397131068 0.021794610328358763 0.032851197384658616
1 0.9015871598995739 0.5762198265070178 0.0037343969281638813 0.005778589745302381
1 0.5054676693229266 0.9705562390942735 0.0043148873749879425 0.007472578206776022
1 0.7507699282198407 0.7465945486062233 0.011294535994957524 0.025687948961127943
1 0.1049762256818133 0.3361643711738359 0.0043976936663316455 0.00813057168918151
