0 0.7181133775510204 0.3542835079365079 0.041775224489795953 0.07811066666666663
0 0.716706219387755 0.7431282876984127 0.04087417346938784 0.07703038492063492
0 0.3225706436235438 0.8349728426323317 0.04006771275291234 0.07838631473533622
0 0.27472041247700796 0.2559196653552694 0.04170017504598406 0.08190966928946111
0 0.4716279886572654 0.2568544153552694 0.04120202268546903 0.08377916928946116
0 0.03432230931943593 0.8299267284215546 0.03952138136112814 0.07798054315689078
0 0.421786256284488 0.8374432887458274 0.04268348743102389 0.07811142250834525
0 0.32334049386879216 0.5453598240343347 0.04084101226241568 0.07811235193133045
0 0.3237505947271612 0.3525950336194563 0.038978810545677534 0.07929593276108725
0 0.7176374438775509 0.5494827678571428 0.040504479591836735 0.07726414682539683
0 0.275732513335377 0.15862446304244157 0.0402755723482526 0.08253862565569862
0 0.520399318822808 0.3551404517167382 0.041028557939914174 0.07917098450166904
0 0.2257869319435929 0.545375046018121 0.039250136112814235 0.07888790796375773
0 0.22610698206621704 0.7381847243681449 0.03950703586756593 0.08077455126371004
0 0.2741799509503372 0.35262428469241774 0.04100245248313915 0.08009954697186453
0 0.6677356080722252 0.45246142167027414 0.03873728093467871 0.07627507382381961
0 0.08158653862660945 0.2545883032904149 0.04093212078479462 0.08073716928946115
0 0.5687421007050888 0.35480572973295177 0.04153079858982218 0.0785015405340963
0 0.32252109350091973 0.6409274961850262 0.040351812998160645 0.0784990076299476
0 0.3718510746474555 0.6425093302336672 0.04167885070508893 0.0794273395326658
0 0.4705659880441447 0.4521822359322842 0.04099402391171059 0.0802705281354315
0 0.4708346879215205 0.5484546041964712 0.04191462415695898 0.07685079160705764
0 0.2745265628448805 0.545388880066762 0.040162874310239106 0.07668023986647585
0 0.6185416471979924 0.45220686404989957 0.040731363065512685 0.08106489643551686
0 0.12993421965052113 0.25477052527420124 0.039911357755977914 0.08184672532188841
0 0.9160660204081632 0.5501940972222221 0.0406779591836735 0.07868680555555554
0 0.2747356129675046 0.44943126180257503 0.04019777406499086 0.08072947639484981
0 0.17710669895769465 0.3532967275870291 0.040372196198651115 0.07697376037195994
0 0.08204933936235438 0.9273190686695277 0.04109132127529124 0.07754586266094411
0 0.1779616005518087 0.5446757960181211 0.041698798896382575 0.0774894079637578
0 0.6675611143470263 0.7424229506437768 0.04028777130594727 0.07658409871244634
0 0.471022088289393 0.06097284692417739 0.04113982342121396 0.0794743061516452
0 0.421472256284488 0.7406687825464949 0.042055487431023914 0.07754643490701005
0 0.12928987001839362 0.6393066621363853 0.03977225996321276 0.07749267572722937
0 0.03418230870631514 0.5420770999046256 0.039624580625383196 0.07601757606103948
0 0.6186081378366043 0.9378859239439118 0.03884795070743954 0.07483113081292142
0 0.322664 0.44944799999999996 0.041053999999999945 0.08145099999999994
0 0.22617023206621703 0.44944137386742966 0.039633535867565885 0.0777692522651407
0 0.816556775510204 0.45225566269841266 0.04127681632653061 0.08060259523809504
0 0.17726055042918454 0.7364801123032905 0.04067989914163093 0.08034577539341924
0 0.27446986174126303 0.8346250365999045 0.04196547455548745 0.07843581473533619
0 0.4226701410177805 0.2557597162613257 0.04291845493562236 0.08233488316642824
0 0.5691272009503372 0.5492326041964711 0.04153459809932554 0.07840679160705763
0 0.4225726071428571 0.15789960312350976 0.0415737857142857 0.08034379375298042
0 0.5200165199264254 0.5475820481640439 0.040262960147148974 0.0765959036719123
0 0.4217796566523605 0.5473764360991893 0.04152068669527895 0.07767490367191222
0 0.6686902647148987 0.3539533956843109 0.04139647057020233 0.07903220863137816
0 0.4707542881667688 0.8378587887458274 0.040987423666462214 0.07894242250834536
0 0.47073188718577563 0.35354311766809726 0.04132582219497247 0.07895676466380541
0 0.5206804704169221 0.061213096924177396 0.040058059166155756 0.07995480615164521
0 0.22525333108522377 0.6395886621363852 0.04086533782955242 0.07805667572722945
0 0.3721861748927039 0.5475710201478302 0.04158265021459232 0.0773189597043395
0 0.8165139948979592 0.3559205476190476 0.04087237755102048 0.07828454761904766
0 0.4715260381667688 0.15820263113972338 0.04253092366646227 0.08020473772055316
0 0.4705294379215205 0.7411007825464949 0.04130412415695897 0.07841043490701002
0 0.5206038200490496 0.9364087130424413 0.041054359901900636 0.07858757391511695
0 0.5198167699264254 0.45331506998092513 0.03986346014714905 0.08030086003814975
0 0.3727043747700797 0.25611844337148304 0.04300225045984065 0.08156211325703383
0 0.47085433828939294 0.6433312203147353 0.04080432342121395 0.07734555937052937
0 0.4213236566523605 0.45283023593228416 0.04060868669527896 0.08156652813543165
0 0.6681457504564126 0.9398251792687257 0.03950920972158838 0.07371762868299628
0 0.08127523911710607 0.4488902337863614 0.04030952176578786 0.08039253242727708
0 0.6683416143470263 0.5498999102288984 0.0418487713059473 0.07825117954220318
0 0.6186942322194973 0.2560217192417739 0.041419733599019126 0.08285888912732473
0 0.13035601916002454 0.5442239619694802 0.03960535530349482 0.07807596399618512
0 0.17732645018393625 0.6398151901525989 0.041578099632127545 0.0777646196948021
0 0.7171674438775509 0.9395588273809523 0.040521112244898 0.07740634523809535
0 0.37167057342121396 0.7393678644492131 0.04285065021459228 0.07867015903671919
0 0.5208244202942979 0.15825090915593704 0.04072915941140392 0.07955618168812591
0 0.6187296332004905 0.7419683105627085 0.03995773359901906 0.07940037887458265
0 0.6190280329552422 0.8397490387458273 0.041320934089515655 0.08272292250834527
0 0.7176790663265306 0.4522086329365079 0.042182112244898005 0.08112857539682539
0 0.3721463246474555 0.45173070791607056 0.04226935070508893 0.08011258416785885
0 0.42232750689760884 0.3544997017167382 0.04146678571428569 0.08012482069623278
0 0.8657347244897958 0.7443600674603174 0.04109955102040824 0.0782538650793651
0 0.17802865006131208 0.15769849105865522 0.04068329644389946 0.07994156962327136
0 0.6186769308706315 0.06180687494039103 0.041385130901287474 0.08039725011921793
0 0.12941517014101775 0.4487937618025751 0.03963965971796442 0.07945447639484983
0 0.1293133700183936 0.7359568903195041 0.039819259963212734 0.07855421936099195
0 0.08153088948497854 0.5432056839532665 0.03967122103004293 0.07752963209346693
0 0.4224001572654813 0.06175790295660467 0.04084568546903741 0.07955419408679067
0 0.6680239645922748 0.8402831788268954 0.04044707081545066 0.08006564234620889
0 0.2741973623543838 0.6406954681688125 0.041037275291232383 0.07878006366237479
0 0.32323749386879214 0.2555971373390558 0.04063501226241572 0.08200972532188845
0 0.7167800969387755 0.8414451329365079 0.04134080612244903 0.08083173412698426
0 0.3720523246474555 0.8359218986647592 0.04208135070508894 0.07879420267048164
0 0.3223674126302882 0.7395237243681448 0.040810852237890875 0.07972699093943733
0 0.7173393112244897 0.1575988888888889 0.042459234693877634 0.08156682539682533
0 0.12969981989576948 0.35252658965188355 0.03944255824647459 0.07841393276108717
0 0.1299282703862661 0.061623652956604665 0.039899459227467814 0.07928569408679066
0 0.4715602380441447 0.9357668789938005 0.042982523911710604 0.07953924201239854
0 0.7669704846938775 0.7435063075396826 0.04159403061224489 0.07716638492063499
0 0.08225964009809932 0.3521576715546018 0.03921271980380135 0.08065654482594192
0 0.034252359442060086 0.06079862494039103 0.03899828111587982 0.07838075011921794
0 0.5690634509503373 0.06104165295660467 0.041407098099325676 0.07812169408679066
0 0.9656999999999998 0.5508210972222223 0.04013724489795943 0.0774606468253968
0 0.6190264327099939 0.6445377483309489 0.042084134580012235 0.07901350333810213
0 0.2259383316983446 0.35269081163567 0.0403193366033109 0.07874237672865995
0 0.6688904645922747 0.1589863251072961 0.04064726885346417 0.08177212565569861
0 0.1299928192826487 0.1576376311397234 0.04156135898221949 0.07907473772055315
0 0.8659917091836734 0.646484375 0.04129464285714296 0.08153521825396827
0 0.12896146965052116 0.8317300064377681 0.04026506069895768 0.08084198712446354
0 0.6685219645922746 0.6442656922985216 0.04144307081545061 0.07995961540295661
0 0.22731683292458615 0.061090874940391025 0.039244334150827724 0.07896525011921793
0 0.9662947295918367 0.05843306349206352 0.03973231632653064 0.07916771428571424
0 0.0813674389944819 0.06139118097281831 0.04087712201103617 0.07807563805436338
0 0.08134033936235438 0.7343315562708631 0.03967332127529124 0.07753888745827374
0 0.27438041186388723 0.7382559743681449 0.042936176272225623 0.08091705126370997
0 0.7178294387755102 0.25585181349206354 0.04184510204081643 0.08090005555555559
0 0.03485700919681177 0.4488745678350024 0.040973981606376456 0.07812586432999527
0 0.9171280867346938 0.15866491865079366 0.04088882653061238 0.08183876587301585
0 0.2276007314530962 0.2555781933714831 0.04172813366033104 0.08122672532188847
0 0.8660179744897959 0.5506560575396825 0.041028295918367416 0.07899068650793653
0 0.8162426530612245 0.7443788472222221 0.04032969387755106 0.07643130555555563
0 0.1774143505518087 0.8327351465188364 0.04060429889638257 0.07912670696232717
0 0.03448095907418762 0.7339060282546495 0.04060508185162477 0.07743294349070101
0 0.8656899744897959 0.8434502123015871 0.04101005102040826 0.0798815753968253
0 0.9648543112244896 0.8432439126984127 0.039721377551020357 0.08256917460317471
0 0.7669212653061225 0.5493293472222222 0.04181446938775518 0.07695730555555554
0 0.178578200797057 0.9300924867668097 0.04216559840588595 0.07862202646638058
0 0.6686362647148988 0.2564850511444921 0.04052206958920905 0.08453066499761565
0 0.7671795459183673 0.06130991269841272 0.04264990816326539 0.08120117460317454
0 0.5208652667075413 0.25557343824511203 0.04042765174739417 0.0812172150691464
0 0.5700312516860822 0.15927165915593705 0.041043496627835706 0.08159768168812591
0 0.8163676836734693 0.5494038373015873 0.04089863265306133 0.07772632539682542
0 0.033889509196811766 0.25357949725798756 0.03903898160637646 0.08170000548402477
0 0.96559718877551 0.7466961567460316 0.03993162244897965 0.07920580555555547
0 0.32378549448191296 0.06146984692417739 0.039815011036174144 0.0804683061516452
0 0.034132 0.349917 0.040403 0.08061699999999995
0 0.034796 0.923917 0.040277 0.07674300000000005
0 0.37319847501532805 0.15928527122079159 0.042074448497854126 0.07938956962327134
0 0.8168475867346938 0.6462231428571429 0.04058292857142862 0.0785325952380953
0 0.5689510505824646 0.45203070791607053 0.0423318988350705 0.08071258416785884
0 0.9164797091836734 0.6471209027777777 0.04086758163265317 0.08156819444444441
0 0.5697233292458613 0.2557597162613257 0.04042765174739427 0.08009954697186455
0 0.7673142040816326 0.6464994027777777 0.042281469387755115 0.0797051547619048
0 0.9658345969387755 0.6466401527777778 0.039449806122449006 0.08060669444444447
0 0.7671936734693876 0.4514541726190475 0.04140265306122462 0.0796196547619047
0 0.17788179920294295 0.06180904303767286 0.04192239668914774 0.07816625011921792
0 0.7178411887755102 0.061157172619047635 0.04123084693877561 0.07965561507936503
0 0.8664250357142855 0.35582480753968254 0.04152354081632653 0.07685298809523812
0 0.8669087244897957 0.2557311130952381 0.041853163265306186 0.08189873412698412
0 0.17796975091968117 0.25581302742012396 0.040565498160637654 0.07871594515975203
0 0.8677636683673469 0.05936961309523811 0.041968663265306204 0.08042077380952374
0 0.9162946428571428 0.4536520337301587 0.041454081632652975 0.08029513888888878
0 0.5204207699264255 0.7419160885789222 0.041071460147149 0.07855082284215559
0 0.9163104591836734 0.7444703472222222 0.040529081632653126 0.07661430555555565
0 0.8169740306122448 0.25623336309523814 0.04051693877551027 0.08104311507936504
0 0.034011709074187615 0.6377152440391035 0.03966658185162476 0.07878051192179313
0 0.17789540067443285 0.4482474557701478 0.04118319865113428 0.0798520884597044
0 0.5691841514408338 0.7420825605627086 0.0401156971183324 0.07962887887458277
0 0.568866400827713 0.838527816762041 0.04139619834457388 0.07953536647591807
0 0.7665320765306122 0.8410121329365079 0.04167384693877553 0.0799657341269842
0 0.6189867823421212 0.15989065915593706 0.04085523237277735 0.08209056962327135
0 0.6678212628755364 0.06062306890796375 0.04272407081545069 0.07951986218407248
0 0.42196585652973634 0.9348079070100144 0.042276286940527284 0.07687618597997137
0 0.32418944435928876 0.15830107510729613 0.04100611128142242 0.0818918497854077
0 0.9649811887755102 0.9413735674603175 0.03869962244897981 0.08165586507936516
0 0.8173095918367346 0.05950159325396828 0.04118806122448981 0.08130477380952375
0 0.9168819846938776 0.2558280734126984 0.042309887755102187 0.08271269444444436
0 0.8159140561224489 0.940506376984127 0.041266887755102136 0.07620124603174597
0 0.9665238163265306 0.15688245833333336 0.04050936734693908 0.08199408333333329
0 0.6185375311158798 0.5504817701478303 0.04225593286327418 0.08016001144492128
0 0.9161023316326531 0.9412820773809523 0.04138833673469396 0.08085284523809536
0 0.08151238948497855 0.8314125624701955 0.03963422103004294 0.07871687505960898
0 0.37215658663704715 0.9345933535353536 0.042501826725905696 0.08004529292929301
0 0.034481709687308404 0.15784546518836431 0.038690580625383206 0.07725506962327135
0 0.5693186305340027 0.9378770079872204 0.038397644454586856 0.07370396272630467
0 0.8161793418367346 0.8428036825396825 0.039565316326530715 0.0804486349206349
0 0.22673723206621701 0.9307720988316642 0.040767535867565895 0.07700080233667152
0 0.5199849999999999 0.838521 0.040877000000000004 0.08010699999999993
0 0.32384014423666463 0.9327789328803051 0.0406907115266708 0.0787791342393896
0 0.5206731696811772 0.6447313884120172 0.04195946014714898 0.07716544730567489
0 0.7669122653061224 0.9398575773809522 0.04179646938775515 0.07800384523809534
0 0.08119668899448192 0.6380315780877444 0.04053562201103618 0.07717784382451122
0 0.9156336734693876 0.8431517023809523 0.041407653061224486 0.07990459523809533
0 0.3719790740343347 0.3537411176680973 0.043850851931330426 0.07935276466380539
0 0.4213531566523605 0.6427671362660944 0.04066768669527896 0.07845272746781123
0 0.6191201325873696 0.3544841176680973 0.042654734825260575 0.08083876466380542
0 0.965825719387755 0.3553196468253968 0.04070756122448996 0.07646270634920628
0 0.7173867806122448 0.6459096626984127 0.041916418367346914 0.07914571428571439
0 0.22578688182096873 0.8345865365999047 0.03963323635806254 0.07910392680019078
0 0.9174941173469385 0.059059563492063524 0.04193976530612237 0.08290087301587296
0 0.8666135408163265 0.45319546230158725 0.04094391836734701 0.0806220753968253
0 0.9658908469387756 0.45228919246031746 0.03956230612244899 0.08004961507936503
0 0.7672763214285714 0.15844175793650794 0.04188682653061225 0.0807724047619047
0 0.9164677908163266 0.35642191666666667 0.041162622448979794 0.07804720634920631
0 0.22740343255671366 0.15812482510729614 0.04056713488657268 0.08153934978540772
0 0.817154275510204 0.1580862777777778 0.04055855102040827 0.0806814841269841
0 0.27520266309012875 0.0621464309728183 0.040748673819742516 0.07958613805436338
0 0.8666470357142856 0.15749696825396825 0.041329785714285805 0.0801229047619047
0 0.7678130102040814 0.35586961706349207 0.042641326530612284 0.07880272619047614
0 0.12920746965052113 0.9283841527181688 0.04075706069895768 0.07744069456366236
0 0.2756699130901287 0.9320193768478778 0.041683173819742486 0.07875024630424418
0 0.7676032602040815 0.2563510535714286 0.04190294897959187 0.08251857539682536
0 0.5693237009503372 0.6442827483309489 0.041927598099325634 0.07850350333810209
0 0.08201903923973021 0.15757035312350975 0.04179712201103617 0.07968529375298043
0 0.3728708252605763 0.06041904089175012 0.04180234947884739 0.07985691821649978
0 0.9662505306122449 0.2562993134920635 0.041557183673469514 0.0817950555555555
0 0.8657797551020407 0.9401127876984127 0.04150848979591838 0.0809944246031746
1 0.4744022072348252 0.7341216618979494 0.008813611281422494 0.018255245588936552
1 0.51880033599019 0.052956764902241285 0.009686268546903623 0.02373596948020982
1 0.37473754935622317 0.05696548474010491 0.004280266094420629 0.004541848831664271
1 0.7175628928571427 0.15040271626984128 0.008751765306122447 0.022111234126984184
1 0.3259061112814225 0.745456732832618 0.004993418148375182 0.01048734501669034
1 0.8622597857142857 0.3417833988095238 0.00889879591836719 0.008273480158730232
1 0.08075950337216431 0.5303335121602288 0.009005211526670756 0.013039461134954737
1 0.07974840358675658 0.16731002753934193 0.006429005211526663 0.007386382689556504
1 0.12875133645003065 0.05851070672389127 0.010737670447578142 0.0200792064854554
1 0.08295845677498466 0.25384230960896514 0.008439309625996304 0.022090058893657647
1 0.27563727988963826 0.9307217668097281 0.008581356836296752 0.008042637100619822
1 0.7173963265306121 0.061536099206349226 0.004620612244897768 0.018792880952380988
1 0.1282970351011649 0.4375958953266571 0.007814268240343328 0.00776600619933232
1 0.07645565174739423 0.8218722520267047 0.006500100551808709 0.008914055793991515
1 0.7701872857142857 0.6560216468253969 0.005224918367346731 0.009137261904761928
1 0.028223970723482525 0.721828523843586 0.004480936541998773 0.014527263233190188
1 0.5182717351318209 0.835040150691464 0.005761863887185825 0.01089251692894619
1 0.42134947271612505 0.34750564341917023 0.008006143470263589 0.008374502384358587
1 0.6671616296750459 0.25227850143061514 0.005728855916615621 0.01553121840724842
1 0.5220988879521765 0.7347409462327134 0.006537969037400261 0.007330220076299317
1 0.026887519619865113 0.33643686111111104 0.004471435315757206 0.017845161897949453
1 0.9186331275510202 0.4367520436507936 0.005845989795918578 0.014888769841269805
1 0.5691863283775048 0.7479457327802915 0.003939075630252173 0.014729449472096472
1 0.27865862522992024 0.35024255293276113 0.009723749540159433 0.014236894134477878
1 0.6243874858650585 0.8385096012899442 0.004004900113079555 0.012826150688947496
1 0.3192247072348252 0.06253479506437767 0.005327409564684261 0.012031029804482599
1 0.02908867182709994 0.24805266523605152 0.0046675367872470825 0.018021994277539328
1 0.5676934662783568 0.43294206127801615 0.006167328632740622 0.014093226037195983
1 0.7674370816326529 0.24353802777777783 0.009682836734693926 0.016589944444444418
1 0.7679665612244897 0.5421324166666667 0.008390857142857096 0.01680163492063485
1 0.17808086649294907 0.92775987672866 0.005579530042918458 0.01322130519790142
1 0.08163670493562232 0.7333476423462088 0.006101206928264854 0.016077724368144843
1 0.964373163265306 0.15301016666666667 0.010666938775510053 0.013176095238095289
1 0.8178101683673469 0.257293378968254 0.007236806122448972 0.021623559523809503
1 0.7679505306122448 0.04974331349206351 0.009060673469387735 0.010756428571428623
1 0.6657150521152666 0.1542381974248927 0.008622011036174167 0.018627801621363852
1 0.865832270408163 0.5407676091269841 0.011001275510204066 0.008370535714285686
1 0.9182573469387754 0.2527309603174603 0.006597551020408129 0.02082776190476195
1 0.5205222369711833 0.14594423664759176 0.010457671980380211 0.009136800906056274
1 0.2756518287860208 0.6484961425846446 0.004337053648068638 0.00993427658559841
1 0.667726854690374 0.9298998569384835 0.0049816063764560724 0.02384358607534567
1 0.9150679948979591 0.6453220198412697 0.007874214285714283 0.019995841269841205
1 0.8161912857142858 0.9357937063492063 0.007285795918367199 0.012589174603174373
1 0.5698505622317597 0.14954239616118264 0.0077268755364807516 0.01594220767763472
1 0.8214382142857142 0.7392569265873015 0.008590408163265246 0.01131749603174597
1 0.4208043162170448 0.9384790685503098 0.009680367565910532 0.013432862899380085
1 0.9167654030612244 0.7388617857142857 0.0054360306122447355 0.020788333333333357
1 0.6673426309012874 0.056428318788745824 0.009582058859595373 0.012322189318073426
1 0.47172885484365423 0.25770561564139244 0.006113105763335369 0.014363446828803045
1 0.27834943148375235 0.2465893872198379 0.007372259043531467 0.020948550309966573
1 0.6653678234212139 0.544896981282785 0.007544353157572 0.019813037434430154
1 0.2254073983752299 0.056059846804959464 0.01017539331698344 0.010078685026227946
1 0.9201203265306122 0.056163751984127 0.008930265306122464 0.009076265873015934
1 0.17455736526670754 0.15340210300429183 0.008411327099938656 0.010613533619456383
1 0.1734941085223789 0.06213250846447305 0.007855782955242191 0.011007983071053884
1 0.272449227314531 0.836504874821173 0.007293452176578745 0.017649525512637133
1 0.7194576836734694 0.3402039484126984 0.011020857142857006 0.016392698412698425
1 0.8659080530360291 0.2517315182245738 0.011790595867976858 0.016855893592004654
1 0.7652521734693877 0.45327414880952377 0.004572183673469355 0.02028701984126973
1 0.41903227099938684 0.14740665689079638 0.006892539546290623 0.01813375345731997
1 0.47428220018393624 0.44851386301859797 0.010489599632127521 0.023011273962803988
1 0.7184059285714286 0.4384978432539682 0.007703448979591749 0.013877329365079374
1 0.9679383979591837 0.8453747182539681 0.009595142857142492 0.02043607936507937
1 0.3692286896076027 0.8310619847401048 0.0064843743102391575 0.02331952122079153
1 0.42109202283874925 0.25183730746304245 0.004305837829552418 0.015668494277539333
1 0.8181447653061225 0.6474569801587301 0.01007526530612241 0.010145563492063499
1 0.9644143775510203 0.055303371031746054 0.008352367346938649 0.018237503968254007
1 0.47001990374003677 0.8486417993562231 0.004932602084610746 0.010513253934191643
1 0.02837217182709994 0.44373139961850255 0.009932541692213363 0.009652126847877874
1 0.7177975459183672 0.2505380714285715 0.006688071428571415 0.015292904761904787
1 0.1300969305640711 0.7352086036003814 0.008431138871857742 0.018938904864091555
1 0.2740494779276517 0.15629044134477824 0.005625752912323786 0.020484210300429188
1 0.9173653826530612 0.550241625 0.011251377551020474 0.012363972222222309
1 0.029410637645616185 0.6322275870290891 0.006706008583690986 0.02160824988078206
1 0.47157250521152666 0.3485085335002384 0.008341807480073373 0.010839394611349541
1 0.32381971030042916 0.24346524713876969 0.005717415695892112 0.019745709823557462
1 0.07874770079705701 0.9237526824034334 0.004598405885959535 0.02049058178350036
1 0.03201771704475782 0.5419183692179302 0.010770565910484366 0.01683626156413916
1 0.6215884504904965 0.051430066642823076 0.004907096566523705 0.01635779709108249
1 0.8171880969387755 0.5459324107142856 0.007781806122449097 0.01932017857142861
1 0.6167024412936848 0.25481726871721505 0.010612117412630389 0.017115462565569887
1 0.8645141632653061 0.6472441984126984 0.0056655510204079865 0.026072119047619066
1 0.6200140941140405 0.7431694979732951 0.0084218117719191 0.016978004053409594
1 0.9655210510204081 0.7389473511904762 0.014906897959183749 0.01844529761904765
1 0.468175199264255 0.9226350143061515 0.008622011036174167 0.009313900810681926
1 0.4731232564377682 0.6397711663090128 0.004473904046597202 0.019187996423462174
1 0.6206118502452483 0.93313624308536 0.00724349754751665 0.01811592584644709
1 0.819614331632653 0.8429519999999999 0.008730520408163248 0.0085404444444443
1 0.1264628339975475 0.34309403135431565 0.006117863580625357 0.01496239031950402
1 0.17384225827713057 0.25225207474964234 0.009318483445738808 0.010494850500715339
1 0.2251462981299816 0.5426226019313305 0.009931192826486804 0.00857930734382448
1 0.2237050401594114 0.34977852491654743 0.009411919681177189 0.014053950166905051
1 0.766422193877551 0.7388702876984126 0.008609693877551092 0.022011408730158756
1 0.7676977040816325 0.8438120039682538 0.008290816326530656 0.014880952380952451
1 0.1348559831391784 0.8285321895565092 0.009902033721643173 0.02303362088698139
1 0.6175046417841814 0.16314807284215546 0.01068371643163703 0.011858854315689104
1 0.6172478917841815 0.4512409233428707 0.010170216431637057 0.013563153314258515
1 0.5184848848865726 0.4425073177157844 0.007251566830165501 0.0188062992370052
1 0.5216316676885345 0.5411376371006198 0.007089209074187559 0.019000357653791253
1 0.36985489132434085 0.24988913936576057 0.011363178724708739 0.018074606342393894
1 0.47411480686695273 0.05215784453981879 0.007472409564684211 0.01341201716738197
1 0.42352027467811154 0.5401196019313306 0.008262945432250136 0.014330419408679023
1 0.9146336581632653 0.15603498611111113 0.013526051020408098 0.010846694444444476
1 0.8182423010204082 0.4494308908730158 0.0117934591836733 0.011852503968253991
1 0.769590637755102 0.9338192261904762 0.011520255102040876 0.015918095238095335
1 0.03377796888412017 0.9230324996423462 0.008543062231759655 0.024266000715307712
1 0.8159698214285713 0.05521004166666669 0.010598622448979508 0.01408388492063496
1 0.1291385652973636 0.5366669647114926 0.007280809319435935 0.01974546971864566
1 0.7145614387755101 0.7372512063492063 0.006463857142857014 0.020289253968253738
1 0.07736739622930716 0.060190228302336675 0.010268207541385658 0.01457454339532666
1 0.671337575873697 0.44857550524558887 0.011819848252605831 0.012702989508822178
1 0.3233364040465972 0.839975700286123 0.009793592887798904 0.012390599427753852
1 0.7164114591836733 0.9303255277777778 0.013605653061224387 0.011744777777777788
1 0.7221085918367346 0.837702496031746 0.007673816326530718 0.019403007936507954
1 0.0822693553034948 0.4467538220076299 0.005219106683016531 0.0199997474964234
1 0.47197554858982216 0.14791048020982353 0.010857902820355645 0.010443039580352876
1 0.4203148229613734 0.05827570886981402 0.00930904199877374 0.01011763328564615
1 0.128847329705702 0.1546447323557463 0.008614340588595962 0.01720553528850741
1 0.670121857755978 0.3513203385789222 0.005556407112201153 0.023098474010491216
1 0.8670982142857141 0.8347274424603173 0.010701530612244778 0.009488567460317416
1 0.1767579178418148 0.8289158963996185 0.011674231759656678 0.010474120410109755
1 0.6711454823727774 0.7409123987839771 0.005041959840588512 0.021811349308536045
1 0.12988668608215817 0.2501491415116833 0.006167768240343336 0.02426061063423932
1 0.8697612653061223 0.7367461408730158 0.013119469387755142 0.011562718253968225
1 0.3728243919374617 0.5480995243204577 0.00734017995095029 0.01625326418693381
1 0.27371807939914167 0.44709198581306625 0.011270156345800076 0.009636963042441523
1 0.42188947394236664 0.8357442627563184 0.01075814592274677 0.011719628993800708
1 0.17892601870018393 0.7327604182164997 0.011170034947884716 0.00980105197901763
1 0.9676979081632652 0.5481926904761905 0.012564183673469488 0.0219806190476192
1 0.8687989744897957 0.057064851190476204 0.013039806122448993 0.014094503968254006
1 0.3697687415695892 0.740068590605627 0.013068280196198653 0.013067396757272259
1 0.4236432184242796 0.7378638255841679 0.008460563151440833 0.024249348831664283
1 0.3709380748007357 0.15833631378159274 0.009580012262415645 0.0178826895565093
1 0.3295524218270999 0.9388412017167381 0.011496014714898806 0.011921793037672835
1 0.3739415930410791 0.6355129680495946 0.010470584610668203 0.01354726371006196
1 0.17880556085223787 0.6397120995469718 0.011197878295524204 0.01347880090605634
1 0.8219560153061224 0.34785984126984126 0.011258969387755155 0.018140317460317412
1 0.5732181698344574 0.5466646083690987 0.00623073574494169 0.024338880543633756
1 0.17516340803188227 0.3459488007868383 0.012727183936235445 0.012355398426323333
1 0.3235204028203556 0.5450587334287077 0.013227194359288826 0.013430533142584602
1 0.22449654077253217 0.4465666130185979 0.0090789184549356 0.019116773962804028
1 0.1802479691906806 0.5364902118502621 0.009292534947884715 0.020098975441106403
1 0.9661708928571429 0.6449250198412698 0.010579132653061101 0.018929722222222146
1 0.6696428571428571 0.648247496423462 0.009963212752912247 0.01043156890796373
1 0.32587710576333534 0.6415117374821173 0.008743788473329213 0.020058525035765464
1 0.42506514408338436 0.4455770147830233 0.010154812998160625 0.01788268955650935
1 0.22753669911097485 0.6356383322603718 0.008215994788473324 0.022982992131616697
1 0.22361443930104227 0.9379255405340964 0.011913121397915357 0.0130709189318075
1 0.7159598214285713 0.5395275297619047 0.01259566326530615 0.012710813492063463
1 0.6152441912936848 0.6458410176442536 0.007695617412630286 0.021265964711492655
1 0.2736801221643163 0.541892813185503 0.00934675567136729 0.01827537362899376
1 0.472025150061312 0.5404352830233667 0.006358699877375885 0.022811433953266517
1 0.1322041692213366 0.6279431926561754 0.00613120784794603 0.026451478302336677
1 0.225520490649908 0.7268730993085359 0.011510018700183927 0.014934801382927946
1 0.6635746785714285 0.8354319567238911 0.01060355518087052 0.012344241058655194
1 0.32265835453709374 0.34856166070577016 0.006138290925812383 0.021306678588459742
1 0.07931369635193133 0.3542976930138293 0.01377760729613735 0.01862161397234141
1 0.5666689173819741 0.05184395457796853 0.013581233292458604 0.01031423676680972
1 0.03243342489270386 0.05198890069146399 0.010240446351931335 0.015985241058655217
1 0.37494903678724706 0.4414704169051025 0.009937926425505797 0.01414016618979498
1 0.5244547901594114 0.9298256568907963 0.010639775904353143 0.017285977587029124
1 0.5671308684855917 0.3517137597758703 0.01457333353770695 0.017095847162613205
1 0.8720503826530611 0.939453125 0.003985969387755059 0.008370535714285686
