0 0.3242289145633518 0.5457830979583824 0.04144117087329633 0.08179980408323523
0 0.02735760209490156 0.25089909344326655 0.040202331903079244 0.08157341264232433
0 0.4739350051741545 0.9363230313113465 0.04113098965169115 0.08132293737730656
0 0.5242557830641089 0.9365080313113466 0.04081343387178202 0.08169293737730655
0 0.07611370519939423 0.5436849725166862 0.04243437657748611 0.08189782096584212
0 0.7719428319030792 0.4466038476639183 0.04022589601211511 0.08036415390655671
0 0.026924099318525997 0.4472436353553199 0.041543806915699144 0.08164372928935999
0 0.07680300290257445 0.15377043119356104 0.04128899419485108 0.08055813761287789
0 0.1259622665320545 0.5452186395759716 0.040225896012115084 0.08128435414212799
0 0.871950754669359 0.5445187644287396 0.0414784906612822 0.08233847114252067
0 0.02689784793033821 0.7386873726933647 0.04054481246845028 0.079283854142128
0 0.07698132256436142 0.34752895563407926 0.04069914184755174 0.08097762073027089
0 0.1758897021706209 0.5452186395759716 0.041645633518425026 0.08067088731841378
0 0.07702050429076224 0.2519486272084805 0.04172399697122665 0.08121861287789553
0 0.5223942927814235 0.5461177146643109 0.041507414437152945 0.08185557067137801
0 0.12654228634528017 0.8390041688260698 0.0413859356385664 0.0805407287004319
0 0.026501102094901568 0.5438191808990969 0.04132880691569914 0.08216623773066356
0 0.026975012619888942 0.8367687475461327 0.04006814740030287 0.07729681978798582
0 0.27466225681474005 0.5462121814880252 0.041058486370519884 0.08020410384766397
0 0.8709300858152448 0.34768232234000784 0.04133013629480057 0.07883048684727129
0 0.027711723624432093 0.3477945056929721 0.03996408329126702 0.07905485355319986
0 0.6225664811963654 0.25144504367883785 0.042457545936395745 0.08143837946603849
0 0.07641713553760728 0.44669540194346286 0.04146375113579001 0.08116072928935998
0 0.12686515648662292 0.34938828945818606 0.04076968702675418 0.0822424210836278
0 0.07635032811711256 0.05613221436984688 0.041645633518425026 0.07975068708284255
0 0.2743940082029278 0.3493652562819003 0.041152983594144384 0.07974248743619942
0 0.47345063086824835 0.5461713313702394 0.040477738263503274 0.08134933725952109
0 0.1758793170116103 0.34919442275225754 0.041309365976779436 0.08246815449548497
0 0.423969101590106 0.5469450813702394 0.04152729959616355 0.08289683725952103
0 0.02701147223624432 0.6423956269140164 0.041403055527511355 0.07994241205339629
0 0.07676537859666835 0.7397691061052217 0.0415292428066633 0.0820607877895564
0 0.1263587918980313 0.2516400436788378 0.041018946744068654 0.08060144581861012
0 0.3735433237001515 0.3492141395759717 0.04195035259969713 0.08005372084805658
0 0.027174720848056534 0.9343660810757752 0.04109855830388693 0.08108983784844939
0 0.47335050933871775 0.25142142697290926 0.0418549813225643 0.08139114605418138
0 0.17598306701161026 0.2528556272084806 0.041516865976779393 0.08057874558303885
0 0.47375475795053 0.3493082728700432 0.04203248409893991 0.0808554542599136
0 0.5734950782433115 0.8372288476639183 0.04180338213023721 0.07821702002355706
0 0.12644928495709237 0.44721738535531996 0.041515430085815236 0.08159122928936001
0 0.6231070166582534 0.5452186395759717 0.04164563351842513 0.08189782096584212
0 0.42430222589601213 0.740853806340793 0.042193548207975794 0.0805493873184139
0 0.5230542886168601 0.34911927287004313 0.04093442276627976 0.08047745425991361
0 0.274297888061585 0.2522638937966235 0.040960743311458866 0.08123567923046725
0 0.42352397867238767 0.25217767697290927 0.041899042655224705 0.08290364605418135
0 0.1757319535588087 0.6446002650176679 0.04133013629480059 0.08005742049469965
0 0.3739079466178697 0.547051198076168 0.04173310676426044 0.08249560384766398
0 0.42351235436648155 0.3500352562819003 0.04219129126703684 0.08108248743619942
0 0.2250283947501262 0.5462922065174715 0.04085689045936398 0.08159108755398511
0 0.32388029025744575 0.4477938687671771 0.0410594194851085 0.08151726246564579
0 0.47387682988389696 0.8384557813113466 0.0406991418475517 0.07883048684727129
0 0.1268676578748107 0.05546450176678444 0.040774689803129746 0.08086912917157439
0 0.0275271327612317 0.05567211425206125 0.03991039878849066 0.08128435414212799
0 0.9204209193589096 0.3466368392226148 0.04061468071680961 0.08164725520219868
0 0.7227309154467441 0.44659926864939137 0.041499185764765245 0.08219539634864552
0 0.9705964458606764 0.3461721058107577 0.041584108278647135 0.08071778837848455
0 0.7227437855880868 0.5444221311346682 0.0412094288238263 0.08153173773066354
0 0.5229345427814236 0.2517196437966235 0.040694931095406464 0.08014717923046723
0 0.12640640926299848 0.7405191061052216 0.041429678697627446 0.08172038731841368
0 0.573258455325593 0.6441401648998821 0.04069914184755165 0.0791372202591283
0 0.8205524795557798 0.05496050176678445 0.0409030408884402 0.08231499646643109
0 0.4732516336446239 0.057305168826069876 0.041341732710752206 0.08086966234786021
0 0.17583944270570417 0.15527926472320377 0.04154511458859163 0.08050847055359246
0 0.17591406701161028 0.7406786061052218 0.04169436320040385 0.08203938731841395
0 0.5736528268551236 0.7404544562230074 0.04180338213023731 0.08097762073027089
0 0.9215386610297829 0.544006164310954 0.04127267794043427 0.08315367137809195
0 0.2259748864209995 0.7406078229289359 0.041172387682988414 0.08189782096584222
0 0.5235659115345784 0.7409139396348645 0.04101117693084301 0.0812831207302708
0 0.02705522223624432 0.1535935644876325 0.0399130694093892 0.08081787102473496
0 0.37359332370015147 0.2513498102669807 0.04205035259969715 0.08186137946603847
0 0.32437379442200903 0.34962038957597175 0.04141543336698637 0.08147968767177073
0 0.374302945229682 0.7411394562230075 0.04094561786976273 0.08234762073027092
0 0.6727978293791014 0.5449119061641146 0.041014639071176105 0.08189782096584212
0 0.7718880718071679 0.34892490616411465 0.04043187304391712 0.08131565449548485
0 0.42367335714285714 0.4480456187671772 0.041566805148914705 0.08202076246564606
0 0.4744277523977789 0.7413057897526502 0.04085449520444224 0.08022642049469958
0 0.32459541178697626 0.7415251564585787 0.040912176426047504 0.08005168708284256
0 0.522778899545684 0.4479841480172752 0.04038364462392739 0.08005742049469965
0 0.6238957597173144 0.8387625147232037 0.041645633518425026 0.07944395367098551
0 0.2749807540383644 0.7411343395170789 0.040433491923271093 0.08172392049469954
0 0.5238300400050478 0.8390800189438554 0.040908439424533025 0.08007896211228901
0 0.32338465421504287 0.2524415979583824 0.04069914184755175 0.08036415390655673
0 0.6222472311963654 0.05767013564978406 0.041819045936395786 0.08037266234786022
0 0.47348700795053 0.44737350206124854 0.041496984098939954 0.08128999587750298
0 0.32474591178697626 0.9358775313113467 0.04121317642604743 0.08043193737730646
0 0.3244982874810701 0.6440760439733019 0.041033425037859624 0.08023591205339621
0 0.67380425908632 0.8400800527090695 0.0417655095911156 0.07778476187671766
0 0.9662891216557292 0.05919954848841774 0.04022589601211511 0.07975068708284255
0 0.17604745078243308 0.0565923144876325 0.040383644623927316 0.08128435414212799
0 0.8694314740030287 0.05413844719277581 0.041172387682988386 0.08128435414212799
0 0.22563322198384653 0.6443484106792304 0.0408045560323069 0.08016717864153912
0 0.424401851590106 0.9360390644876323 0.04270829681978796 0.08320887102473505
0 0.3732869480060575 0.15467714801727522 0.041122103987884934 0.07991770396544957
0 0.5725591991418475 0.34829767275225754 0.04182460726905605 0.0806746544954849
0 0.8217913932357395 0.5446051727522575 0.04022589601211511 0.08189782096584212
0 0.5736070692831903 0.5457498479583823 0.04171186698637054 0.08296023773066342
0 0.2254803490661282 0.2511885602669807 0.04144530186774359 0.08153887946603845
0 0.7725783176426047 0.5442301477228112 0.04181236471479051 0.08237470455437772
0 0.6227008541140837 0.34867917275225757 0.041464302877334595 0.08205112131919905
0 0.12672415926299846 0.6430809604436593 0.04174968147400299 0.08131307911268168
0 0.3735487127713276 0.44706394778170394 0.041961130742049435 0.08251128778955635
0 0.22595334906612818 0.9350576811935608 0.04049831852599693 0.08124610443659207
0 0.6733401292276627 0.6432291606792304 0.041783741544674464 0.077928678641539
0 0.6725612064613831 0.7421414899882214 0.04022589601211511 0.08189782096584212
0 0.1763490656234225 0.8381946018845701 0.04130237152953052 0.07892159481743238
0 0.7716705745835436 0.2510511603847664 0.04157436471479059 0.08126407970160973
0 0.4237422258960121 0.05764088564978406 0.04107354820797577 0.07908722870043187
0 0.9718920646138313 0.5430688141931684 0.04133587077233715 0.08311937161366313
0 0.9704505715547702 0.24872690979583822 0.04160785689045952 0.08397718040832355
0 0.17617743992932863 0.44689201864939143 0.04095912014134273 0.08155396270121709
0 0.921951909641595 0.6420484604436592 0.041468180716809806 0.0792480791126816
0 0.5227000252397779 0.05751251472320377 0.04054139323573957 0.08005742049469965
0 0.9220570339475013 0.7394573395170789 0.04041644043412426 0.08082378778955629
0 0.5731314449772843 0.4476686021790341 0.041707110045431706 0.08003979564193164
0 0.5723609491418475 0.2512090436788378 0.04205910171630488 0.08035291264232428
0 0.27453600681474005 0.4471602686493914 0.04080598637051993 0.08209046270121713
0 0.5735739525492176 0.9361503729878287 0.04133013629480057 0.08159108755398511
0 0.22537084906612817 0.34959652287004317 0.04122630186774356 0.0814319542599136
0 0.7236290328117112 0.9364745313113465 0.041717934376577503 0.08162593737730657
0 0.2743751338970217 0.15464364801727523 0.04143073220595659 0.07985070396544953
0 0.7711859488894497 0.15358154789948958 0.040920610550227006 0.07956690420102079
0 0.6724967604745078 0.34860828945818606 0.04104349570923773 0.08129588790734196
0 0.6231858909641594 0.7406078229289359 0.041172387682988386 0.08005742049469965
0 0.8700772602221101 0.15221596436984688 0.040255479555779974 0.07990307126030623
0 0.721916665446744 0.34831328945818607 0.041763669106511865 0.08009242108362781
0 0.9206444124179707 0.4447558184138201 0.04011517516405862 0.08096236317235962
0 0.27490725681474004 0.6438625605614448 0.04154848637051996 0.08103587887711021
0 0.9229392811711256 0.8369707020023557 0.04060344876325083 0.08015459599528856
0 0.3236396728924785 0.05667906870828424 0.041524676426047485 0.0808443957597173
0 0.22563197337203436 0.05737715223792698 0.040171064361433674 0.08040016234786024
0 0.8213629767794043 0.348465789458186 0.04126204644119135 0.08039742108362777
0 0.6240535083291266 0.935383539458186 0.04133013629480057 0.08189782096584212
0 0.8728628748107017 0.740027822928936 0.0410942503785968 0.0801243541421281
0 0.6229193513377083 0.44645990194346286 0.04190129732458355 0.08130319611307414
0 0.22565938919737508 0.8389158814291322 0.039594901564866246 0.07791028661170005
0 0.27464033316506814 0.0565923144876325 0.04038364462392729 0.08067088731841382
0 0.7231127855880868 0.7405401392815076 0.04131643437657735 0.07992205319984307
0 0.37420381953558807 0.9363307813113467 0.041378360928823806 0.0813384373773065
0 0.42453435020191815 0.8385061522379269 0.04171130514891464 0.08077162917157436
0 0.2252333518425038 0.4470537686493914 0.040951307420494715 0.08065052905378876
0 0.6720557576981323 0.057182768943855516 0.040792484603735545 0.07878446211228897
0 0.8206187281675921 0.15238808107577542 0.040404543664815815 0.07963383784844917
0 0.0766367570671378 0.8382285687082842 0.041902994194851086 0.07960299528857472
0 0.1264981578748107 0.15441066460541814 0.0406666842503786 0.08061167078916373
0 0.47309988364462385 0.15450414801727522 0.0410382327107522 0.07957170396544955
0 0.8698258455325591 0.25060119748723986 0.04101463907117621 0.08220455437769925
0 0.8711071317516406 0.4454941851197487 0.04073773649671872 0.08182562976050257
0 0.4737833808682483 0.644040777385159 0.04114323826350328 0.07893844522968191
0 0.773046564866229 0.7397272062230074 0.04148687026754152 0.08013658755398505
0 0.07650807672892478 0.9349234393404003 0.04164563351842503 0.08220455437769934
0 0.5233310196870268 0.6439867981939537 0.04085689045936393 0.08005742049469965
0 0.4241892258960121 0.6438951606792305 0.041967548207975776 0.07926067864153907
0 0.12655554050984352 0.9361782813113465 0.040781449520444255 0.08103343737730641
0 0.5724158220595659 0.05807751894385551 0.04122235588086817 0.08057396211228897
0 0.32432553886925797 0.8386713856497839 0.0413189222614841 0.0786482287004318
0 0.6233281041140838 0.6431670439733018 0.04208780843008577 0.07903137887711044
0 0.37441132370015145 0.8382385355319985 0.041793369257950574 0.08023639575971733
0 0.7235994071176173 0.8388679857675696 0.04134318576476527 0.07720102846486061
0 0.8724263761988894 0.6419077104436591 0.04085224760222102 0.07896657911268158
0 0.42343185436648156 0.1542224146054181 0.04203029126703685 0.0802351707891637
0 0.0764042570671378 0.6431113271495877 0.042384485865724374 0.08076034570082452
0 0.7737130634780414 0.9369828980172752 0.042188873043917344 0.08202920396544952
0 0.5226155427814236 0.15403253131134667 0.04037242831903092 0.07924193737730666
0 0.9192011610297829 0.15213977228111503 0.04069914184755175 0.08036415390655671
0 0.6725076320040383 0.2507884435610522 0.04138073599192325 0.08135211287789558
0 0.9188060450530035 0.05515033529642716 0.03990890989399308 0.07962732940714566
0 0.1761546913175164 0.9355582978994894 0.041544617364967174 0.08102040420102084
0 0.2750813811206461 0.9355481646054181 0.040634746087834475 0.08100013761287804
0 0.9724920632256437 0.7386843561052219 0.04190487354871278 0.07989128778955647
0 0.9707851944724886 0.44465020170789155 0.04133061105502277 0.0813645965842167
0 0.8229010941443715 0.6421042104436591 0.040867811711257016 0.07935957911268164
0 0.2252843476779404 0.15494354789948958 0.04042230464411912 0.0822909042010208
0 0.6724034578495708 0.4464504809579897 0.04054139323573957 0.08067088731841382
0 0.8729019434628974 0.8372288476639183 0.041172387682988386 0.07944395367098551
0 0.7708038273599191 0.056493168826069876 0.041418356385663914 0.08108606281900274
0 0.821397021706209 0.44491681389870436 0.04038364462392739 0.08189782096584218
0 0.7215092925290257 0.056818152237926974 0.0412644204946996 0.08050909599528859
0 0.920303046441191 0.24865524332548097 0.041956420999494724 0.08076651334903813
0 0.5723390748359415 0.15389429789948958 0.04169985588086839 0.08019240420102082
0 0.8226770955325593 0.7399329396348645 0.041050808934881236 0.07932112073027081
0 0.32398104025744573 0.15452078131134667 0.041260919485108516 0.08021843737730662
0 0.9728408090610803 0.9332385810757754 0.040709381877839436 0.0788348378484493
0 0.27496662973245833 0.8380765521201413 0.040720740535083316 0.08052589575971729
0 0.674054877839475 0.9364863980172752 0.04195124987380114 0.08226313761287803
0 0.37397894661786973 0.6439074106792305 0.04187510676426045 0.07928517864153908
0 0.8211542281675922 0.25029706026698073 0.04052905199394244 0.08098281311346686
0 0.622614102725896 0.15398303131134666 0.041290800100959146 0.07914293737730663
0 0.7217769140585562 0.1537901646054181 0.04085317188288735 0.07937067078916371
0 0.8237854656739021 0.9362742978994897 0.04105906865219597 0.08245240420102086
0 0.7219689140585562 0.2507790602669807 0.041237171882887426 0.08071987946603844
0 0.8235914656739021 0.8371767020023556 0.04067106865219584 0.08056659599528851
0 0.9731511862695608 0.8370754809579897 0.04196113074204959 0.07913722025912841
0 0.8733751892983341 0.9356902728700431 0.04180338213023721 0.08251128778955635
0 0.3733294480060575 0.05716703553199842 0.041207103987884915 0.07997992893600314
0 0.7727980662544169 0.6431323105614448 0.04162086749116602 0.0795753788771104
0 0.6719608889449773 0.15414314801727524 0.04091824432105002 0.07884970396544956
0 0.9692408257193336 0.15146423095798978 0.04108134856133278 0.0796265380840204
0 0.9723746861433619 0.6423847104436592 0.040723627713275944 0.0799205791126817
0 0.7230274098939928 0.6429251772673733 0.041461180212014066 0.07854764546525327
0 0.9232992811711256 0.9346958144876325 0.040692454316001755 0.08174930467216335
0 0.7738901863957598 0.8375748021201413 0.041596627208480695 0.08013586258343164
1 0.9299545152700655 0.45965537642324306 0.005941549974760311 0.0076376177856301505
1 0.7278626495456839 0.3688487485276796 0.003449360171630441 0.014412828818217507
1 0.9791669188541139 0.26604973498233214 0.005005384906612928 0.009591735374950863
1 0.8808529748864209 0.9543500733215546 0.007286983089348808 0.012677945229682032
1 0.7243302974507824 0.6640884526894385 0.003573125441696082 0.013475038084020358
1 0.982261782054518 0.6568520018649391 0.0067030890964157866 0.013838202787593228
1 0.4354424419485109 0.3553456466431095 0.003988917213528406 0.014426492343934042
1 0.8804526075214537 0.8482312096584216 0.006194734477536607 0.012656151550844146
1 0.7313495099697123 0.07873217765999214 0.007202544926804576 0.010625554377699247
1 0.4807809920494699 0.05416804142127993 0.004490514639071108 0.013130348252846492
1 0.9296125694093892 0.9553212112288965 0.005678950025239869 0.01687033765213977
1 0.482418235108531 0.15930450520219866 0.005001995204442165 0.010822673930113873
1 0.5339781275870772 0.26209306792304676 0.00788927738515903 0.008303067137809162
1 0.08137774949520445 0.64594066715744 0.0044580295305401176 0.01480300019630941
1 0.68071073069157 0.46293257724774245 0.006259003028773285 0.014579486258343167
1 0.3273231667087329 0.06665345965842166 0.004111869510348396 0.01331165155084414
1 0.5800673006057546 0.750559513643502 0.00783612064613826 0.008009359049862514
1 0.8819488505805149 0.36894049852767963 0.00477973447753653 0.01606972928936
1 0.1299247857142857 0.1619894554377699 0.003906107521453807 0.014654775814683921
1 0.7843367795305402 0.45790245995288575 0.005657586824835903 0.015437718492343815
1 0.8315616928319031 0.06315355918727915 0.005225932862190774 0.015403717903415775
1 0.030550218828874303 0.8330378245975657 0.00862444876325088 0.017890781900274808
1 0.3763904445986875 0.8438252256576363 0.007251922513881936 0.009198783078131217
1 0.1262169641595154 0.9389916189634865 0.008870071680969208 0.019178762073027242
1 0.9292375124936902 0.3671790980565371 0.00895304164563352 0.00977706105221829
1 0.8344933032559313 0.7574812979976442 0.009458623170116047 0.009502460934432693
1 0.831793192831903 0.16791633932076952 0.007917905098435186 0.010776076756968973
1 0.979822794548208 0.4624509439536709 0.00621761130742036 0.019837020612485327
1 0.1831313038869258 0.16381617226148407 0.004762127208480546 0.011614808990969783
1 0.626916099318526 0.3580515305261091 0.005317220848056487 0.012082058696505655
1 0.6320030715547704 0.0635496758932077 0.0074476680969206245 0.010930683549273635
1 0.2790046235487128 0.9561794737926972 0.007992772084805618 0.018221146643109597
1 0.878405487380111 0.4626067934825284 0.008395991418475492 0.009096385551629184
1 0.8288207067137808 0.5611650896152335 0.0069219384149419175 0.011356510993325524
1 0.9284541423523474 0.7577272648213584 0.008311301362947988 0.014531728700431894
1 0.683113348056537 0.5507814883195916 0.007132718324078776 0.010652374754613348
1 0.9284294548207975 0.5610154102866116 0.007098687531549785 0.011042402826855103
1 0.6259204708480565 0.2612161176874755 0.008570466683493143 0.008216567137809161
1 0.7775995586824835 0.07380402718884962 0.006512139575971584 0.012506786611700028
1 0.9793084146895507 0.8567769110718492 0.010716840484603755 0.01764955437769908
1 0.18027131360424026 0.25504165027483305 0.005749649419485131 0.007069231841382035
1 0.6829361022211005 0.16609033932076953 0.0055942266532054774 0.01810887769925403
1 0.9764483084300857 0.07610852777777778 0.00665663907117643 0.01832672143698467
1 0.08076449671882889 0.05719185836277974 0.008839507319535565 0.013830849430702771
1 0.777495555906108 0.9574028736749116 0.007351139575971745 0.010253145465253194
1 0.7251345391216556 0.26689823557126025 0.004804117112569425 0.018937137023949772
1 0.5805997992175668 0.06627229318806438 0.004878140080767273 0.017141318610129585
1 0.1821811781928319 0.6358429159795839 0.005715886925795058 0.015367564193168289
1 0.07660376476527007 0.9290773873184138 0.008011551741544677 0.021507573223399922
1 0.32856403407370016 0.44033962406753036 0.006993587582029192 0.009461113074204953
1 0.7301163912165574 0.4611212768943855 0.007460301867743522 0.014521286022771918
1 0.7264106537102474 0.7584666481154299 0.009508324078748132 0.010599094817432252
1 0.6786558716557295 0.2572410341578327 0.005636262746087794 0.016166734197094555
1 0.7787319232710752 0.1666115223792697 0.008348874305906 0.012772243816254426
1 0.23493981650681467 0.940346338142913 0.0084141580010096 0.01307940851982714
1 0.6817223411155982 0.7510085474087161 0.005497771075214481 0.01569982705143305
1 0.43411094333669864 0.06166540930506478 0.00633641721352853 0.01838001766784452
1 0.8305019400555275 0.3634122479387515 0.008291930085815226 0.016083827640361155
1 0.5309507713276123 0.7543734478798587 0.005110067642604678 0.015718161170003932
1 0.8337533101968703 0.6596415024538672 0.005259659262998488 0.016847737141735385
1 0.42846071693589094 0.25416780015704754 0.008802947753659801 0.008816932076953183
1 0.23031946718828877 0.7437283631723596 0.00692795103483085 0.0173773922261483
1 0.7261168601716305 0.9479596093443265 0.010095911155981898 0.015029937180997283
1 0.8797822290509844 0.2617201514526894 0.00785098864209987 0.014570101491951357
1 0.8814149734982333 0.7532622476442873 0.008055969207470984 0.013646293875147325
1 0.6298460784957093 0.4641013438358853 0.009237676426047463 0.009788085787200708
1 0.9816215334427056 0.16851873920298388 0.009245575214538145 0.010184743816254437
1 0.426205229429581 0.9410465715547703 0.006372983846542165 0.013519342167255822
1 0.3316985215800101 0.7466083803494307 0.005772568147400341 0.01529815881429138
1 0.6299887055779909 0.9533136064978406 0.008321427814235095 0.009229677463682862
1 0.5820134124179708 0.16716413908519825 0.009622847046945942 0.010440076756968982
1 0.32789216115598185 0.8372010917746368 0.005813355628470416 0.016312382606988564
1 0.6766282542907622 0.3570390968786808 0.005905530792528931 0.013493459167648176
1 0.7787260222110045 0.7597786611700039 0.005205704189803128 0.015950137416568526
1 0.9307708798586573 0.8542003773066352 0.00904127915194327 0.016667953670985426
1 0.0314270945229682 0.5456435878484491 0.004977714033316502 0.017247374754613354
1 0.03296945986875315 0.2502944640753828 0.005994447248864214 0.019630938358853545
1 0.12885903571428572 0.6460990338633686 0.007615093639575931 0.013872799960738152
1 0.6267760951539626 0.6592299189242247 0.008121206966178513 0.011536235963878995
1 0.22709821996466428 0.6441787500981546 0.006429506562342294 0.010351765606595996
1 0.775413301362948 0.36010502552021983 0.009938162544169618 0.015950137416568526
1 0.7815421663301363 0.5593007400863761 0.00493686875315506 0.01692561052218296
1 0.1286275357142857 0.7427749129367883 0.008709088086824808 0.0137630912838633
1 0.03148383064109036 0.7335121949352178 0.010543191822311969 0.012657588928150805
1 0.08416286269560827 0.8331306913034942 0.004882250378596671 0.01893198213584599
1 0.03371007370015144 0.9385963547310562 0.011138661282180719 0.011058173930113805
1 0.134027928066633 0.2565182983902631 0.008086143866733966 0.01735540321947394
1 0.17537933581524484 0.7507915308205731 0.004491202170620896 0.018587727522575648
1 0.03155946188793538 0.3433335115822536 0.009760934881373043 0.01023128857479389
1 0.7292920196870266 0.5609562400863761 0.005007581019687076 0.020362745583038706
1 0.22968659149419485 0.8491072931880643 0.009140194093891984 0.01397131861012942
1 0.3319652590863201 0.6422605166862976 0.0058700875820292195 0.014188232430310125
1 0.7768718100706713 0.6672651203376522 0.0070211451287228496 0.02061797290930498
1 0.5328532574457345 0.35589798017275226 0.008561531549722291 0.01454875893207694
1 0.7762501843765773 0.2646541016882607 0.00857989374053523 0.009315667844522953
1 0.17579407748611814 0.8447676924813505 0.009656166077738502 0.010994650372987832
1 0.8792911102978295 0.16943257332155473 0.004731762241292208 0.020012945229681976
1 0.6280260909893992 0.5558015558500196 0.004359226400807614 0.017175843934040022
1 0.5810126749116608 0.3666861152336081 0.004683383139828428 0.01873809540636046
1 0.3793016807168097 0.3538278131134668 0.0077393947501261905 0.015621758932076919
1 0.878967106133266 0.6490559343345111 0.008534742806663331 0.01286673360816643
1 0.48006024343765774 0.6480963508048684 0.00656300630994439 0.012945500196309467
1 0.2803672450782433 0.7448799632901453 0.0065295179202423574 0.016301125638005527
1 0.12905091279656736 0.5493272383195916 0.0043918644623927245 0.01724167569689842
1 0.28223273952549216 0.45704075971731445 0.005953501261988896 0.014707251668629713
1 0.8287295768551236 0.2660548351001178 0.009943673144876389 0.010195001963093838
1 0.38232391961130746 0.9368540212014134 0.00674287253912159 0.017610175107970052
1 0.02882922299343765 0.44885664183352963 0.010488954316002027 0.011444549077345871
1 0.07990063213023725 0.3472399624067531 0.0042572920242301875 0.016528123871220983
1 0.5785786776880363 0.9449639886140557 0.00923588036345271 0.0105922426383979
1 0.4330450718071681 0.45168264242245776 0.0068906741544674435 0.013767616607773862
1 0.6810538522211004 0.07306154377699253 0.00967422387682981 0.009084018845700832
1 0.6827328508329127 0.8506201936592068 0.005685232205956631 0.019534053199843013
1 0.03446107925290257 0.0580617920102081 0.004904191822311965 0.016385249901845297
1 0.9301251312468447 0.17147673979191205 0.010648273599192595 0.013470744994110691
1 0.32712315976779405 0.9451752392029839 0.007982352852094924 0.021212144287396876
1 0.5349242518929833 0.16833475638005493 0.005997028773346764 0.017300844522968217
1 0.27784600201918225 0.6500127175107969 0.009679020696617816 0.009726233608166563
1 0.8805233478041393 0.07345674401256379 0.011101209490156399 0.012587886140557515
1 0.5321335074457344 0.05969090871613663 0.008739042655224693 0.008832748723989006
1 0.826383712266532 0.8477071930702786 0.009587446744068525 0.013704184727129901
1 0.23007134010600708 0.06623154318806437 0.008370696870267556 0.008020816254416962
1 0.23033109149419484 0.5481556382018059 0.005642713528520967 0.018971409108755388
1 0.43192695027763756 0.16201413849627014 0.008811419989904071 0.010311141931684314
1 0.37818118765774866 0.5496543046721634 0.009033889197375038 0.009225941107184887
1 0.1819275538869258 0.4497052923046721 0.00496114664310954 0.017722316843345107
1 0.5338198761988895 0.8477045597762072 0.007890282937910139 0.015549851786415362
1 0.5826960395002524 0.6563345688064388 0.006680106764260379 0.019780803494307046
1 0.386376902953054 0.2567114340400471 0.007155330893488098 0.013545133490380765
1 0.13101022211004543 0.45151158225363175 0.006783190307925274 0.01472320376914017
1 0.47995923649671884 0.45504977630545734 0.00771151186269563 0.01807575166862977
1 0.08067636824835941 0.7386551789360032 0.010277753154972227 0.010346689634864464
1 0.5315873914689551 0.5594563064389477 0.006045307925290087 0.01845487828818213
1 0.5792066818525997 0.26803045239497447 0.004824899798081767 0.016672703376521415
1 0.8299173157496212 0.9559421402630546 0.01198515648662288 0.012561145465253293
1 0.32851190976779404 0.5555165890263054 0.006151344522968165 0.01590537711032574
1 0.17796569623927308 0.9357341710836277 0.007205911913175151 0.01739600804868482
1 0.9301621354114084 0.26888545239497447 0.007734790257445719 0.01618963702394972
1 0.4786214948258455 0.25586340086376125 0.008178514639071162 0.01462773301923829
1 0.5783203075466936 0.8431087925991362 0.007544140080767241 0.01615285060855904
1 0.9780314244068651 0.36664766499803686 0.007907368248359603 0.016361128582646302
1 0.08338428003533568 0.24468556380054962 0.009966439929328618 0.0133208723989006
1 0.5317095157748611 0.9479646728504123 0.006116556537102521 0.01992754475853944
1 0.23198133455325592 0.15966517167255592 0.006128194093891892 0.01132827463682763
1 0.7806177906360423 0.8652484786022772 0.009625095153962551 0.011748822143698372
1 0.02933122576981322 0.6402195000981546 0.005067987632508835 0.019497199254024267
1 0.12606067667844525 0.8336393915390656 0.0059553755678949825 0.019754982135846057
1 0.426792348182736 0.5514133550255202 0.00835371857647651 0.0118425086376128
1 0.4330508162544169 0.8454350260109934 0.010349654719838494 0.00965998331370225
1 0.42596760651186266 0.7528336143502159 0.004955246340232173 0.01757089458186092
1 0.9814727806663301 0.5645882069100904 0.00891208632004025 0.016779612877895544
1 0.1853975372286724 0.05839890871613663 0.005908610550227143 0.015711016489988218
1 0.12945265724381624 0.056388391539065566 0.007374342251388224 0.011143515312131912
1 0.33390375908632 0.35392574676089517 0.0067255459363958076 0.01972015940321942
1 0.6830094709742554 0.6568835356301531 0.006393980817768811 0.020523270318021147
1 0.4829166024734982 0.9424676550844131 0.008737718828874311 0.012517575579112655
1 0.2785059978546189 0.5577018058500196 0.011198504038364478 0.010308009815469137
1 0.1333593919737506 0.34925217923046725 0.006501811711256953 0.014957557518649306
1 0.2826849853609288 0.2562621176874755 0.005364506814740062 0.019964967608951646
1 0.48136048233215545 0.7568017979976442 0.008694986875315485 0.012088394581860938
1 0.08471100454316002 0.15444027287004317 0.008518425037859663 0.012576069886140573
1 0.38267529252902577 0.15291608755398506 0.007617612821807132 0.016237907341970923
1 0.6276125937657748 0.8497580935414213 0.005186220848056625 0.01941785296427165
1 0.9289052694346289 0.06816832695327836 0.006778052751135581 0.019483919316843356
1 0.07745905502271579 0.5427362851393795 0.009473889954568408 0.015586429721240691
1 0.1816895538869258 0.3491182627601099 0.005752643866733972 0.01706579093050653
1 0.28047286660777376 0.3495936792304672 0.009157749873801128 0.012434157047506833
1 0.28182048536092885 0.16067848861405576 0.008670992932862122 0.014209375343541423
1 0.07991250365976778 0.4483079587750295 0.006126532306915701 0.01867658343148795
1 0.2308475859414437 0.2520397503926187 0.004925221857647649 0.019821166666666702
1 0.37739468904593637 0.7443367464664311 0.009029400302877378 0.015547158814291251
1 0.5298551428571429 0.4559402597173145 0.009194307925290295 0.015681318021201304
1 0.23097146441191316 0.4477439421868865 0.0059394538112064405 0.02041808343148806
1 0.578471054770318 0.45616910983509995 0.008189137304391737 0.01767748508048693
1 0.18291942125189298 0.5430921707891636 0.00834086471479049 0.017442474283470726
1 0.48328347261484095 0.8527414436592069 0.009896961887935365 0.01099728543384357
1 0.031036011862695605 0.15368505202198665 0.010645976274608789 0.0153598959560267
1 0.3278710243563856 0.16719948979191204 0.012796568147400272 0.022025244994110686
1 0.4785204948258455 0.5549858390263055 0.008065017415446768 0.015739943462897484
1 0.27912649924280664 0.8429531427169218 0.0068025290257445695 0.02014495131527284
1 0.530114209994952 0.6603970357283078 0.0033127208480566747 0.011042402826855103
1 0.7386578748107017 0.16962357675696896 0.003943715295305492 0.00736160188457006
1 0.6334395507319536 0.18005251276010992 0.005205704189803128 0.006134668237141729
1 0.6795810196870268 0.9648299469964665 0.006940938919737505 0.006441401648998892
