0 0.34893855192985884 0.9338957710466492 0.02764997600419766 0.05723001861030642
0 0.8503941192527799 0.6381429611546532 0.027780394771488196 0.05615277361390685
0 0.8105594488369676 0.5642877877234809 0.027538826121301256 0.05462998653285175
0 0.8889305939340962 0.5647979158709485 0.027679567512115585 0.05583736496910304
0 0.46531431489665714 0.5638959183289388 0.027813665346251647 0.053878563635290734
0 0.8845536232125458 0.05512764579354744 0.027280402528328335 0.05407025553503007
0 0.8847933492775519 0.1997349867156441 0.026511439785109503 0.05479274889639916
0 0.8894223519124275 0.6397003565723249 0.02770276433552396 0.05638300918303733
0 0.579335786393525 0.34589151125910694 0.026294368171156282 0.051641403319675754
0 0.8469056126464812 0.2734284890621059 0.027180793923823686 0.055567796098809845
0 0.7714532414321638 0.5651255262656978 0.02875418349313076 0.054401979765966786
0 0.9649291119359985 0.27144682495027056 0.027850148548405586 0.05595667078264621
0 0.31185438354356976 0.7117700114394765 0.026211319720253468 0.05438773772692883
0 0.037827338438531866 0.49255043432296103 0.02842159754207569 0.05786384274537767
0 0.7328840485027576 0.6382359888039459 0.028048118553438795 0.057290570838151804
0 0.9632481066107889 0.1266528001240989 0.02717703147109854 0.05542833522981476
0 0.7325219455274772 0.5651731133619807 0.0274205400629529 0.054687502343664554
0 0.9245903862026628 0.12709944022678324 0.028703791495029694 0.05575408981849585
0 0.07231097221868169 0.939139921149532 0.028613181520462834 0.05636568416155012
0 0.926630106924213 0.41775699272242983 0.027693541531881916 0.055733788116202845
0 0.8454155047510513 0.05620997727002348 0.02651963717475811 0.053031258378898015
0 0.8498518627624342 0.5651731133619807 0.027855411311693754 0.055448895884192
0 0.8932737694205338 0.9372800553361122 0.027242886719074516 0.05526215877758779
0 0.8084989000364768 0.27301680036618264 0.02766933676360809 0.05626720578801849
0 0.9723068299489688 0.8643150910736732 0.027144446528950643 0.054429612919153256
0 0.9264983649025443 0.34420019623356896 0.028102280881822615 0.05447427862717448
0 0.8135437581638125 0.861635940861136 0.027226659870132744 0.0541068925007496
0 0.9326139262599747 0.8637266947970196 0.028905605910956336 0.055144572421471076
0 0.9683618059953683 0.5652082204193825 0.027129015514435754 0.05495539721590843
0 0.7704432315918648 0.4182452125085061 0.02789369333342989 0.056252394361404924
0 0.8869878625624867 0.4176380985099142 0.026675062168659933 0.05606352530785909
0 0.27094114397967456 0.9355266710955106 0.028990899542391542 0.05842141890347477
0 0.7296859209267298 0.05791334823285318 0.026386608945045707 0.05301172937218345
0 0.3491970569703569 0.8605083659680102 0.027746583307802664 0.05496911481091557
0 0.3495748592205102 0.7855999780338345 0.027661382253327385 0.05960416436231183
0 0.6950145172425664 0.7851631396574205 0.028258239651803123 0.05743731428659808
0 0.8919416284822972 0.7874498673236247 0.028419881375618683 0.05620118439143758
0 0.191966418226142 0.9371131587365178 0.02858738886258454 0.05828175449820245
0 0.8862679769308537 0.3446028532544283 0.027059897258576892 0.05376619102439323
0 0.8475691568118735 0.3452038144888432 0.026768587973263116 0.05293088717099473
0 0.9673884204191936 0.49223321979321255 0.0269108188019442 0.05599453068563714
0 0.7726824523028739 0.7115128738894362 0.028410408892383596 0.05442085868060013
0 0.3126407377096563 0.34413306864358784 0.02662792041460143 0.052863542869180755
0 0.9636587076759748 0.19945097390730035 0.02665378681491423 0.054224723279711624
0 0.8853455327791732 0.27248753858086433 0.026847551481748586 0.055578820371521204
0 0.8465782253461074 0.20039172329412158 0.02778217630404782 0.05282659856715253
0 0.4652368904174179 0.710224331527427 0.02818431985951181 0.054194937629205915
0 0.1932374660635113 0.8624835343399099 0.026610154680370396 0.05457161196515088
0 0.810110042257 0.4181668834865638 0.028282679782636516 0.05742817501344335
0 0.03725675620333775 0.5664300612764163 0.027592576870092526 0.05702265659001953
0 0.23220469174045172 0.8621288343154792 0.02897720679822819 0.056346691681754685
0 0.8482322009772659 0.41805974637505294 0.02722502916337531 0.0553104169391028
0 0.923846846311006 0.05474929538242241 0.027792903191668605 0.053691905123905044
0 0.6559325498283655 0.564295068206585 0.026236743362297435 0.05521559265445587
0 0.9618716225860577 0.05470200158103179 0.02644073360147027 0.05302979190443628
0 0.3506937854356187 0.4922108917638977 0.028112522879632854 0.05750689662856094
0 0.8492104328668642 0.4921933368547784 0.027732081041450835 0.055867251036209015
0 0.11889601991723847 0.272954962117636 0.02811615461074118 0.05750571594062926
0 0.2741315068251077 0.5649828782263298 0.02811967732326394 0.05398208362551852
0 0.6192370778889799 0.8583760427522472 0.02879498310227289 0.05329754783692856
0 0.6187371215434545 0.7104559432678536 0.028664717551895005 0.05459117805901754
0 0.6547514026876928 0.27411618583236963 0.0264833905029701 0.055801099328546044
0 0.6553902899880665 0.4180336367010721 0.026505008122745918 0.05506784920600932
0 0.8845052535375756 0.1274304968365176 0.027087631265062098 0.05547032701015208
0 0.040135665178779825 0.27099172567805685 0.028039689337806244 0.056103785482263586
0 0.9284845539869809 0.5650663390152105 0.028041318691027436 0.05504998481868976
0 0.5809096736938987 0.9333065775919501 0.027026456270035026 0.057732451275572264
0 0.6170882244027819 0.2748726971212186 0.0288455118332403 0.05674307675084824
0 0.730682332711898 0.27338090196582293 0.02702664807433539 0.05471122836571633
0 0.892217418373954 0.8631335654569856 0.027723046285701682 0.05528254018034071
0 0.7310179895769165 0.34494928383680484 0.026828314663700368 0.050327993630467145
0 0.5798433305589173 0.41813344314531675 0.026149926981044055 0.05469641693910291
0 0.9311988914724141 0.714107622068139 0.029724749042201744 0.05518160216359684
0 0.1980426813391615 0.12794332902664293 0.027287026212113135 0.05609618251350679
0 0.6165192684522213 0.0593102191956829 0.028287364692567516 0.05352129067626023
0 0.6541387114975806 0.20320619264208317 0.02554789050297004 0.052174040553723475
0 0.7750971709895377 0.9354671387306618 0.028215218341824434 0.057294863924698125
0 0.6176668816627653 0.34548231901437604 0.027973649691637632 0.052536154296400975
0 0.46566401128941937 0.20311607960292025 0.02594196259715478 0.051951992102461354
0 0.9254316228808758 0.272063533204505 0.02712117979839064 0.05473080961880249
0 0.8872872029958597 0.4920451140057282 0.027081679208754813 0.05694254554960602
0 0.5789518157984689 0.20318008296810236 0.027072466342239976 0.054025305057080704
0 0.5417660117740559 0.637048457940145 0.02836015953193658 0.0566286445767366
0 0.7698529080215286 0.34442094352601343 0.02777594825357942 0.05155549363046718
0 0.6571813390736083 0.8581974570098172 0.026222007890840043 0.05313072473720023
0 0.6551507605831226 0.3459393483553899 0.026605714073306513 0.05154672912710986
0 0.42738693991406446 0.3456823085263205 0.02784161670013243 0.052028263005992774
0 0.9705435028373829 0.7144376092597953 0.026786845445518542 0.05584157654690944
0 0.1948041369735309 0.6379403869784274 0.028482288168236766 0.05621135469364808
0 0.8084503363064396 0.3448016402962772 0.026605934702786112 0.05269758394125852
0 0.8068550813862899 0.05708802242541909 0.02689401342517757 0.05345490999376605
0 0.845753450861313 0.12980582527445855 0.02680901955498234 0.054987136532137916
0 0.9293530457324377 0.6383776995514655 0.028625919222035875 0.05525109678581875
0 0.617075126347651 0.20204262490898967 0.028336178422605083 0.054224917945569925
0 0.6953070458328199 0.858804326618794 0.028070277151712352 0.05244098010383512
0 0.7692296580215285 0.20220736362014075 0.028461997455074405 0.05341230505708073
0 0.38932843906353704 0.34516114860449876 0.026661410069014388 0.05222818304508194
0 0.5416376424337075 0.2741898826026334 0.028006793391164846 0.05480640255828226
0 0.3111186786831356 0.7857177379067949 0.02694702458068757 0.058804484205955146
0 0.7336283328278508 0.785829359005382 0.027410883081981093 0.057818011056861775
0 0.6165726606727445 0.13133081077110134 0.027524501992941354 0.05613362367410461
0 0.0766315295532546 0.6400027390435358 0.028722365699870623 0.05741226718000432
0 0.7353094063981874 0.9349628614584968 0.027487696580112693 0.057618748076291644
0 0.2364373063217542 0.12852336888494476 0.028613977635623195 0.055185862425556204
0 0.807153330869333 0.2011982430844052 0.026717492710665997 0.05367824460719232
0 0.814980155135387 0.9361333580786233 0.027973649691637632 0.056343121999038764
0 0.3121620814605265 0.5651863582361021 0.02693181624851478 0.05335384374278597
0 0.388878209029516 0.6384398449428413 0.027862963887927007 0.05845251050520845
0 0.8103277040421681 0.4916985492240923 0.027171963991777025 0.055639069315364456
0 0.2748395354704333 0.3443954285898403 0.028169425587394627 0.05256010283986394
0 0.8509872354183123 0.7125070706596999 0.027613842661506814 0.05393472321441325
0 0.5033300965290209 0.7844544654648543 0.0276307675807625 0.058304146523048786
0 0.46534389215328725 0.6372493650552226 0.027662618470816427 0.05752083059315902
0 0.7332197053677761 0.7110584803489084 0.027559902762579188 0.05389276836980888
0 0.7682607781892498 0.05739003811726411 0.027104002550964876 0.05424928976258797
0 0.9722597714289212 0.9401168640014717 0.026474138008903275 0.056584746380368825
0 0.38805803870543276 0.85983548603153 0.0272736301832378 0.05465855484023236
0 0.7299866121168419 0.13098573817817563 0.02698799132526984 0.05544347848825318
0 0.3891989642371241 0.4173010852135151 0.026717762499231464 0.05468566965114804
0 0.04091441517877981 0.19862284325472268 0.02732624842390392 0.05650859090174797
0 0.3891615959960839 0.5645964739020928 0.02716852948889006 0.054037434898866206
0 0.8072765569014955 0.12934141723057374 0.02686731731491603 0.05691354622134664
0 0.5411683531884646 0.13110702204472227 0.02822774442157603 0.05663778814700593
0 0.6567007410184776 0.7852153590053819 0.026227086381325766 0.056970707827125405
0 0.7719142611127618 0.6383833823444733 0.028323438413280402 0.057014312763810894
0 0.5423940902645418 0.8588043266187938 0.02855341445208602 0.05472516072541767
0 0.6558685987979543 0.4916985492240923 0.026302096221624813 0.056210114470760124
0 0.5811864580189922 0.858578153780081 0.02690363269969876 0.0535114215074642
0 0.7685989742995113 0.1299127728525133 0.02720063001103974 0.055010683303115544
0 0.7347832838582621 0.8600226118391936 0.027788235941308366 0.05487755054463447
0 0.5804293256387678 0.7104659577712108 0.02703203476052096 0.054040161910336434
0 0.6564264959386271 0.6382574662262479 0.02683812574252171 0.058094919223283255
0 0.15736781937907035 0.41877339530635177 0.028441347354904563 0.05825140977818775
0 0.5036768122039275 0.41777422379735507 0.0272612968697535 0.05378762985804777
0 0.1582553705141053 0.34435769469263355 0.028324637126715176 0.053519834947727565
0 0.9656489044439248 0.34529204395296725 0.0266008399911458 0.0538203459825335
0 0.03265653556410367 0.864355276745517 0.02765240161097414 0.057036564409579646
0 0.5788048353631139 0.13118804948225238 0.0265852505513805 0.05584810109640673
0 0.19430169088992436 0.712283801419932 0.027897798778414612 0.05417307780510697
0 0.8113531011828409 0.638837775885001 0.027773346372001302 0.05620996437867916
0 0.5416489512435955 0.34567505319999425 0.028029411010940655 0.05120848720145043
0 0.924650708007645 0.19956904870173783 0.027768084058414334 0.05540674889639912
0 0.6567117998283655 0.710556499712098 0.02634583146117651 0.05422124579211107
0 0.6543779909025246 0.1312619962525161 0.02592982185278326 0.05542494948153846
0 0.9716232581439864 0.7887951921180624 0.02664159013891517 0.055297505074624935
0 0.9664524629825784 0.4179702245377267 0.02705557410854779 0.05540355092454657
0 0.5801369040133006 0.4918364282612626 0.026737073889810795 0.056866569315364414
0 0.6540204664177302 0.05911523855887239 0.026374302404091166 0.054083071328298656
0 0.7695215796469959 0.2733594245435208 0.0282728210254107 0.05619106060216715
0 0.7322477004476268 0.4921649056835648 0.02764506958384968 0.05695247900457306
0 0.42685978540080416 0.7103354714590211 0.02836381808882795 0.05441721749239393
0 0.11208171243193313 0.9391042129815806 0.028766089219281563 0.058138962943662054
0 0.12035487234745554 0.05278184244205725 0.027460435863352266 0.052978635448143234
0 0.03938773553135458 0.34299967194710645 0.027796666146860532 0.053503604627520136
0 0.15166411594984577 0.9392595351337558 0.0301030425194479 0.0604992684902503
0 0.42730314495035476 0.2024680644195821 0.02775456767128779 0.05253429524414492
0 0.23166051726121256 0.9369348708756341 0.028624562700184 0.059581498620078555
0 0.4655730231584197 0.2744257646909159 0.02706022371515961 0.05557468265982267
0 0.6924082220305777 0.34548231901437604 0.027780394771488054 0.05177476075587346
0 0.8116077678881586 0.7122122835786447 0.026543385501291143 0.05505828451849004
0 0.8903217455223918 0.7130436712458889 0.02719678563564239 0.054377926958034416
0 0.578473506988581 0.05902932886966371 0.026502358562763183 0.053911251949881285
0 0.31260685836998287 0.49215201182741763 0.02719076590134099 0.05780321671651156
0 0.5804881981786931 0.6373364662262481 0.026956524920221922 0.057204661148942876
0 0.7299468179514496 0.20237623458297044 0.026328638234036538 0.05279830505708066
0 0.3510625942950292 0.344927054638886 0.02716852948889006 0.05217407507476734
0 0.15699971694885329 0.49262853169549176 0.02833574666055681 0.05792809653083813
0 0.7316679356871783 0.41819762541222316 0.027548442123774962 0.05596687178370709
0 0.0731752266788264 0.864613081959804 0.028780971448726995 0.05550251359591548
0 0.7712320725865479 0.4921457497584955 0.028505100722048732 0.05691416715443437
0 0.23353356934425573 0.7121285214345904 0.02858704186975182 0.05406955781487947
0 0.9695484310324008 0.6398414185584187 0.027101467755364615 0.05609760753853738
0 0.5421585346542307 0.7847875751388352 0.027985675771389096 0.05744757878995535
0 0.5410805585205423 0.058660246991464694 0.028461313246905113 0.05349899030865289
0 0.5036284984738901 0.8584307602395534 0.027647806710052448 0.053406982811540785
0 0.5802408992091042 0.5638928940140192 0.026558554441118817 0.05422089588419208
0 0.9320137268016908 0.7881039063734071 0.02962584526089701 0.055239160024252186
0 0.9271401072004248 0.4910042460374888 0.027657191037725706 0.05637421125762727
0 0.9327593063456447 0.9385088747541903 0.027467791642438694 0.05563887035255632
0 0.6193012490035292 0.9334708163031011 0.028633442951147593 0.057680231927610626
0 0.6935919084164932 0.5643353748197638 0.027828708501525554 0.05453481234028576
0 0.6946222770828653 0.6376480984779267 0.029213053613746234 0.05706653211177246
0 0.23416434700675848 0.638095666963769 0.02869248955693228 0.056935994625242015
0 0.6178458567830062 0.49191037503152646 0.028428227392194003 0.05625306931536441
0 0.6578554420488886 0.9327523776071778 0.026893821620877136 0.05719509646142325
0 0.8519898775228825 0.786300597716533 0.028073087509451415 0.0559052627021857
0 0.27355180196467355 0.6389533849232972 0.028641878711959386 0.058237350583387616
0 0.5791291834182446 0.27437509873608673 0.02665418190119362 0.05460578966979318
0 0.11981019786821634 0.19892151551350573 0.02773739593139447 0.05457384903162232
0 0.7729833934929861 0.7863742944867969 0.028239271592010038 0.057575443323768294
0 0.8531408874791344 0.8624351569945893 0.028635813140609857 0.055514976382524096
0 0.694490683947884 0.7115077416377575 0.02788696528296142 0.05555268448803435
0 0.42805353163975973 0.2740023274259744 0.027781738686092797 0.0555815960882851
0 0.6191646072939239 0.784235346743377 0.028070277151712352 0.056723818769302596
0 0.4657011766548236 0.49151136080132746 0.027326180530411706 0.05652191466433123
0 0.6177623273780621 0.4176099850862039 0.02845442350245555 0.05460124274653685
0 0.5419737992987261 0.564014177880566 0.02838922474097806 0.054082766847021874
0 0.46512443555698385 0.7846348379800868 0.027433906666904945 0.0572598042939056
0 0.03429346531210998 0.7884257385498236 0.028221014854143005 0.06033684405562368
0 0.7741067395237714 0.8607553975663959 0.028070277151712352 0.05501068330311558
0 0.15674101729602713 0.5657485982409882 0.028448951520990924 0.05572056363529082
0 0.2716237984929349 0.860731314447405 0.028569496765000632 0.05562205175016075
0 0.11453202946800131 0.7137741613661843 0.028847236203563224 0.05570451783442405
0 0.8129292777284575 0.7865170557756458 0.02783362074084267 0.05690922397580656
0 0.5418155100534833 0.41782181089363807 0.028459156090791166 0.05521524274653695
0 0.3504307836997494 0.6387504049135246 0.027481418713546493 0.05762435058338708
0 0.6919565023661649 0.2022805603904045 0.02822973988370888 0.053368350212476386
0 0.693229555441213 0.49166987879566576 0.028263532071861934 0.05653347038417061
0 0.116542410543544 0.566158868231216 0.028769071275086863 0.05571294369392453
0 0.46562581489665716 0.4178115652232874 0.027280557708426467 0.054257349807504594
0 0.6185086509483985 0.5641047198214532 0.02907742350245564 0.05274106364774119
0 0.15495570653363722 0.7133674513466397 0.02897725707577287 0.055305177756245535
0 0.03239609383289692 0.9400778020716438 0.027651757812569074 0.05742158150887863
0 0.5413311882037196 0.2033396624171389 0.028070277151712352 0.05301202525923069
0 0.2354234808009934 0.3443918686191571 0.028162837009317657 0.05213890293758675
0 0.2728743505759781 0.7119326613661844 0.02812778148935042 0.05492007756080009
0 0.5808266442889547 0.7847870751388353 0.02695702492022199 0.0570658820196916
0 0.696123443788183 0.9332758356662906 0.028930053381840216 0.05709992226885747
0 0.19359986536916354 0.7877594079458837 0.027650255374718127 0.05936814461639112
0 0.3891483149314717 0.4915933317932146 0.026931765970970113 0.05647881666765012
0 0.6924177720467629 0.27408469390671025 0.028572514484456343 0.05649950901775477
0 0.11398143779039123 0.7888609860577903 0.02877818456508047 0.05882343664245951
0 0.1156227794680013 0.6386910249770444 0.02882162162226073 0.05874783059315916
0 0.35142949029605286 0.20220923540601055 0.028007422185285114 0.0541099294811475
0 0.1563225155601578 0.6393783947962571 0.028347652909686463 0.05805217042703029
0 0.350900434741271 0.5651310382703051 0.02747481454746007 0.05324320381119192
0 0.42719540953286944 0.4919520917883285 0.028614663575567613 0.05761041661878865
0 0.08065946237711019 0.12498231534149772 0.028993434547741476 0.059267837896162905
0 0.2725083991872826 0.7862548081168987 0.028446885655436842 0.05884342472388629
0 0.38837682968984255 0.7854411380778098 0.027490809374666504 0.05845832452844056
0 0.15338169443788363 0.863794565021916 0.028856042519447886 0.05550520871392968
0 0.31062085142650564 0.8604870043545684 0.02689727631655738 0.05492639158403195
0 0.2753894130742373 0.2011811554450997 0.02842837524022073 0.05433120934433545
0 0.4279099223943568 0.059207034949810076 0.027667885179287487 0.05373877826699826
0 0.27376010231184744 0.49189321185184837 0.02895337871195947 0.05707857678491763
0 0.38941081666734106 0.13042780879210805 0.02661596388792697 0.055682102552595945
0 0.3130686932883222 0.27298066143062555 0.026748126711499103 0.05590079472296497
0 0.8538315295837047 0.9365710582287606 0.028374430528479797 0.05569573521825831
0 0.2750215606440203 0.27280349210297755 0.027797771074134333 0.055132376106758106
0 0.07579657796753808 0.7137796675654431 0.027676750125247684 0.0545209890435359
0 0.5418746325934085 0.4919791895501115 0.028190891330342756 0.056390698352534664
0 0.3896437411465803 0.058187662163547066 0.025610403125536994 0.05364531584880701
0 0.38947689807912717 0.2736017813719918 0.026958328100194582 0.05548671476205415
0 0.6184691067830062 0.6375912468782865 0.028708452791446636 0.056381783757096515
0 0.23282413965740853 0.787038327984973 0.02884979360562124 0.05896118459684659
0 0.427155497002791 0.5643894339216374 0.028324637126715194 0.05341631495749992
0 0.03515057316091378 0.7123469676243196 0.027958319828518628 0.054320148776198424
0 0.3499599816167062 0.7114630114394765 0.026855116630503367 0.053773737726928866
0 0.3136034139247647 0.12945529879699416 0.02624105756916813 0.054565242484189924
0 0.2347671014613201 0.4920484918371899 0.028321488050839328 0.0573891367556007
0 0.6927222612758207 0.41862368600130384 0.027828708501525554 0.053963767184890155
0 0.3885309918299975 0.7115431000303313 0.028009335043671903 0.055176154791371
0 0.5028142827989834 0.13110238979304373 0.027565414721435054 0.05567678171798938
0 0.03871117396814365 0.4177493073695058 0.027900214079662228 0.056862028900735856
0 0.3100747759057448 0.9340102209489263 0.026330628746774328 0.05663075849303907
0 0.38930761701451494 0.2023163153669214 0.026514665276622332 0.053495929481147474
0 0.27394783060999917 0.4175418353356687 0.02901353322521968 0.05723756970000945
0 0.5030908708791407 0.2029113785505922 0.02686243390077808 0.052536154296400975
0 0.16058495739809042 0.05397944227104223 0.027833876871646297 0.05288935534064808
0 0.46489036003622297 0.933440611002674 0.02812186326320845 0.05756193840508806
0 0.5035014838293945 0.34586540158512613 0.027007267580762415 0.051779532356846104
0 0.5423469610838944 0.9337778163031012 0.028652411010940678 0.0581038835424786
0 0.19621292439568416 0.4181040753405548 0.026885633849938247 0.056912769846593714
0 0.6915554926418189 0.13050523496366723 0.02723446551486738 0.055434213984895814
0 0.5034239347438526 0.49205288632037536 0.02762518909027657 0.05596704673766662
0 0.4276688626574343 0.41755988518908443 0.02830036149252446 0.05458214966092033
0 0.46547361697970036 0.34578963848723127 0.026871061180165173 0.05141476300599271
0 0.07446996682431661 0.7892584428108643 0.02804091789005358 0.05913272683857173
0 0.11286207192794576 0.8643573234908599 0.028870137152083235 0.056220793403370294
0 0.11834449127191285 0.34509870869733544 0.028274305652262785 0.05417370303530961
0 0.5421056424337075 0.7099117577864387 0.027686636410193196 0.05369315548131969
0 0.03638842341890061 0.6402993120312039 0.02741663029324349 0.05677561640999779
0 0.31304241811473527 0.2016036281686175 0.027010878447368453 0.0535198349477276
0 0.3512699382130096 0.2733728520492299 0.027898519407894135 0.05606405601880754
0 0.4264654077970001 0.8596106444083159 0.028626069824697342 0.0544159115742595
0 0.4260488071026524 0.9337881910857382 0.028948976073826974 0.05846413855167247
0 0.46509684766232406 0.8590590861048222 0.027799133654976497 0.055176154791371
0 0.5033866798237032 0.9333495324365544 0.027357424329828225 0.056485922268857645
0 0.4268664700933347 0.6374745470224027 0.028272086779541288 0.05569375474250958
0 0.311619558022809 0.6391195948206878 0.027318179093948014 0.05836273039771344
0 0.11690671089071787 0.49194497184696223 0.028341564331609486 0.0573891367556007
0 0.6917945220467628 0.05857493532913616 0.02809903416505427 0.05395420679448562
0 0.0771777093012609 0.5662246459658568 0.029086389666271462 0.0557919614720052
0 0.19550134366731528 0.49195234178832853 0.027879788363198568 0.05698979667742246
0 0.5035366995043011 0.5641093520731318 0.027850718611173553 0.0535117216916262
0 0.2344796490898017 0.5647517538874344 0.028061885390845843 0.054555034850004645
0 0.5031499396640021 0.2743587535654632 0.027656963691023977 0.055144144483941726
0 0.388046658682342 0.9344204909391539 0.027145769442708766 0.0586935383562268
0 0.4265929815818916 0.7848235781071266 0.028671016005784762 0.058465444469806754
0 0.4652658287974191 0.13136183378157198 0.026705882469159406 0.055807302070179636
0 0.3122409069812874 0.41749719528192114 0.027404769373079643 0.05673420963160339
0 0.07790515103246762 0.492601675854017 0.028668410338254614 0.05837625805593725
0 0.35101004394785534 0.417753367764082 0.02737873087758554 0.05621135469364815
0 0.5035498513144958 0.6364774127847492 0.027973649691637632 0.05643829619160476
0 0.041628879256594864 0.051835191071246595 0.026988889202054413 0.05470961785750675
0 0.19678882717307508 0.3445364686924493 0.026566029683851862 0.052842183045081904
0 0.42779662121235434 0.13096945498573745 0.027701330291283476 0.05587633243685596
0 0.3519249165111614 0.12996577880676644 0.02784216697767713 0.055586202503734486
0 0.3138702177436774 0.05783246213911635 0.02582875895786383 0.053141955780400985
0 0.5030106639864801 0.05906261832690004 0.02721519726703104 0.05344994502117818
0 0.1584957508017869 0.27237848223001726 0.028910498396426166 0.057802036028579855
0 0.19522453975092185 0.5658904737799392 0.02753638191910715 0.055590234752281864
0 0.23625908323121053 0.20076707548418887 0.027942229371492617 0.05433120934433549
0 0.11994182373615099 0.12608708914391037 0.027895546972916036 0.05755970225942735
0 0.5033676014491703 0.7097045642306831 0.027512522500911896 0.05346911675494077
0 0.08001963804523361 0.19885442988449017 0.0297759463797361 0.05524018627899134
0 0.04125820602480624 0.12469722234338147 0.02725684981132267 0.05703083272443042
0 0.07852936673007521 0.41713440899683435 0.02856421860704791 0.0566570627765121
0 0.15951122736406934 0.12686704904130136 0.029154739717079457 0.05622106232783335
0 0.46522248755141904 0.05901992892898278 0.02627247000915789 0.05302305104200551
0 0.07941224363239656 0.3441745040588417 0.028144965822855264 0.053393675360304815
0 0.11750723780017415 0.4172830353600995 0.028176309124001483 0.05651292976841544
0 0.2348719521556678 0.4178452753649856 0.028426088745187036 0.05680924985636607
0 0.35191756234507504 0.05782178222706692 0.027827458645504295 0.053948755878123845
0 0.27650974033086756 0.05705250224172536 0.027621109617396725 0.05344539580971785
0 0.08123209748171578 0.05183885581924779 0.029109497963723006 0.05347428836150441
0 0.27583228894217204 0.1293482188360833 0.02815801933826497 0.054351082562368216
0 0.07982398479131946 0.271302140426058 0.028438050112726994 0.05647608317986496
0 0.19859305894296553 0.05587676223683922 0.026916371698852866 0.053164315604499815
0 0.1592766518433085 0.199990425557481 0.029421293535991957 0.055262389256384895
0 0.19783603203350922 0.20034943555259485 0.02771453315559051 0.05515224932479091
0 0.23613498502577857 0.2726183414648285 0.028009335043671976 0.0553831947718264
0 0.23662288357838435 0.0559691023150175 0.02835452798279706 0.05314195578040095
0 0.19728615442970523 0.2730031621420667 0.02671987864233023 0.05573875616539188
1 0.351526745496698 0.639947383090993 0.004063980578179984 0.010168246436065499
1 0.2746376873694452 0.2811625698651237 0.016481662934978984 0.015727380101594496
1 0.27034129497202936 0.7114557379480123 0.005841020664174739 0.008352803392627435
1 0.7343456278049139 0.711689031781042 0.0024618240281090212 0.008612837785106216
1 0.19042537056980866 0.9417325184814237 0.008547331418749074 0.025026397275560976
1 0.5413636185286778 0.1348639396559929 0.0035917629426444014 0.011425120688014245
1 0.9710124548199858 0.9410424593521599 0.00290943094008993 0.013828991443132406
1 0.1559297976702592 0.13166230708195778 0.003022084925302311 0.01017209441799509
1 0.6146798623988733 0.12876619608500958 0.0043796854365507724 0.006861514778172774
1 0.4303820439903895 0.20131089204278158 0.005961580568775877 0.025425662618858005
1 0.8754986098539067 0.12374913393297143 0.0033137729212572016 0.0131851653991928
1 0.23467076464696418 0.34077118687480396 0.006554414712625825 0.02425381402323191
1 0.4243261844837473 0.0570121178124928 0.006804575622022723 0.025613638750361795
1 0.4671383773879534 0.49541938980944034 0.0036418415832999195 0.014544259872960333
1 0.6515879475488029 0.2722243565820092 0.007865483196484745 0.02735783577217197
1 0.030488058625027376 0.8693604999287743 0.006026069317253065 0.026417541869967424
1 0.6172004459254616 0.4919745135599431 0.005715930748307177 0.00643362072132511
1 0.27148862921434075 0.20719273357370677 0.002705546624770087 0.00880114730377003
1 0.23223576811870278 0.8627046925515812 0.014367227210885137 0.012481105239975046
1 0.73363909839997 0.345808506246996 0.003488372997698008 0.0062001673995080815
1 0.9650351090431573 0.573926117799637 0.022450643646456565 0.022007235599273898
1 0.9692746968416543 0.7169938616313428 0.0076333617699833505 0.010743321618185833
1 0.1637438506177556 0.05609030050714442 0.003789687348556509 0.014938841385635747
1 0.8487394519048896 0.48774852649411576 0.007609256669106448 0.006319917522044701
1 0.3493570623381121 0.7037119599980641 0.0029381107892695116 0.01369540025020763
1 0.7590604476146304 0.29004806942481476 0.004631248088587892 0.015123261457783053
1 0.5033709992855607 0.4188547865183377 0.003691351430448755 0.009911785955620282
1 0.6593844134556155 0.699904012493992 0.0022251797705581324 0.006676192751533442
1 0.5006398717095331 0.134985458943043 0.003645841358243873 0.012886782419899013
1 0.8517928882908052 0.8638009922932697 0.0061405019808627335 0.005900758809561287
1 0.23735834711120232 0.07640152966184158 0.006224083112840811 0.01241173948003978
1 0.11586446782723234 0.5573134869510463 0.0047476266279440444 0.011460374195261441
1 0.846239138469566 0.2672967198214532 0.00256062769198063 0.011325728915347286
1 0.23450931152239932 0.4903723300830644 0.005616112629582622 0.012630060459297519
1 0.6224270695089634 0.2781085759299708 0.012365744014532618 0.017873577697831433
1 0.6886552237728916 0.26886496633212936 0.007844192625633867 0.0057147068872804505
1 0.7331872357003437 0.8678932325736052 0.0085470791801643 0.010659968437858332
1 0.46338251801425906 0.7878288461428968 0.005898525613301959 0.008816172539873273
1 0.6939327435694423 0.5765197905406368 0.005212604758660907 0.00884696176376816
1 0.8125804795705391 0.1320328605579111 0.0033016254985372964 0.01536570825778881
1 0.6576757419461011 0.203066086030332 0.007961581831380092 0.007304520445795937
1 0.798481016327625 0.47877377570298035 0.0049280004638118215 0.02484046425971134
1 0.5343680058290516 0.07014588665467472 0.010785972296907111 0.028356895917503004
1 0.20047322386447894 0.4145275336499492 0.004847333147655501 0.01214526769078991
1 0.1986188427889363 0.062047430321470955 0.0043520675248313575 0.01047802105337799
1 0.9224358036002124 0.07765271710857993 0.006719713627312701 0.019303280517034734
1 0.2689802602898835 0.9325807588527707 0.011085506692812268 0.027801917998710252
1 0.6926497906807646 0.5051846141400298 0.004493176893475443 0.014276128884891605
1 0.6889612434534896 0.640657754724209 0.00839168278533485 0.007914103049856852
1 0.7341270641908295 0.6374721031093408 0.006667422199192505 0.018473070752494648
1 0.8064527817837912 0.6540846384094487 0.01033913822799724 0.016084438543644476
1 0.03150181027223621 0.7897950589597867 0.005247141216455595 0.019730829310873138
1 0.9666316155220841 0.2198417125397677 0.0065814181296451 0.028146858276546158
1 0.8815555551518126 0.06282028276823064 0.017896754229916444 0.0349691839861078
1 0.7373666233485764 0.2789866210853665 0.015938579875881823 0.016878880927567643
1 0.7407929571070704 0.41836207038488443 0.011694853780911736 0.013752443999505017
1 0.19489421171339358 0.7163097794752467 0.00759730190200725 0.009617839302295888
1 0.6564989232959143 0.05740644160587415 0.008479297390333788 0.006439038117264116
1 0.8848809421983913 0.33513186764380387 0.008845182303623121 0.011523705559670075
1 0.5070619211429338 0.7870263087617361 0.006358763563475768 0.02868078528702143
1 0.14917220479080495 0.7886164259816542 0.00487109361161195 0.014901492139209476
1 0.383576826211141 0.8620427425271506 0.004705846867500115 0.015254285152024191
1 0.037635844121890076 0.1923018055371086 0.004528394058134691 0.010541356341293238
1 0.15420679246265115 0.335754027319443 0.0035252758987817257 0.016689734795242675
1 0.7748146935061514 0.7082956866104188 0.004526680829836713 0.018635450673595268
1 0.15202884454569437 0.7169862193824099 0.0077760710383475585 0.01157759917525635
1 0.9289012184365907 0.7081639620424679 0.00857779860667298 0.027268069562560462
1 0.11587182199331875 0.6278562336528994 0.007885939126203355 0.009919827618512232
1 0.9625121064451339 0.6667161307652325 0.012035510797107976 0.019548808652589976
1 0.31800842592266587 0.1355578744033366 0.00457188020412655 0.013354078739374962
1 0.9340846731646262 0.5596982389256834 0.013191867629370456 0.010547024973491886
1 0.576484331254635 0.4987555570700148 0.006657485847700582 0.009812539977919699
1 0.7385585937117264 0.13260390571330677 0.004954795202929793 0.016888495338843915
1 0.3503346968853934 0.49462849999999997 0.00760418543861407 0.007430360312713073
1 0.07441231624458755 0.643672038114988 0.005994009362753237 0.017645516615066425
1 0.26898406237292666 0.8657407324098831 0.013495218496723785 0.009307585249747322
1 0.8121779587932196 0.9373230354856975 0.0062324711748208165 0.014371303077457457
1 0.1574745797873235 0.4874994401514704 0.004977354019865112 0.015684320576564922
1 0.11412510157770481 0.9422674869785022 0.0059570114242028785 0.02694938046631849
1 0.8526443588858612 0.6314927095688133 0.005500462851572908 0.02624419336064831
1 0.8128581513119593 0.5663600486149776 0.01134612596234907 0.026120871452976775
1 0.6515217072731488 0.9260066645359544 0.0051957674056250375 0.013781541990853904
1 0.15863589054971342 0.41656870368903837 0.008435270684210735 0.008891087534433337
1 0.6538225897693261 0.346814901356708 0.004845610656559511 0.024364306004063935
1 0.8067521803690443 0.2541937147629449 0.007904419316070905 0.016403068282724486
1 0.6167173086250879 0.3434881868685787 0.006005813128531335 0.023594147960179102
1 0.11463858235979436 0.7219468590482165 0.007830001728906431 0.010559039003226642
1 0.42577457664238405 0.2737662358994784 0.008155233412763451 0.008241653473935202
1 0.5773889440702143 0.4208007252142609 0.008520103699382218 0.01001722465154347
1 0.34909976372680757 0.8547809329229283 0.005975124676224147 0.011558386080391624
1 0.1932652765848067 0.8623900215799285 0.009173561049617225 0.011868207300548078
1 0.7682644775993391 0.42206653322768994 0.008737386316585511 0.02728184067840153
1 0.04379588995474435 0.2722213437328021 0.008127636111083657 0.0077063311053515715
1 0.7337686522897084 0.2071227021333295 0.004098912358893601 0.004901739793757476
1 0.03750728750030564 0.4888985338757762 0.008947424613370888 0.0174887113912998
1 0.7722549532304975 0.5687181905863206 0.0091630240807707 0.008651245706454168
1 0.8117464355210997 0.7193764139565815 0.007482027559359436 0.025406950521316394
1 0.27134973858803524 0.4108744338209642 0.008658765372158936 0.00992762824781028
1 0.766473170177867 0.18116407554927402 0.0063290986348955355 0.02598255457050265
1 0.1209345858802735 0.26486726050520853 0.0052225606509832 0.020781681420853293
1 0.08023356249743131 0.20269764529177442 0.005276549801242409 0.021109493838205894
1 0.8477851778307618 0.3418181126005872 0.0050729416539239 0.02484046425971134
1 0.7296725296338302 0.565727519608263 0.007266529746763462 0.0184395553652071
1 0.19675454591350106 0.6372848431105375 0.01081327932874289 0.01280180665105595
1 0.5741431545930654 0.1436438766304529 0.004286034585383657 0.016888966179850664
1 0.35165812136463265 0.4258600830147506 0.0045369337027447755 0.017844646283580557
1 0.3879150414867912 0.20698502318770137 0.004752773947061863 0.022260086844472587
1 0.03488272428988587 0.6500185001708905 0.01065892131895321 0.010281711733080987
1 0.8546084326881035 0.40811398493392526 0.012587845695608807 0.01902074409087228
1 0.614164136235056 0.06286255418980588 0.008696471406726728 0.008851199908632777
1 0.9651255000550982 0.4203867343412587 0.00853729801703716 0.019217015804642624
1 0.2320861318355521 0.7149787594850191 0.0077298539502359195 0.01227987928275124
1 0.39581667516265645 0.12816067726763125 0.00912883991009698 0.007237434984787708
1 0.5463907856978072 0.8581500761750442 0.006935551715016622 0.014157016883901767
1 0.38852267256233397 0.3529508664203926 0.005639525682931117 0.01914917311440927
1 0.2716084382408614 0.48903013018078717 0.00887707092694086 0.012415900537475828
1 0.07485530755580481 0.8615216940498847 0.008749704388377622 0.010735336621502391
1 0.31725823335953846 0.20103999369097417 0.005336560469947299 0.015102467636027817
1 0.9218004977518928 0.5028993799761354 0.007318101930673824 0.02085508063545851
1 0.9598835346770039 0.1377410437999718 0.005000569427712112 0.019820408283130954
1 0.891682115013101 0.7928542613774697 0.008783336453090108 0.039684843438126886
1 0.9634161624591083 0.05552292283259601 0.006482154149466942 0.015134016445000616
1 0.26925863095021013 0.6344632131740576 0.007796147319117702 0.016167626739006343
1 0.8447659324820822 0.048102808248847655 0.00666656918784492 0.02390421452052576
1 0.8921266681896928 0.5669107033467932 0.011639474719598544 0.02676847943239865
1 0.9277403066587088 0.4172259158681108 0.011187717902413302 0.00926958507256291
1 0.853939158203309 0.5612948389866803 0.014409531965571714 0.01512261995993166
1 0.12023226035951269 0.19728693384244464 0.006522110998157068 0.014741068075780725
1 0.1649785337763415 0.28487479963058887 0.005734550193989644 0.020311239437078986
1 0.8923189820163436 0.6351278973689038 0.012599293852853233 0.028621166654370506
1 0.03319498627308628 0.5555566008820205 0.01268177422613049 0.01002177765223609
1 0.38862422117363843 0.42594911312224565 0.006172133320756302 0.013111706498570947
1 0.8401191133421989 0.19220450057937286 0.00996930494297776 0.010754246375052925
1 0.6179293429501812 0.8581473777594567 0.004837901459316221 0.022728091046011794
1 0.3123363505481264 0.5692605363158477 0.007928378182777444 0.014274432944408742
1 0.3445140050474608 0.21393363325610742 0.009471204540139807 0.007741746766294293
1 0.812055896275857 0.41005797521426085 0.008505772871115874 0.030170285955620293
1 0.11328819260720804 0.7860775861959883 0.011402259032313454 0.008631838544994457
1 0.8546528053439815 0.7164167494836801 0.01636419878684227 0.012291440953930899
1 0.2734912455315126 0.33913383729012614 0.008264477176070505 0.011172354736608962
1 0.27532125247498995 0.5629263466529916 0.009439095229111674 0.012035933677330293
1 0.6959773075313858 0.7203520817201308 0.008080653960155636 0.01374784735249197
1 0.7782992623882443 0.8650572858033416 0.009442720654844243 0.01728360390404529
1 0.5787889048249715 0.21319262303524777 0.005526927269718527 0.019601020293517204
1 0.34822301719854626 0.7862940961428967 0.008149020510137835 0.010850472637596382
1 0.7369221427972683 0.7891179571620958 0.009193971632593527 0.016312507925630985
1 0.6576840115107462 0.8602177987375142 0.005625983660296593 0.015351326542654607
1 0.12584820393331467 0.12866642690117047 0.006115595368370055 0.024445453997786717
1 0.39130593992102736 0.5653820966529917 0.012264671509881789 0.009401873462339881
1 0.466452911240887 0.5623496167653729 0.011003513455253761 0.008013393941182029
1 0.231368687390334 0.6348556833108694 0.012107562282408743 0.010620766914907816
1 0.7723458503711701 0.9267038758095755 0.011396916301294179 0.017526525842172687
1 0.4703370327254579 0.203320831309429 0.006753003150908658 0.014746238010469101
1 0.6559771292464749 0.6319615144438734 0.013001474051903255 0.011411151495900357
1 0.5425052070913684 0.4273416348273302 0.006590002281615919 0.02149034710741835
1 0.42470216820525325 0.4861534302785101 0.007376523912247208 0.013200340811099862
1 0.3117391257217133 0.706278599929658 0.010594237556471922 0.010218440230663442
1 0.0735831174718069 0.9346844395685566 0.012230515951588564 0.011165590528412938
1 0.8432254419486376 0.1398203137571916 0.011100334695780575 0.009688917886086007
1 0.5794459686709619 0.7077983382252868 0.007111623379980154 0.01943979905872721
1 0.150462948474033 0.9343774395685563 0.012982034157635724 0.010549793783070176
1 0.9324294338146851 0.6403010618217476 0.012853133622885624 0.02432844432668281
1 0.697735930187264 0.7826482959037027 0.009877918952509895 0.01878266926016343
1 0.5803238853762793 0.06964610443345182 0.008737751071960929 0.01488998308992533
1 0.8154304896427442 0.8754432502914709 0.011999096905263872 0.00964571350188686
1 0.616311720410256 0.7878972878293622 0.0075900092387931085 0.011330259570954798
1 0.7672413697039092 0.13751733954939777 0.008657797985800667 0.021718453321817256
1 0.9281228221548985 0.3508231461066324 0.01109491030331196 0.016273612896452058
1 0.5412692659012563 0.3522827997570678 0.009158512121914753 0.01190572212228934
1 0.651952589769326 0.1350140024531148 0.008778865576708919 0.026725127514383194
1 0.23718392610370181 0.11501485766829501 0.00846473762610117 0.018208115629758652
1 0.39046728540776704 0.06081281038010467 0.010894060400318083 0.01066982115110087
1 0.6204303481022366 0.7037797947152151 0.009788519542903638 0.010155183031868933
1 0.7311040149893347 0.0614184044486797 0.0054664610965766535 0.024873537964985405
1 0.7357830790672311 0.9286717919278008 0.011955236393041661 0.01911079677454656
1 0.9353453938861762 0.8698043785495181 0.015856149505843613 0.017072201754410567
1 0.5430065209373588 0.2844091162255343 0.010032237753073315 0.014028522822771365
1 0.9212012557302243 0.2751653934191621 0.009284841280614327 0.019464932315949066
1 0.3174495137407334 0.27214448039771344 0.008212121232337189 0.013887720912694294
1 0.46501538085969213 0.7096173298172768 0.009884747832429637 0.008095860025445125
1 0.4269114338280774 0.7135401595338805 0.01283745793528634 0.01287963940001868
1 0.46506768120686603 0.6338311633206419 0.010200549915472777 0.011427567012630337
1 0.9630885479250865 0.27249370334963074 0.013379457583664114 0.015160376971323818
1 0.5384732854659013 0.6360134982951923 0.011755021730307973 0.009398332117483036
1 0.656607748072886 0.41429326023955343 0.012320001159529411 0.014656825655155295
1 0.31586093648410324 0.34865122685525934 0.010338268802120135 0.00952893396459818
1 0.8868149474681426 0.41658811780105576 0.01774941623640346 0.03419208190198638
1 0.9735237552879972 0.8584862975882053 0.013347968049462339 0.019277441476285462
1 0.4712564525974625 0.27753082713077726 0.010548525386918183 0.009250350594791403
1 0.6163538038208914 0.9320836661051388 0.010984430980212928 0.01723610643329966
1 0.9276800375698451 0.1266556541732996 0.014669373046530836 0.010209753001974025
1 0.657296349841531 0.7861077571773238 0.010266405401716597 0.01871628857766919
1 0.5414411532016301 0.7842784700962687 0.009007992441316953 0.014951275719635837
1 0.3147706864841032 0.06777829989637646 0.011047359081251755 0.01764988014455529
1 0.4994302248007662 0.8596728632560994 0.01099313563958929 0.01606050073522049
1 0.5776389563268037 0.9245221065855782 0.013817726790688057 0.01084985795251764
1 0.19975768046078246 0.12112370749727998 0.011743656061130753 0.012408655365906907
1 0.24129797210772086 0.20062210375938017 0.013794635188921142 0.010348168026919359
1 0.8000328664071011 0.06498988508549021 0.01187355615263262 0.02096649923860646
1 0.6570246440069235 0.5688014018599415 0.013708640873173852 0.014195274713168752
1 0.7634355945094546 0.06491650128775359 0.011727857751197179 0.019780828138156507
1 0.42785734007720694 0.3530439564985709 0.014624169739197907 0.013994033427122413
1 0.5820898757678863 0.34010975303248764 0.013129222014875857 0.01683628028799713
1 0.8874735538581783 0.19986546220539506 0.013839341796545706 0.032534420299540005
1 0.8920565591279295 0.8666416103648149 0.01706144807602454 0.025857015796129566
1 0.8823172116557774 0.2703313687488235 0.014164707215501868 0.02270102466750092
1 0.896986670787716 0.9435057646967853 0.017668703308923603 0.02668485007675796
1 0.11623000862364334 0.05170213083451602 0.013370506832070634 0.00942942207946813
1 0.4703798895390389 0.3621847862151745 0.004515865885470599 0.009584052684428647
1 0.3125562177367143 0.4917890702101041 0.005281529224299071 0.005241700635198651
1 0.15888597468019172 0.5578159145421776 0.00457188020412655 0.007763999267078479
1 0.04072840733230985 0.716420109521855 0.004273999806991089 0.004557490049919613
1 0.07040804602534295 0.7799582825560507 0.002973468924264031 0.005380005497191342
1 0.19396227334719965 0.7924100659132481 0.0031551369735309054 0.010833891943763732
1 0.22859234632850392 0.7892244515752543 0.002105341642603774 0.00519680175333652
1 0.38623508141874907 0.78015982651913 0.0027525586714116416 0.01069661305780461
1 0.2673348401537991 0.7849335963872041 0.003445874752816392 0.005910992872131164
1 0.23254222558642243 0.5708396763695953 0.0028238400632811843 0.009459832993270158
1 0.3846749303772274 0.9298972794537663 0.004926954505325183 0.008531119122523283
1 0.5795231917982612 0.5569117877996201 0.003865098402989696 0.009231896678896545
1 0.5420678442757892 0.5696653002603014 0.005049041410905852 0.007137723128756343
1 0.5036960973406914 0.6337341999252881 0.0032344102403366348 0.00900787084386204
1 0.5845007481918587 0.7737068040541826 0.003186221782969856 0.005067821027310262
1 0.8505873741729294 0.7888988821791082 0.005652706414372358 0.004378012858033536
1 0.6962549936853956 0.8532363923389533 0.0044332029297445095 0.010469649211719697
1 0.9032301654811128 0.6955648513532174 0.0029729799156456033 0.016901352295310156
1 0.9360615534896557 0.7913284572979536 0.00808572401940625 0.005847286512470015
1 0.8531468424981581 0.936577682073828 0.004496235692786014 0.006078322961354431
1 0.9186319020487689 0.2147422324457232 0.005204484964283343 0.009969537630258984
1 0.6931489150789566 0.3492630852689385 0.004267947777689105 0.008237383456821784
1 0.1978248844567634 0.2795950301289755 0.0027869633587449608 0.009752700433852233
1 0.38787411249032416 0.6257250281315573 0.0027326180530412203 0.009627359091177278
1 0.3132563922159535 0.8636772025466952 0.0036709788771252224 0.010536085249747201
1 0.42534814129579696 0.9271578096834151 0.005979477036812085 0.004693259542731474
1 0.42913052584307837 0.853017283118374 0.004720749603113537 0.006597046490827736
1 0.43102895955163634 0.6411909730137686 0.004646454614432466 0.0063976520804547
1 0.4344072178527587 0.5689881733557244 0.0020499176598331617 0.01150651917736847
1 0.42785824550532553 0.7808258550761664 0.004863489067056687 0.008161324547490066
1 0.4194719649317311 0.07622234687526415 0.007237988082024171 0.006659546075094063
1 0.6046463314176939 0.2966579582280468 0.008213334106352988 0.018654141742925037
1 0.7278221861479705 0.4210982150080184 0.0026572551520553495 0.010564335374819734
1 0.8103178801867809 0.49200298846964646 0.003961725863064486 0.012277470841006822
1 0.8991948204227229 0.6662277801897616 0.004897627579597226 0.01655283048671942
0 0.1538194320277498 0.7888778190381305 0.0291189227020317 0.05856957401201577
