0 0.049441661829992524 0.07754181182489064 0.0439863822251759 0.08791648459353749
0 0.103872 0.077276 0.04532600000000001 0.089798
0 0.15848300000000004 0.078497 0.044381000000000004 0.087355
0 0.2124901033901099 0.07784756182489064 0.04338679321978017 0.08621187635021874
0 0.2657745215189804 0.07935002681496878 0.04249299999999997 0.08674399999999997
0 0.04781105904852263 0.1805116862136552 0.044305411973201946 0.08656454559403833
0 0.10296811764354878 0.18112400000000003 0.04501100000000001 0.08613300000000002
0 0.15690317678754437 0.18069397023873285 0.04439364642491129 0.08577105952253428
0 0.21138305981827324 0.18138022680489976 0.04296282373158978 0.08598551853320865
0 0.2642639297500841 0.18247000134603739 0.04182214049983172 0.08409683852575853
1 0.0494010883848216 0.0725259689880344 0.02680441205674076 0.04255282973275007
1 0.09815961790013232 0.07561219192720472 0.01670476520220128 0.03001108618528288
1 0.15727623568689053 0.0867568343092352 0.015425883120234749 0.03783120858436569
1 0.2097890740478439 0.0730241851619973 0.01929903044020487 0.03808223501984618
1 0.27058568481285267 0.07617024660383397 0.027018283549783556 0.024310385947792796
1 0.04108117658466436 0.17479360034104696 0.01301223551384582 0.043572173621264185
1 0.09980123556158227 0.17620806651500984 0.024162235812198778 0.038427133030019676
1 0.2164759417152609 0.1844084856451954 0.021141295176975473 0.028974619499604806
0 0.046427 0.28405600000000003 0.04438099999999999 0.08307900000000003
0 0.10088886793593467 0.28420665821480173 0.043766735871869356 0.08704531642960338
0 0.156122 0.283445 0.04343700000000002 0.08552200000000003
0 0.20900199999999997 0.285583 0.04280799999999998 0.08613300000000002
0 0.26328917468356844 0.2851553422716563 0.04312199999999997 0.08491100000000003
0 0.04519955888144499 0.3899573682489065 0.04296099989259296 0.08566129056301702
0 0.099622 0.390348 0.043751999999999985 0.08674399999999997
0 0.15508901502318947 0.3908418953097361 0.04285379349426489 0.08627229056301698
0 0.20866180926333677 0.3905681182489063 0.04348738147332648 0.08630376350218721
0 0.2620353810154015 0.39059958500993003 0.04248376203080311 0.08724617001986003
1 0.04583682365401799 0.28151421139843724 0.012153176709972593 0.02642112512774787
1 0.10285800026851766 0.27752446785097 0.01924211816864995 0.019924935701940052
1 0.1581465739285027 0.2829316846502821 0.020248971373781028 0.05137947754388304
1 0.20524844167945858 0.27854265082424506 0.01763958924407807 0.050893112222682245
1 0.098159191422875 0.38326814010790167 0.010141853419945212 0.03541619903331441
1 0.15120222096205396 0.39228939042057637 0.013252971326044615 0.03532353729368541
1 0.2083130299151037 0.3914845457076724 0.00793017746182203 0.02824782080704794
1 0.26215175569910626 0.39102625403811214 0.014181296208408113 0.04355234929405758
0 0.042888235495944636 0.4962261911310426 0.04400705903062146 0.08685405912445322
0 0.09804686792996763 0.49720038064225686 0.04437873585993523 0.08664276128451369
0 0.1536517654289495 0.49637094789624997 0.043261176674170246 0.08714357265486804
0 0.20738688235645117 0.496834594712904 0.043751999999999985 0.08674399999999997
0 0.26098930379745106 0.49643523711942716 0.04343699999999998 0.08613299999999995
0 0.04154017647129024 0.6027731353041486 0.044381000000000004 0.08552200000000013
0 0.09692252941387074 0.6022735405912445 0.04501100000000001 0.08491100000000003
0 0.1521553532469005 0.6024691109719837 0.044445293506198996 0.08278377805603233
0 0.2071289269068855 0.6023400906763615 0.043405146186228864 0.08426281864727692
0 0.26021599683875035 0.60228557189466 0.042992006322499256 0.08437185621068001
1 0.09651060318722991 0.49110022441713685 0.015229147546718324 0.0432564758951035
1 0.26327265633196933 0.4970660274569149 0.02093270506903646 0.029279475522746453
1 0.030401367739021735 0.5953789640134682 0.012592088396755715 0.04141165741863943
1 0.08654252962868485 0.6002673425524091 0.00801517688898434 0.04611057686149979
1 0.15183129448479668 0.6115203831436538 0.005729412486369001 0.023025468618180892
1 0.20398783872494394 0.606148896361394 0.0028563244834392044 0.010028332688683196
1 0.2644003082306949 0.6041683679131395 0.019222444309546297 0.028219418261945763
0 0.040075235299031696 0.7079545405912446 0.044696 0.08491100000000003
0 0.09521599999999998 0.706781 0.046269999999999985 0.08796599999999989
0 0.151243 0.706781 0.04501100000000002 0.08674400000000011
0 0.206012 0.7091290811824891 0.043751999999999985 0.08674400000000011
0 0.259522 0.708002 0.04312199999999997 0.0843009999999999
0 0.03830125014320941 0.8162400182487616 0.044827147343838344 0.08665130710582018
0 0.09444308851012982 0.8166916535529101 0.04412747113509867 0.0898012259233312
0 0.14996735294258048 0.8170594864695853 0.04690000000000004 0.08918799999999995
0 0.20560461807914412 0.8182752792777795 0.043936763841711794 0.08996927907946273
0 0.25885240380024443 0.8169480246451777 0.04367180760048885 0.08977225959481373
1 0.08883769139900678 0.7048789194710877 0.009988618085111148 0.008858460090559886
1 0.1478556768412479 0.6997514938883694 0.014277353658627544 0.028956771290101265
1 0.20359085343784636 0.7063449806706291 0.012600883335048886 0.035456717793791094
1 0.2536926601295567 0.7018105356528017 0.019381062031348158 0.02333722798012424
1 0.08776780903658853 0.8019030843374627 0.0028794415899526618 0.008205168674925474
1 0.143742264050897 0.8193698394859653 0.0071783516185695995 0.01085659778944154
1 0.20424058973666517 0.8173630076686025 0.015271008247508489 0.049098195697025664
1 0.2480538557025809 0.8068290902744172 0.013217293670551494 0.02538695269300029
0 0.03707878227847066 0.9280396577283438 0.04501100000000001 0.08735500000000014
0 0.09312537216219934 0.9264915495825696 0.04619239746718501 0.08647430761053236
0 0.14924930379745108 0.9255742371194272 0.045954999999999996 0.08918799999999995
0 0.20467266076350987 0.9257036453125371 0.04418419999196061 0.08754297330932145
0 0.2581347696235933 0.9256122241767091 0.044007460752813476 0.08524455164658187
1 0.033380325322222626 0.9228948882279908 0.019065913935660393 0.030729143434960426
1 0.08463794873938359 0.9234965722443917 0.005665203807943176 0.02476572177222086
1 0.13651255506774204 0.9209261258743293 0.02046285190771878 0.049475723879866804
1 0.19801306329482604 0.9225858495862721 0.01982399747576943 0.05408969917254403
1 0.25258158481312515 0.9310240078415272 0.02051312658828945 0.039328962053117075
0 0.318225 0.079108 0.044066999999999995 0.084911
0 0.3723945645569413 0.08008368454331251 0.04438100000000006 0.08368999999999997
0 0.42789826075949017 0.07947268454331251 0.04343700000000005 0.08613299999999999
0 0.4809916240511141 0.08025979314922504 0.04360344303687078 0.08488762306721989
0 0.5346411797466776 0.0812673593675211 0.044346640506644726 0.0842582812649578
0 0.31786752151898046 0.18256889484777084 0.04343699999999998 0.08552199999999996
0 0.37228914747025094 0.18278506732963637 0.04421570505949819 0.08525586534072732
0 0.42729 0.182957 0.041863000000000025 0.08491099999999997
0 0.4806811689878687 0.18432138331323536 0.044617662024262525 0.08462623337352934
0 0.5343474189871874 0.1849414492968343 0.04430416202562514 0.0821641014063314
1 0.3154610272174054 0.07506711569045901 0.017933968358889017 0.04502796744652212
1 0.36959461455850834 0.08333274765765694 0.01540514304109477 0.03643012622868884
1 0.42379940632992535 0.0810398533367976 0.021727118989027027 0.04842044273919931
1 0.48158613227853886 0.08136373530399553 0.025518092405234043 0.052532732434740985
1 0.54068575063225 0.08542590643982366 0.01987024303673454 0.04811065409748062
1 0.31819581772364136 0.17890516592423053 0.02445533418155657 0.04362085760960682
1 0.3828184240519998 0.1875538644019389 0.015392111395214892 0.04695035971725278
1 0.42856472341859175 0.1845394282778919 0.0032032746853398373 0.014369908078075455
1 0.4887245987342057 0.18822808758697013 0.016964111392489552 0.03819738547839859
1 0.5319209949362095 0.18468599531531388 0.014235425315477728 0.042108200935086076
0 0.316494 0.286194 0.044381000000000025 0.08491099999999996
0 0.3710973215222507 0.28613211264402466 0.04510231139126323 0.0851520704911053
0 0.426031 0.286194 0.04375200000000006 0.08491099999999996
0 0.48002601708914316 0.28680520983506413 0.04466996582171365 0.08491158032987174
0 0.5342114082276971 0.2879949732425485 0.04457718354460549 0.08253105351490293
0 0.31591093481217136 0.3911690324338154 0.045103869624342714 0.08716506486763091
0 0.37156561519178016 0.391536839459919 0.04522133417338084 0.08493247986232863
0 0.4258921797480402 0.39196549718826273 0.04214064050391953 0.0847320056234745
0 0.4804498905063041 0.39239128243381544 0.04305178101260823 0.08472056486763091
0 0.5343215170884618 0.39301397090020546 0.04561496582307627 0.08630005819958901
1 0.32140212278695496 0.2899689403968562 0.015317508865125017 0.03410903746823329
1 0.37557585000143073 0.28458907078331974 0.02061152785101789 0.027415246718868597
1 0.4251540272160428 0.28841828108777806 0.010024667090437717 0.013410087936701835
1 0.5322567341767193 0.282920281087778 0.013836468353438701 0.024934982784472735
1 0.3129139772199262 0.4053979008163492 0.004224083544196826 0.010049002107645956
1 0.3715512449382535 0.39162818805451327 0.008221624053839258 0.03282837400138035
1 0.42379658227935635 0.3971128334291955 0.012467035444830027 0.03878371838068267
1 0.4761263765824984 0.3965504632887475 0.011365624051114126 0.009232557490869958
1 0.5383058499993868 0.39716699063062777 0.018907092403871548 0.029155296717943046
0 0.31486748987548496 0.4965025960750713 0.04364797975096986 0.08646919215014273
0 0.3704335506348389 0.497166337117576 0.04540989873032217 0.08569132576484816
0 0.42600278860880486 0.49777733711757594 0.04317942278239025 0.08691332576484807
0 0.4792541082278334 0.49778403061838383 0.04380821645566693 0.08707969215014273
0 0.5338951727840934 0.497560385770613 0.04544234556818691 0.08699808699791353
0 0.31460111645832395 0.6030192296230038 0.04493381012131294 0.08583917166736757
0 0.37034788734505447 0.6028079027468153 0.04523857215075344 0.08382983337167818
0 0.4259422772170648 0.603469021306529 0.04414848607483169 0.08620986018664703
0 0.4794643974688883 0.6040362167424309 0.043274205062223486 0.0857575665151383
0 0.5343377113915357 0.6041301398662425 0.04564735442922414 0.08488762306721997
1 0.31147938607817005 0.5004625413913107 0.02480716456143801 0.03517992400045488
1 0.3712017531660188 0.5011055279838263 0.02390929114223294 0.030191686881027722
1 0.4222886240514548 0.49557983003302947 0.023113554432085598 0.029078501283892288
1 0.4781438860761261 0.5098862001734775 0.013053556962448056 0.03219945186924654
1 0.5341107424044846 0.4951829088972014 0.019939226581203843 0.02669897446892345
1 0.3129399531668363 0.6059507493534261 0.01262029873877038 0.029414709011310363
1 0.36527466012819415 0.599842249353426 0.012054105066583751 0.03792944507691452
1 0.4780029626584201 0.5962314065548583 0.01251783924091867 0.03087096978423736
0 0.3144392038001082 0.7087494644000878 0.044337463285901 0.08574170211319941
0 0.3705697822784707 0.7093882103044583 0.04469599999999992 0.08674400000000011
0 0.4256618867100793 0.7101218200792283 0.043860226579841365 0.0879575186237098
0 0.47926747848101964 0.709835 0.04438100000000006 0.08552200000000006
0 0.5338492670884618 0.7096339778075723 0.04467046582307632 0.08592404438485558
0 0.313975 0.8169843154566876 0.04501100000000001 0.08796599999999989
0 0.3695300436722547 0.8169893272212924 0.04469408734450947 0.08968965444258455
0 0.4252047278487696 0.817020813813808 0.044806020254480536 0.0890977864097824
0 0.47919212594990784 0.8166771337204843 0.043274705062223494 0.08739462740680215
0 0.5338072886074423 0.8167685548563126 0.04349642278511548 0.08651967998291696
1 0.3103797246858167 0.714772248064906 0.01937588481469217 0.03708091673872841
1 0.3661440284825865 0.7096792464841716 0.014130669623525242 0.01711991357725962
1 0.4219080822793564 0.7115356557932496 0.0165165569638105 0.03985183734764531
1 0.4816092101266953 0.7060139964841715 0.01811385569644915 0.025508203272801133
1 0.5281649841767193 0.7117129707230256 0.02038483923955594 0.02468815175050969
1 0.3011406303821296 0.8057447843642817 0.017687481017513617 0.048711358424105095
1 0.3697896803813121 0.8224896271628493 0.011199710129761098 0.020510621304677745
1 0.41473363860853235 0.8124459023970837 0.020509626584201537 0.02473122540308377
1 0.47684965886096903 0.8133266271628494 0.009919059494172794 0.042009990391302765
1 0.5389026968347987 0.8169598905703337 0.020438613922851914 0.039503517206271814
0 0.31372008417985325 0.9273218164483654 0.044534353159273836 0.08760594649435281
0 0.36996596329305464 0.9264463690244799 0.04392968100879291 0.0884995258854362
0 0.424985245570844 0.9267929216005947 0.044687116453214215 0.0881348413421236
0 0.47923410443092745 0.9265284741767091 0.04281361898630174 0.08866373618989454
0 0.5338607987333199 0.9262271021586844 0.04414848607483169 0.08858988700161582
1 0.3073869006352476 0.9196305980055375 0.01418815063763224 0.027737616619991586
1 0.36460759430539036 0.9153452820219387 0.017748581015878485 0.025730351631772792
1 0.4182950835452188 0.9250756795042668 0.015566908862672296 0.0665635693129918
1 0.47707970189892995 0.9365182191998087 0.013546796202957713 0.0352161723575752
1 0.5297174949362096 0.9239116253474179 0.015099645568731914 0.04033135584706482
0 0.5883543208852317 0.08215212277500547 0.0433093582295367 0.08126775444998902
0 0.6415749291103399 0.08330093852390738 0.04264961772043917 0.0835653859477928
0 0.6942918101243789 0.08486913618248988 0.04179998734614456 0.08247062248279106
0 0.747161484807266 0.08609088618248988 0.0428910734234292 0.08438522763502027
0 0.8004919955660748 0.08733126814968784 0.0427236595007132 0.08263483278724941
0 0.5890990924042121 0.18581689672071972 0.04370881519157581 0.08285720655856056
0 0.6424715816440405 0.18598967300877703 0.04335283671191883 0.083731653982446
0 0.6951529999999999 0.187538 0.0431219999999999 0.081857
0 0.7488297670857366 0.18744438384014683 0.044865030385468276 0.0839966014063314
0 0.8018823436673491 0.18903106838345934 0.04332418355141877 0.0829388117107897
1 0.5882391670873718 0.08254847136959965 0.016875683541880293 0.032709730327095024
1 0.6484905006308871 0.07702277341880273 0.02009778607197014 0.0379432829032096
1 0.69643171012397 0.09614410439062059 0.016055118982213866 0.0388388396946161
1 0.7491915259460925 0.093827300760683 0.015183750626458725 0.024432232434740995
1 0.8015679613884699 0.08547074765765694 0.018349401257959138 0.027922967446522146
1 0.5923811322771761 0.18824696955416811 0.017584963288626125 0.040804095782856896
1 0.6461383405043964 0.19466096955416815 0.01090350885694919 0.029033885478398587
1 0.706283977845363 0.19275946902725663 0.016517175943980462 0.02173009472903391
1 0.7560859468320735 0.18397904683760552 0.018018721512303562 0.016548460654189984
1 0.8063197759454112 0.1847217705495482 0.00966333670101799 0.0177074874691588
0 0.5888009189865061 0.28835059180226197 0.04393003291310512 0.08377118548210072
0 0.6424037012642954 0.28891147324254846 0.04348959747140905 0.0848929483626737
0 0.695782 0.288638 0.042493000000000045 0.08491100000000003
0 0.7491911582249718 0.28987784180226206 0.04395268355005602 0.08365231639547585
0 0.802959 0.29101802681496874 0.044066999999999926 0.08613299999999995
0 0.58931892784584 0.39283664818179176 0.044421007593812185 0.08594541276276156
0 0.6432781886039677 0.39323331931761984 0.0438759645558512 0.0872676498821887
0 0.6960111025266832 0.39415888530121884 0.04333092151789029 0.08647430761053243
0 0.7499830708831877 0.39499707657934613 0.043628858233624494 0.08603511077570367
0 0.8034705816419966 0.3944777477151743 0.04404796582988933 0.08605424274290155
1 0.5847353063281541 0.29453485837121546 0.017812387343691838 0.027912283257569153
1 0.6455797949347105 0.2894402955490854 0.02155885316063649 0.034637432316004094
1 0.7019686860732647 0.28737129607599693 0.01915228607060751 0.04723774882651454
1 0.7588954430314203 0.29247885081727476 0.015397465822394922 0.04812943114714646
1 0.8034527113847226 0.2852065466604257 0.010764599999727504 0.025651400116885756
1 0.5884295702519597 0.3943081875276018 0.008319231643291146 0.025352795664119986
1 0.6493785341752204 0.397960332902284 0.013143810122675523 0.027039717326859655
1 0.7016770139214211 0.39661039783206 0.009652334172018362 0.011757162643099096
1 0.7513522974650729 0.39882671434257044 0.012769858221361136 0.018960216273036675
0 0.589240515821918 0.49871196908477394 0.044536705064948605 0.0850803257648482
0 0.6433463189837128 0.4992767362956733 0.043467182277380424 0.0851520704911053
0 0.6965422012636142 0.49884444279671664 0.0438480759537914 0.08481637834096267
0 0.7507534943008937 0.4988353768131177 0.04435214051209527 0.08479824637376476
0 0.8043938424014867 0.49892629794894583 0.04480440127294796 0.08550898349319185
0 0.5898379658213729 0.6036779756999263 0.04529058227560928 0.08632084624762329
0 0.6441642803776331 0.6034543308521554 0.04510151771730513 0.08465255655208162
0 0.6970823316433592 0.603516637878259 0.043020686080418466 0.08418951393902384
0 0.7509241886012422 0.6034690213065289 0.04305839999890987 0.08462317564333444
0 0.8049505493635261 0.6027958347752329 0.044010164564163304 0.0843345922762842
1 0.589932101263546 0.49478113008962127 0.010764599999727504 0.02750253208408368
1 0.6444215784790437 0.5036900676793681 0.02005998480624404 0.02608039718548606
1 0.7024715006302059 0.509188567679368 0.017056570880803253 0.01825676627211114
1 0.7440840715157783 0.4937430413913108 0.018858143031556713 0.05126339823930907
1 0.8050024708820975 0.49972335632108683 0.01475064049846902 0.019204764164465156
1 0.5869874183532342 0.6036583550325667 0.013383707592585791 0.04034623582627916
1 0.6474447316436317 0.5979183282175979 0.010470898730322161 0.041248392500799966
1 0.6990769696152132 0.6051879295617841 0.011854686075649181 0.01718908255255226
1 0.7516486322751322 0.6040771967773114 0.02307804936045995 0.027872865685831135
0 0.589745418986506 0.7095020040956296 0.045001468356163685 0.08618899180874093
0 0.6441124765801819 0.7087377759336977 0.043842517717305254 0.08775918488841644
0 0.6980255961997557 0.7089704867650676 0.04257219239951088 0.08623597353013507
0 0.7514921177180546 0.7083594867650675 0.044375235436109335 0.08745797353013499
0 0.805477 0.7076970000000001 0.044066999999999926 0.08613300000000008
0 0.5898907550624279 0.8170551728891147 0.04556466202698785 0.08815070574406249
0 0.6444364050596345 0.8162169738223496 0.043194660758400005 0.0870032024583033
0 0.6982509765795005 0.8164604323735214 0.04321151771594263 0.08863186474704281
0 0.7518552443008936 0.815792370313 0.04492051139821257 0.08985625937400002
0 0.806354399995844 0.8150057215421516 0.045566929105570676 0.08995460186646989
0 0.5897547443029376 0.9249828422095112 0.045565162026987786 0.0871591567988111
0 0.6449133177178503 0.9255659835989707 0.04360344303687071 0.08832543957773029
0 0.6987113126554224 0.9245518119983763 0.043653453159001036 0.08876709823560679
0 0.752236639237035 0.9244291542700326 0.04370375695508975 0.0884835188445235
0 0.8070576784774086 0.9232095267528236 0.04522668608314374 0.08890147436314455
1 0.5923764696189604 0.712820878978281 0.01922941771894038 0.024059019783311823
1 0.6383255715171409 0.716299498064906 0.012902970882438313 0.029795257956561853
1 0.6933119506303422 0.710969747011083 0.017389250627821245 0.024059019783311823
1 0.745522060756288 0.702111747011083 0.013529470879713082 0.04124612493554101
1 0.8084742961985292 0.7075870764021663 0.014074984802156236 0.03875778371770762
1 0.5854325689860973 0.8096427451956514 0.022761401263409742 0.04091543676136526
1 0.6468890987304584 0.8189936717731464 0.009947035442786101 0.03226258571402133
1 0.6999063594909707 0.8178446539778182 0.023276939235195485 0.04249404402124033
1 0.7507489493637987 0.8113065075493129 0.01724681265167507 0.02383664601200046
1 0.7990242367012905 0.8195225666209174 0.014443640505963381 0.02750253208408375
1 0.5861167999978198 0.9299293660930803 0.032566321518162855 0.04998056311434439
1 0.6386167436689844 0.9252026258743292 0.022948965818988316 0.04303830327095019
1 0.6951097424024406 0.9195167562607929 0.022514355690998734 0.031138669196106125
1 0.7479721658194654 0.9213769542115897 0.027705767081989397 0.0443429084231793
1 0.8107461620211966 0.9255582444340429 0.02479245821972583 0.0460293300859188
0 0.8525280291097267 0.08885851814968783 0.04187494178054665 0.08251596370062439
0 0.9054448449318492 0.08872629443774512 0.04306031013630164 0.08278041112450979
0 0.9574855411337169 0.08952845269300035 0.044401089884410036 0.08385583278724941
0 0.853975093666668 0.18919477868791765 0.042588898742585826 0.08220844262416468
0 0.9060790075900649 0.1898332266387146 0.04323854937681157 0.0829564436779877
0 0.9589230303742265 0.19100535807900101 0.04427833165664483 0.08212733747193551
0 0.8559107348059032 0.29139198717694437 0.04373496583125188 0.08456502775375707
0 0.9073221810077708 0.2912915000575172 0.04299968102241894 0.08330626381936104
0 0.9604384753109129 0.29265478975305903 0.04431148482123282 0.08338836897159044
1 0.8579547639193773 0.08243891826657358 0.02139744176283246 0.024466518968813727
1 0.9084994158174214 0.08997970848902676 0.026591530369116656 0.032127416978053505
1 0.9580143753105042 0.092132301814506 0.021309013912223635 0.04580465515130358
1 0.8624319683496915 0.19398674636913685 0.019801113914676132 0.036729070021711115
1 0.9101900259440485 0.1827849947884024 0.015307186065429568 0.0321589359468672
1 0.9587847987282101 0.19320247008107957 0.02385598986151804 0.04199988653222162
1 0.9090547999896441 0.29366886422475913 0.01239972911361002 0.03464261252899005
1 0.9630083968294846 0.29075346668491353 0.012683578469164897 0.03518445913097287
0 0.8563500816413152 0.39499707657934613 0.04379609494513451 0.0860351107757036
0 0.857651310122335 0.49933228506837296 0.043945858236349875 0.08579206288427518
0 0.9089005936659867 0.39543480029128886 0.04315876963006589 0.08479497880850563
0 0.9608519202475994 0.39592264256294507 0.04268568102378147 0.08524176850404733
0 0.9096969189824181 0.49945519279671663 0.04311629114904616 0.08498008864542105
0 0.9625458544247957 0.5005129824922583 0.04362085570735011 0.08498008864542098
1 0.8594064911345344 0.3916098060873154 0.023126853155185895 0.030220663696922
1 0.9126872867035388 0.39834768805451315 0.014945530369116633 0.024149427631318002
1 0.9642404075831837 0.3987867152192137 0.014852422784434082 0.024329162997458697
1 0.8555844386029458 0.50420989654354 0.019870097459145506 0.028214108543767432
1 0.9120976765769117 0.5068823187331911 0.01939500885013629 0.04190947868421537
0 0.8586310373374919 0.6036171249976862 0.04345261899583993 0.08491938302564873
0 0.911045038602673 0.6036581775738008 0.04390487975669276 0.08447259333010732
0 0.9640092455640309 0.60381282189466 0.04382242279601622 0.08425298712405487
0 0.8593030158185115 0.7079745040956295 0.044251532919918284 0.08683625574313705
0 0.9119162759389388 0.7071324114696137 0.04237709620145875 0.08515207049110537
0 0.9652988101209723 0.7065296092478588 0.04449390127703595 0.08447536089536622
1 0.8547034063244748 0.6009038276906864 0.018906946826282658 0.022583917208122757
1 0.9110614829060876 0.6062696039787436 0.015471922774214426 0.017670207957487468
1 0.9654937436648965 0.6024217617070875 0.012618272139988925 0.015316890393153926
1 0.866949327210456 0.709885248064906 0.01321908986397082 0.04156596826101997
1 0.9626724075889747 0.7116358929126767 0.013083035431204003 0.043353627043187015
0 0.859958167717237 0.8148257517532864 0.04338166456552562 0.08950970679788553
0 0.8608018841729039 0.9217963684975684 0.04343396836297689 0.08713294754817581
0 0.9136068253164317 0.9221951051522292 0.0431219999999999 0.08979800000000007
0 0.9676007550576587 0.9211035133453392 0.04528248988468255 0.08733392178702991
0 0.9130848905008536 0.8135512607107819 0.04276508226743355 0.09127683898589689
0 0.9657011942976234 0.8137431689660372 0.044088388595247 0.089306337932074
1 0.8568434386029457 0.8075274158045681 0.015989489864243228 0.04038604191359437
1 0.9175312949313041 0.8151276405703338 0.016430896191784224 0.043168017206271704
1 0.9616924303738178 0.8079739555001099 0.011500210114772176 0.04160854191359438
1 0.8608180784763185 0.9138180320219385 0.015670812648949962 0.030371536175085506
1 0.9182195999946177 0.9256809021623865 0.012329070875352632 0.04208175069483558
1 0.9634668942977597 0.9266570867056992 0.025937702519597716 0.035898222826043755
1 0.2727718727876362 0.18876505971817842 0.006022094942409383 0.008563119436356714
1 0.8041340151821738 0.39336554302956256 0.004769126582157557 0.009255659835989763
