0 0.37256128061224486 0.1617984166666667 0.03944654081632655 0.07694504761904758
0 0.32325583163265303 0.5509388670634919 0.038731051020408205 0.07521602777777778
0 0.47154017857142855 0.6486545138888888 0.03746811224489791 0.07657490079365074
0 0.32365249489795916 0.259317751984127 0.03984325510204084 0.07729125793650794
0 0.9186914665750915 0.4536333361823362 0.038533345238095304 0.07704943589743597
0 0.8203369336734694 0.16099531746031745 0.038314173469387924 0.07595888888888881
0 0.028146030612244896 0.3540669087301587 0.03779716326530612 0.07705742857142844
0 0.4724170918367347 0.3559957837301587 0.039540816326530656 0.07533482142857141
0 0.5716677295918366 0.5522383432539681 0.03874362244897956 0.07533482142857147
0 0.12473826020408162 0.5497472579365079 0.03774182653061224 0.0765530476190477
0 0.6217753010204081 0.1615446666666667 0.0391500918367347 0.07643754761904757
0 0.029088346938775506 0.06239257341269844 0.03681189795918367 0.07840617857142852
0 0.6212327653061225 0.356155246031746 0.038146714285714214 0.07439585714285717
0 0.17490433673469385 0.4522569444444444 0.03922193877551019 0.078125
0 0.32345842857142854 0.35657335714285715 0.03849848979591844 0.07648996825396819
0 0.32306610204081637 0.7456101488095237 0.03867046938775519 0.07579371031746035
0 0.2732552857142857 0.7448444384920634 0.038538632653061254 0.0767424484126984
0 0.2738979132653061 0.6480820535714286 0.0385483775510205 0.07605001984126995
0 0.8195175969387755 0.6484644424603174 0.03826988775510216 0.07681479761904776
0 0.2740752551020408 0.45334201388888884 0.03858418367346939 0.0765749007936507
0 0.12469451020408161 0.35456179761904766 0.03765432653061226 0.07432696825396827
0 0.3730242857142857 0.3568165079365079 0.038459285714285786 0.07573619047619044
0 0.4721401479591837 0.26051534126984127 0.03930580612244908 0.07534615873015868
0 0.4718281785714285 0.454141751984127 0.03963850000000007 0.07817437698412696
0 0.22433035714285712 0.45272197420634913 0.03826530612244896 0.07657490079365074
0 0.9190764070512821 0.2568274412393162 0.03901705402930397 0.07573198361823365
0 0.67053075 0.6479721626984126 0.03972221428571438 0.0776903571428572
0 0.8207099744897959 0.2580171626984127 0.03969801020408161 0.0784103174603174
0 0.9677921085164833 0.35417440064102557 0.03800523351648357 0.07455695655270651
0 0.37250403061224485 0.7455382976190476 0.03869428571428582 0.07689008730158746
0 0.4223356989795918 0.6482274126984127 0.03918670408163268 0.07820085714285716
0 0.620721525510204 0.647751623015873 0.03863692857142859 0.0760091984126985
0 0.2243438112244898 0.6472828630952381 0.03829221428571431 0.07631175793650799
0 0.12499551020408163 0.15974482738095241 0.03666193877551021 0.07469798809523806
0 0.4222300663265306 0.3565538174603175 0.03865656122448985 0.07707092857142855
0 0.7706673418367347 0.4536552718253968 0.038464785714285805 0.07596133730158725
0 0.07707297448979593 0.06289369246031747 0.03807452040816327 0.07692825793650784
0 0.5712015459183672 0.7460753273809523 0.039086765306122526 0.07486394841269847
0 0.27418445408163267 0.5505105178571428 0.037527071428571444 0.07559940873015877
0 0.22468799999999997 0.5502855079365079 0.038661714285714285 0.07700950793650789
0 0.4717158979591836 0.7459333075396825 0.03941393877551021 0.07706006746031759
0 0.028579255102040818 0.8384695654761903 0.03611259183673469 0.07426055952380947
0 0.0283883469387755 0.5479728591269841 0.0370062857142857 0.07486436904761914
0 0.6716055051020406 0.356501117063492 0.039639581632653076 0.07510540873015875
0 0.6213563622448979 0.45434753174603154 0.0386310918367347 0.07548573809523784
0 0.96669588507326 0.6471100256410256 0.03781599175824206 0.07671649002849001
0 0.3232886785714285 0.8421068432539682 0.03847786734693876 0.07533471825396829
0 0.27380548469387755 0.3560395575396825 0.039001275510204075 0.07604240873015868
0 0.17444255102040815 0.35561461706349207 0.039892755102040815 0.07395244841269842
0 0.4220404183673469 0.45350124206349207 0.03859614285714288 0.07751339682539685
0 0.4708837040816326 0.9419498174603175 0.03902506122448973 0.07474784920634923
0 0.2250691581632653 0.16143364682539685 0.03974290816326536 0.0762155079365079
0 0.5222629438775509 0.16145809722222226 0.03974272448979598 0.07750448809523806
0 0.670617943877551 0.7461435972222222 0.03957772448979609 0.07686060714285729
0 0.670817469387755 0.453709982142857 0.04029565306122456 0.07731083730158708
0 0.32327714795918366 0.6482089523809523 0.03845480612244902 0.07754389682539692
0 0.6214156785714285 0.5516868571428571 0.037793091836734655 0.07609196825396826
0 0.37257506122448975 0.5508982876984126 0.03883634693877553 0.07451482936507937
0 0.2241778112244898 0.9395009980158728 0.03827909183673473 0.07605060714285707
0 0.22455750510204078 0.8416056031746031 0.03776296938775511 0.07495227777777794
0 0.5213405867346939 0.8430561031746031 0.03885464285714286 0.07537311904761908
0 0.5721617040816326 0.25917849206349214 0.039412693877551114 0.07763277777777779
0 0.27401063775510204 0.2594054722222222 0.03973045918367352 0.07560657936507932
0 0.17510630102040814 0.8411485932539682 0.03930698979591839 0.07651841666666678
0 0.47232730612244894 0.162455876984127 0.03936124489795927 0.07825996825396817
0 0.9681061126373627 0.2563824341168091 0.038347069597069655 0.07762419871794869
0 0.3233534591836735 0.45381496230158713 0.03860742857142857 0.07628071825396789
0 0.770695969387755 0.5513678869047619 0.03788428571428578 0.0742139484126984
0 0.17458586224489792 0.6478080734126984 0.0389038673469388 0.07674213888888894
0 0.17483123979591836 0.25852542261904765 0.040032377551020404 0.0775667182539683
0 0.5724171122448979 0.16202664682539683 0.03992351020408173 0.07802154761904757
0 0.9169995544871795 0.9405509850427349 0.03715272619047616 0.07543512535612527
0 0.6719415408163265 0.2579268928571429 0.039036142857142915 0.07760973809523805
0 0.27436295408163264 0.16159585714285718 0.038840704081632635 0.07715996825396823
0 0.0759918163265306 0.3540344880952381 0.03846322448979592 0.07513246825396822
0 0.1243042244897959 0.7442973988095237 0.036554877551020416 0.07688844841269837
0 0.8696150153061223 0.15959651785714285 0.03897492857142869 0.07564144841269835
0 0.5721544234693877 0.3565138968253968 0.03844150000000001 0.07637104761904753
0 0.5716092653061224 0.8427731031746031 0.038945571428571565 0.07542715873015875
0 0.2746947295918368 0.06395248214285716 0.038547622448979676 0.07718571825396818
0 0.27400466836734694 0.8423168035714285 0.038124132653061235 0.07699471825396831
0 0.9676053113553114 0.5497685185185184 0.037345467032967046 0.0751201923076923
0 0.4712815459183673 0.8435916626984126 0.038864112244898004 0.07644423809523815
0 0.5222063418367348 0.4537299623015873 0.039310642857142954 0.07673075793650794
0 0.42210016836734693 0.5510560376984126 0.03871564285714289 0.0748303293650793
0 0.9189238209706959 0.35608937678062674 0.03899805402930413 0.07504823361823366
0 0.27400754591836735 0.9404645773809525 0.03812988775510203 0.07549760714285725
0 0.9185633127289378 0.6475914715099714 0.03913555402930403 0.0760100441595441
0 0.5211036581632653 0.7457910674603173 0.03933741836734705 0.0767755873015874
0 0.2243772857142857 0.35619360714285714 0.039634673469387795 0.07573046825396816
0 0.6711195051020408 0.06362253373015875 0.0393053367346939 0.07838594047619041
0 0.770516719387755 0.6482294325396825 0.038801295918367326 0.07696481746031747
0 0.0761863469387755 0.2576942023809524 0.03789565306122449 0.07714435714285714
0 0.12441071938775511 0.8402947936507936 0.037724500000000015 0.07543085714285722
0 0.1754149642857143 0.5495035079365078 0.038648806122449 0.07606554761904762
0 0.47254820918367346 0.06288974206349209 0.03980305102040822 0.07754039682539676
0 0.4227321122448979 0.16118014682539686 0.038385142857142895 0.07632854761904756
0 0.6714807499999998 0.16119185714285716 0.03939007142857146 0.07635196825396819
0 0.8697835663265306 0.25776890277777775 0.039949785714285875 0.07729375793650785
0 0.4221964183673469 0.9417863968253969 0.0385892653061225 0.07504104761904765
0 0.4716717397959183 0.5515686468253967 0.03868786734693883 0.07461546825396809
0 0.7712850765306121 0.16052827380952386 0.03746811224489791 0.07688492063492064
0 0.6206499030612245 0.942190126984127 0.03785592857142867 0.07274830952380955
0 0.5719746428571428 0.06293468253968257 0.03871969387755111 0.07577015873015869
0 0.37253343877551015 0.9409911269841268 0.038434224489795964 0.07531062698412683
0 0.6208889336734693 0.7460110476190476 0.039290622448979615 0.07783558730158724
0 0.5715615765306122 0.6485009424603174 0.03885019387755112 0.07564771825396832
0 0.8690199846938774 0.7455207579365078 0.0393792551020409 0.07809508730158744
0 0.620556275510204 0.8434991428571427 0.03798755102040831 0.07501911904761904
0 0.07689616326530613 0.9380269980158731 0.03644538775510204 0.07558276587301588
0 0.2249038163265306 0.7450545376984127 0.03845559183673473 0.07716264682539689
0 0.8199729438775509 0.45365301190476187 0.03886170408163261 0.07595681746031739
0 0.7217587091836734 0.1609610972222222 0.038861806122449036 0.07713052777777772
0 0.4216574795918367 0.8425031726190476 0.03878689795918372 0.07612737698412708
0 0.8194095663265305 0.7457462876984127 0.03964821428571434 0.07668602777777789
0 0.9191546173469386 0.15925851785714287 0.03824545918367355 0.07558548809523802
0 0.6220718418367347 0.06289268253968255 0.037511030612244915 0.07692623809523803
0 0.5223954438775509 0.06294926190476192 0.0387322142857143 0.07765943650793644
0 0.8186017857142858 0.9413282678571429 0.03867040816326549 0.07474482936507934
0 0.32408599489795914 0.06333119246031747 0.03943474489795916 0.0759431388888888
0 0.9659043603479852 0.9406070933048433 0.03737763095238092 0.07554734188034197
0 0.8196099744897958 0.551118117063492 0.038454642857142875 0.0755745277777779
0 0.6699507499999999 0.942665117063492 0.03856221428571444 0.07307825000000001
0 0.96710451007326 0.45225137998575493 0.037774725274725335 0.07651130698005697
0 0.22491244387755102 0.06259618253968258 0.037516214285714354 0.07695327777777773
0 0.6702113469387754 0.8433306825396825 0.038764530612244996 0.07592227777777784
0 0.9183121565934066 0.5500467414529915 0.038060897435897495 0.0751201923076923
0 0.9173103988095239 0.8424017485754984 0.038060586996337215 0.07444915242165241
0 0.22466762755102038 0.25892449206349205 0.03862096938775514 0.07650473809523804
0 0.7207137346938776 0.6483699722222221 0.039004000000000004 0.07724589682539681
0 0.7208227040816325 0.7455357142857142 0.038903061224489784 0.07626488095238097
0 0.1247160408163265 0.4523441230158729 0.03801626530612246 0.07705927777777763
0 0.7192756989795919 0.9427821468253967 0.03836007142857158 0.07455238888888892
0 0.4216247551020408 0.7459780277777777 0.038721448979591906 0.07714950793650802
0 0.7699598112244898 0.8423834126984125 0.03864411224489796 0.07464777777777787
0 0.4227101428571428 0.06369072222222226 0.03802232653061226 0.07604215873015868
0 0.028441596938775508 0.9354951488095238 0.037112785714285716 0.07361926587301602
0 0.12529863775510203 0.06240873214285716 0.037268193877551 0.07595833730158723
0 0.8696216734693877 0.3551645575396825 0.03898824489795934 0.07677256746031741
0 0.820181193877551 0.35481524801587305 0.03927820408163265 0.0760739484126984
0 0.9183277861721613 0.7458806235754986 0.03895067307692323 0.07727584829059836
0 0.5712487959183673 0.9419546269841268 0.03981902040816335 0.07351738888888902
0 0.5226271581632653 0.35651112698412707 0.03951452040816323 0.07636550793650793
0 0.7212076122448978 0.4538402222222221 0.039354000000000056 0.07695127777777758
0 0.07616878571428572 0.7426969087301586 0.03658502040816327 0.07678766666666674
0 0.7687848979591836 0.9419992380952382 0.03788867346938797 0.07484669047619046
0 0.17509470918367345 0.15966017857142858 0.03928380612244897 0.07638880952380946
0 0.5214852857142857 0.6482959424603173 0.04010067346938777 0.07647779761904762
0 0.07694304081632652 0.45287266269841275 0.03717689795918368 0.07749631746031745
0 0.9663273951465202 0.8427804173789174 0.037079011904762024 0.07465004415954417
0 0.37319825510204074 0.4543715119047619 0.038488346938775515 0.07677377777777773
0 0.6217252448979591 0.259019251984127 0.039687734693877576 0.07917441666666662
0 0.7711944081632653 0.06231037301587304 0.03888116326530623 0.07700169841269836
0 0.07619778571428572 0.8395665634920634 0.036961897959183684 0.07645455555555555
0 0.8692781428571428 0.45248343253968254 0.03925781632653066 0.07671785714285706
0 0.5216132551020408 0.9417701468253968 0.03876222448979598 0.0750085476190478
0 0.5719365765306123 0.4541002718253968 0.038643561224489933 0.07623129761904761
0 0.12548554081632654 0.258028123015873 0.037960877551020414 0.07719215873015864
0 0.17570752551020408 0.06335594246031748 0.03827729591836739 0.0766126785714285
0 0.7700095663265305 0.7461557539682538 0.0390625 0.07688492063492061
0 0.7201407040816327 0.8432194523809524 0.039452326530612376 0.07507977777777795
0 0.8694993622448979 0.6472594246031745 0.0390625 0.07750496031746025
0 0.8698454234693878 0.0616724027777778 0.038797989795918496 0.07758587698412692
0 0.028525938775510202 0.45148184325396823 0.03600595918367346 0.07657479761904756
0 0.37268990816326525 0.8430041924603174 0.03842828571428569 0.07588933730158734
0 0.4227072040816326 0.25857074206349207 0.0389730816326531 0.07703731746031739
0 0.37280975 0.6484533829365079 0.0389868469387756 0.07617263888888894
0 0.867984693877551 0.8425719246031745 0.038584183673469344 0.0750248015873016
0 0.966745342032967 0.7454561235754986 0.0379149056776557 0.07587040242165255
0 0.3730912857142857 0.06320847222222223 0.038912163265306124 0.07445761904761895
0 0.8680840765306121 0.9407312777777778 0.038782948979591836 0.07603100793650795
0 0.12439221428571427 0.6462792242063491 0.03704973469387754 0.0749245198412699
0 0.8200733418367346 0.06240699404761909 0.03842474489795913 0.07657490079365077
0 0.17517820918367347 0.9395720476190477 0.0388130510204082 0.07681274603174633
0 0.02809525 0.7419438392857142 0.03769560204081633 0.07652160714285708
0 0.17483033163265305 0.7454287777777777 0.039392806122449005 0.07605100793650799
0 0.9676876326530609 0.15867227777777781 0.03741608163265307 0.07627312698412694
0 0.027986749999999998 0.6442420634920635 0.03715972448979592 0.07333035714285725
0 0.7708354081632652 0.35689192658730157 0.03880091836734698 0.07588702777777777
0 0.8189628163265305 0.842380123015873 0.038116959183673464 0.07588127777777792
0 0.12533288775510204 0.9393702876984127 0.03701781632653062 0.07578918650793653
0 0.02861068367346939 0.15917014880952385 0.03745095918367348 0.0735486309523809
0 0.3237651530612245 0.940867367063492 0.03815530612244906 0.07444306746031751
0 0.8694866122448979 0.5512958968253968 0.03903700000000002 0.07717016666666666
0 0.07613201530612244 0.6458643353174602 0.037468112244897954 0.07533482142857137
0 0.9189253826530611 0.061786954365079416 0.03810586734693879 0.07719494047619047
0 0.9680181683673469 0.06153344246031748 0.037758275510204185 0.0766879166666666
0 0.6713857244897959 0.5521973968253968 0.039837775510204156 0.0752529285714287
0 0.07636768877551019 0.15981700793650797 0.03857721428571428 0.07670246825396819
0 0.7211277040816327 0.35689243650793645 0.03951306122448993 0.07588804761904756
0 0.7704878826530611 0.25771949404761907 0.03778698979591835 0.07843501984126984
0 0.5224276326530611 0.25902327182539686 0.038796591836734756 0.07794237698412695
0 0.02846556632653061 0.25630107341269837 0.03716072448979592 0.0755981785714285
0 0.7210768571428572 0.06307223214285718 0.03813585714285728 0.07666529761904756
0 0.5220025510204082 0.5516183035714286 0.038584183673469344 0.07471478174603173
0 0.32386202551020404 0.16080075793650794 0.03898680612244902 0.07680984920634915
0 0.721305831632653 0.2578192936507936 0.03955043877551014 0.07801457936507929
0 0.7208230153061224 0.5514108472222222 0.03890368367346935 0.07491990873015877
0 0.07668344387755102 0.5494052579365079 0.03729545918367348 0.07400892857142861
0 0.37264703061224486 0.2580614325396825 0.03929916326530619 0.07725877777777773
1 0.3771134030612245 0.6497645 0.005339520408163218 0.007390642857142834
1 0.07576804081632653 0.4521671388888888 0.004076163265306119 0.011960365079364956
1 0.2176813571428571 0.7483357341269841 0.005644938775510206 0.006800753968253796
1 0.9236599537545788 0.3620717037037036 0.006760907509157375 0.024832732193732224
1 0.1739077202142539 0.44638974651387026 0.011399624101977247 0.015547350170597803
1 0.8226296530612245 0.8546928075396825 0.006526408163265123 0.008000297619047537
1 0.07699879591836734 0.5435531468253967 0.006397816326530631 0.008379817460317499
1 0.2708998265306123 0.640812001984127 0.009858510204081483 0.009174607142857066
1 0.9165862568681319 0.9498758931623933 0.01260930860805861 0.012752665242164932
1 0.17652981632653061 0.2535781607142857 0.005358734693877512 0.012932964285714357
1 0.029312887755102036 0.5440615555555555 0.007381877551020402 0.021003873015873056
1 0.5712320765306124 0.5387144146825398 0.009959316326530398 0.039138630952380855
1 0.5210689489795919 0.8592393749999999 0.0066503673469387285 0.021228591269841186
1 0.07923211734693877 0.14619119841269843 0.0054388265306122285 0.012553119047619106
1 0.4243645918367347 0.6441344206349205 0.004587142857142824 0.013690484126984061
1 0.42058770408163265 0.9382805456349206 0.007995510204081567 0.009475615079365143
1 0.02551312244897959 0.8351248015873015 0.0066905918367346955 0.01613432539682533
1 0.11760417857142859 0.4485827499999999 0.0036309285714285267 0.008588468253968232
1 0.026485127551020407 0.34907266666666664 0.0072976020408163245 0.009815976190476286
1 0.5732502806122448 0.25926214880952386 0.005285153061224333 0.018926099206349207
1 0.7203421785714286 0.4548136388888888 0.004149826530612139 0.018448119047619116
1 0.9238742202380952 0.7517147514245014 0.006618546703296602 0.010103260683760575
1 0.8204104591836735 0.3627559027777778 0.008732653061224381 0.01159136904761911
1 0.9672230714285713 0.07686330555555557 0.004010489795918204 0.017280333333333366
1 0.22523594897959182 0.2505803115079365 0.00488524489795914 0.01396834523809535
1 0.26922481632653067 0.8463920793650793 0.008106489795918291 0.009720801587301547
1 0.27478606122448973 0.34748358730158735 0.008782469387755093 0.0074137777777777535
1 0.1694402602040816 0.7497875436507936 0.007101622448979583 0.01505784920634914
1 0.7747843673469388 0.2558003194444444 0.005597081632652946 0.02026940079365083
1 0.6705367653061224 0.26657689682539687 0.007778510204081661 0.01979759523809527
1 0.47038958673469383 0.7539319623015872 0.00469276530612238 0.016069607142857063
1 0.8694428163265305 0.652945988095238 0.011114367346938738 0.018388777777777733
1 0.12503195918367344 0.0558983511904762 0.007908020408163274 0.015187424603174656
1 0.2235505408163265 0.06941444841269842 0.008574938775510204 0.008616539682539726
1 0.5737070969387754 0.45896251785714287 0.0062847857142856916 0.01945095634920641
1 0.7223188469387755 0.753926742063492 0.005936285714285613 0.015460007936507775
1 0.4214956734693877 0.45594750793650796 0.004904061224489707 0.022380777777777753
1 0.8226178469387755 0.751625632936508 0.010376551020408136 0.016341988095237937
1 0.02505737755102041 0.9342504563492063 0.01079085714285714 0.01257547619047609
1 0.3672833622448979 0.15984019444444447 0.006185826530612307 0.017497190476190545
1 0.22071284183673467 0.4480110099206348 0.008191663265306102 0.022752781746031767
1 0.7285830561224488 0.07104610714285717 0.004568581632653032 0.01775401587301591
1 0.7713417295918368 0.650416478174603 0.0070614387755100995 0.022827757936507907
1 0.12498692857142858 0.7390175357142856 0.003852673469387748 0.01613655555555561
1 0.222609943877551 0.9413165535714285 0.00758623469387751 0.022624829365079552
1 0.4203871683673469 0.3627304722222222 0.005526683673469382 0.01970274603174602
1 0.8698495612244898 0.8501342777777776 0.005836591836734531 0.012777079365079361
1 0.4691288010204082 0.9431094940476189 0.005301071428571292 0.016558789682539654
1 0.21949577040816326 0.6420661309523809 0.005204887755102001 0.016586984126984165
1 0.22305285204081632 0.3551804444444444 0.009251438775510146 0.01682165079365082
1 0.8695839336734693 0.9532306011904761 0.004454581632652983 0.01863800396825393
1 0.07945671428571428 0.06303839880952382 0.0069028979591836655 0.018888480158730212
1 0.5209965459183673 0.9443725535714286 0.009346193877551099 0.01589278968253972
1 0.36828543367346933 0.8495915972222221 0.008327091836734673 0.02006283730158732
1 0.6229207346938774 0.170931501984127 0.00989832653061222 0.011435607142857185
1 0.37137685204081633 0.746474494047619 0.008521806122448947 0.018583749999999948
1 0.3749202806122448 0.06209697420634924 0.008131377551020386 0.01209077380952381
1 0.8233340612244898 0.5609213313492063 0.005117591836734598 0.020766464285714232
1 0.27576324489795917 0.2636628075396826 0.005233714285714289 0.01942537698412695
1 0.818940607142857 0.9513243809523809 0.004657051020408026 0.023070484126984227
1 0.9690211428571428 0.16965078174603176 0.004559755102040697 0.01833732539682543
1 0.07555791836734693 0.7410251765873015 0.008960693877551025 0.009021075396825297
1 0.02557712244897959 0.7387972857142857 0.0046493265306122395 0.02091733333333333
1 0.07449444387755101 0.8407395396825397 0.0072611122448979415 0.016065563492063402
1 0.5726090612244897 0.8490539781746032 0.006567591836734518 0.01493767857142853
1 0.8679769030612243 0.5545946230158729 0.009263030612244856 0.01915896825396817
1 0.5204110357142857 0.45751151785714284 0.00445854081632636 0.018632718253968207
1 0.5703534897959183 0.9497125615079365 0.004701183673469395 0.021953845238095303
1 0.9196074455128206 0.554824471153846 0.011718030219780014 0.011589483618233604
1 0.9712991900183149 0.8504062649572649 0.01107034706959707 0.010258517094017013
1 0.8721449795918366 0.7533632123015873 0.008579938775510243 0.018447186507936406
1 0.4247837193877551 0.07010726785714287 0.007575418367346895 0.013431297619047673
1 0.3241448112244898 0.2601394285714286 0.0038149693877550356 0.017791579365079357
1 0.6207676275510203 0.9419875634920635 0.004319336734693836 0.023142928571428533
1 0.3249985051020408 0.753720001984127 0.0056152346938774704 0.021453845238095088
1 0.6231664540816325 0.35367063492063494 0.00972576530612252 0.008680555555555556
1 0.773951112244898 0.05733721031746033 0.004074816326530493 0.01789006349206353
1 0.4198029846938775 0.5595789226190475 0.010202704081632673 0.011670527777777747
1 0.6736205867346938 0.1581264246031746 0.004161887755102052 0.019064611111111164
1 0.9285200765306123 0.07084680753968255 0.0052047448979588955 0.014432376984127027
1 0.07796556122448978 0.3408048115079365 0.010522959183673474 0.014570932539682582
1 0.17561297959183672 0.15188094642857145 0.009424551020408144 0.014814496031746078
1 0.8208539336734693 0.45164449999999995 0.010077846938775436 0.014865761904761854
1 0.031784183673469385 0.045945003968253996 0.010411224489795916 0.012772690476190531
1 0.07932883673469386 0.6702407638888889 0.0068397755102040745 0.017281369047619084
1 0.9673302779304029 0.649072397079772 0.010423006410256619 0.011172335470085571
1 0.27596234693877547 0.051748912698412725 0.009299795918367387 0.012945626984127026
1 0.37389586734693875 0.9366692261904761 0.010180204081632584 0.011458174603174479
1 0.12233282653061224 0.15269612698412696 0.010117510204081625 0.007603777777777839
1 0.07529901020408161 0.24051923412698414 0.00820300000000001 0.013629190476190562
1 0.7259255765306122 0.26097749801587306 0.004462622448979658 0.019835678571428626
1 0.4740695969387754 0.06491630357142858 0.00904480612244894 0.017109392857142795
1 0.2736145510204082 0.9465977023809523 0.006980081632652966 0.02136312698412684
1 0.4247184948979591 0.2594486686507936 0.004198214285714233 0.01979313888888903
1 0.47044843367346934 0.3529090456349207 0.008401602040816311 0.007723575396825419
1 0.772366387755102 0.5596215218253968 0.004693244897959049 0.018405765873015824
1 0.573977443877551 0.05751180158730161 0.008613989795918237 0.007620246031746084
1 0.6240370765306121 0.849694117063492 0.004476867346938767 0.021717916666666583
1 0.37068336734693874 0.2627784523809524 0.010818265306122449 0.012908095238095205
1 0.7694515306122448 0.45768229166666663 0.004464285714285714 0.01953125
1 0.4755440765306122 0.6445882103174602 0.005863377551020424 0.017123182539682404
1 0.8710147244897959 0.16310834325396825 0.006695040816326525 0.019021408730158784
1 0.3178181326530612 0.8463782281746031 0.005626489795918336 0.020909218253968197
1 0.3218019591836735 0.35156990476190475 0.00467414285714283 0.02156257142857138
1 0.7230367602040817 0.6516260992063492 0.009921377551020275 0.011727960317460212
1 0.7720682653061224 0.946091123015873 0.006883877551020337 0.017415968253968392
1 0.41523181122448977 0.752780113095238 0.009140969387755098 0.012172908730158699
1 0.6237244897959182 0.07031250000000004 0.005102040816326487 0.01984126984126983
1 0.7685817806122449 0.3613831626984127 0.006522663265305997 0.017437047619047616
1 0.524234693877551 0.06132192460317465 0.007653061224489781 0.017361111111111105
1 0.8724489795918366 0.4663628472222222 0.008609693877551092 0.014570932539682582
1 0.06883624489795917 0.9265233373015872 0.009967816326530609 0.023069396825396795
1 0.32079868367346936 0.6451989702380951 0.00795620408163258 0.01652170238095232
1 0.2724808673469387 0.5522383432539681 0.009885204081632638 0.010850694444444444
1 0.6726794591836733 0.5537480337301587 0.006363020408163322 0.015271789682539665
1 0.7184647397959184 0.9530255813492063 0.008861336734693838 0.015327805555555487
1 0.6782157448979591 0.45587113888888886 0.011872081632653065 0.011372801587301633
1 0.4765625 0.2572544642857143 0.009247448979591764 0.013640873015873023
1 0.17012117346938774 0.5509982638888887 0.00924744897959184 0.01891121031746046
1 0.27399815306122444 0.7445670952380952 0.009720530612244918 0.012477912698412572
1 0.4272987346938775 0.1535933869047619 0.010198448979591745 0.008289416666666716
1 0.22208696938775507 0.5494197440476191 0.005443408163265266 0.024548408730158695
1 0.17500009693877547 0.6421834305555555 0.0071426632653061005 0.02131270238095251
1 0.721421 0.16392657341269842 0.00868861224489785 0.014284750000000042
1 0.22446007653061223 0.15623490476190477 0.007074744897959156 0.02160757142857145
1 0.717289081632653 0.847409238095238 0.00993714285714274 0.0176071190476189
1 0.8219439285714285 0.6554106726190475 0.007727142857142967 0.018782654761904796
1 0.7754143724489795 0.15856594444444447 0.008163602040816289 0.016945492063492086
1 0.8734210153061225 0.2573007996031746 0.007622255102040652 0.016028361111111167
1 0.32144620918367345 0.4511765694444444 0.006661153061224415 0.02076194047619041
1 0.6735403112244898 0.348612246031746 0.008786724489795715 0.016937214285714337
1 0.41744466326530605 0.8481336388888888 0.010455061224489828 0.010577960317460326
1 0.9695496387362635 0.457343264957265 0.012566244505494645 0.015690962962962907
1 0.1734495918367347 0.8392317896825396 0.008011530612244857 0.02342134126984104
1 0.023615617346938775 0.45349715873015867 0.008253459183673468 0.020461039682539685
1 0.3714883571428571 0.4551713392857142 0.011487571428571337 0.012152361111111077
1 0.2753190969387755 0.16116418452380954 0.011224051020408155 0.012369051587301616
1 0.6702301428571429 0.6540411686507936 0.009667265306122427 0.008757940476190385
1 0.7686842857142857 0.8522456567460317 0.008549795918367258 0.01909499603174601
1 0.9228300911172161 0.45627623468660966 0.008706804945054866 0.012817010683760621
1 0.9687818292124543 0.9426679679487178 0.010095453296703128 0.012700923076923151
1 0.5746545765306122 0.36426443253968255 0.011405132653060994 0.011674507936507952
1 0.6723271785714285 0.7566120714285713 0.007067581632652978 0.018149865079365075
1 0.8171297295918367 0.1465497380952381 0.009873193877550892 0.012456079365079394
1 0.5701718673469386 0.749648253968254 0.00984759183673469 0.010376111111111067
1 0.32385488265306117 0.5474336746031745 0.009815744897959177 0.02170011111111108
1 0.9212560828754578 0.6546217108262108 0.010423960622710686 0.014541300569800616
1 0.5193484387755102 0.657288986111111 0.004989346938775542 0.024583734126984187
1 0.32357588265306125 0.06170295039682542 0.010692622448979552 0.009158583333333364
1 0.3168048469387755 0.9461185515873016 0.012436224489795932 0.015500992063492092
1 0.12574480612244898 0.5439167063492063 0.009033346938775517 0.013853095238095253
1 0.9698407431318681 0.557193616096866 0.006832936813186815 0.017980111111111086
1 0.5744908265306122 0.16401774404761907 0.012689265306122417 0.011002210317460365
1 0.3721418265306122 0.5548907539682538 0.009861755102040855 0.009266111111111147
1 0.9209227733516483 0.2659906599002849 0.007084169413919637 0.018343644586894598
1 0.6248807397959183 0.25918240873015874 0.008210459183673382 0.019705619047618975
1 0.6214129795918367 0.6545412480158729 0.010362816326530577 0.015198257936507925
1 0.5191053469387754 0.7498739325396825 0.0077076734693877465 0.023565626984126946
1 0.22138073979591835 0.843656994047619 0.008450255102040824 0.023251488095238138
1 0.4780017040816326 0.1587168392857143 0.010212591836734727 0.014978321428571374
1 0.8246422857142857 0.2595999384920635 0.006008795918367277 0.019490599206349213
1 0.968481407051282 0.3520186812678062 0.009551608974358925 0.008213349715099719
1 0.6177455357142857 0.5527033730158729 0.007493622448979664 0.020461309523809607
1 0.9206164674908426 0.8497249113247862 0.010332065018315208 0.014531731481481458
1 0.9715401785714285 0.26194689280626776 0.010016025641025854 0.011963586182336172
1 0.8721927908163264 0.35890285317460313 0.007527683673469251 0.018057388888888908
1 0.6231443010204081 0.7480046944444444 0.011364459183673452 0.011183071428571346
1 0.1263368112244898 0.35354463492063487 0.008805969387755066 0.016373031746031774
1 0.5262269744897958 0.17107496230158734 0.010364928571428525 0.009908607142857153
1 0.8721122346938776 0.06554285912698415 0.011515326530612161 0.011399400793650833
1 0.9718978937728938 0.7562099358974359 0.009014423076923248 0.01446759259259256
1 0.17532528571428568 0.35263187500000004 0.00872442857142856 0.017578511904761906
1 0.4738736071428572 0.45712677777777777 0.009842071428571382 0.021262317460317308
1 0.2770303214285714 0.4454390416666666 0.010990377551020357 0.012395726190476204
1 0.11926020408163264 0.6427641369047619 0.004145408163265302 0.007130456349206405
1 0.18499304628393412 0.4549656293267566 0.007246050289274614 0.01281179690204226
