0 0.7738072244897959 0.8438950138888888 0.04028026530612253 0.08015113888888889
0 0.7239763724489795 0.4529093928571428 0.039151724489795973 0.07756977777777778
0 0.9710170867346938 0.549245998015873 0.0376974387755102 0.07927076587301594
0 0.8730867346938773 0.4525669642857143 0.039221938775510216 0.0775049603174603
0 0.3760327295918367 0.9429474980158731 0.03841750000000001 0.07426305158730152
0 0.6247576275510204 0.25751135317460316 0.04001270408163273 0.07739869841269832
0 0.9222726275510204 0.6466782440476191 0.040017193877551246 0.07696263888888892
0 0.7736600102040816 0.06329098214285715 0.04030471428571443 0.07834287698412691
0 0.6742052040816326 0.8439638928571428 0.03909918367346949 0.0784287777777778
0 0.5748959948979591 0.45288893253968254 0.0407358673469388 0.07752885714285712
0 0.970825943877551 0.4515488333333333 0.038271785714285855 0.07794885714285717
0 0.22660316836734692 0.5510447777777777 0.039303275510204065 0.07852804761904775
0 0.9713732091836734 0.6467740833333333 0.03840968367346948 0.07591423809523817
0 0.47546015816326526 0.2575132123015873 0.03829276530612249 0.0780224563492063
0 0.9230384183673469 0.7460533075396826 0.0389977551020409 0.07792010714285721
0 0.42585427551020405 0.7457629880952381 0.039527428571428554 0.07981962698412706
0 0.5754145408163265 0.257874503968254 0.040178571428571425 0.07626488095238095
0 0.4253647397959184 0.45214811309523795 0.03982386734693876 0.07852737698412676
0 0.9715727346938775 0.8428541527777776 0.037852102040816404 0.07682933730158728
0 0.475903443877551 0.8455092420634919 0.04013596938775521 0.07903931746031745
0 0.5750127142857142 0.7456360079365077 0.040650428571428726 0.08018570634920635
0 0.971141581632653 0.7438306051587301 0.037308673469387696 0.07781498015873013
0 0.4256911173469387 0.9436040674603173 0.03951998979591842 0.07681626984127
0 0.3265303826530612 0.8462303015873015 0.03826484693877552 0.07862131746031743
0 0.5248753928571428 0.35582461706349205 0.03922782653061217 0.07685260714285706
0 0.922114158163265 0.16068328373015878 0.03810586734693869 0.0765749007936508
0 0.8238201530612244 0.6474144345238094 0.03985969387755099 0.07843501984126977
0 0.6251594387755101 0.8433469742063491 0.039221938775510216 0.07843501984126987
0 0.8233418367346939 0.7470858134920634 0.038903061224489784 0.07688492063492061
0 0.42560533673469386 0.35584585714285716 0.04062393877551023 0.07751512698412691
0 0.4753486938775509 0.6480716130952381 0.03870759183673473 0.07726921825396833
0 0.3260841581632653 0.16201411706349209 0.03960454081632651 0.07737644841269833
0 0.9224274795918368 0.3539660079365079 0.040326897959183684 0.07809570634920628
0 0.9706901785714286 0.06411502182539684 0.03800025510204088 0.07503063888888882
0 0.9226831020408162 0.4515808630952382 0.039881510204081594 0.07801291666666671
0 0.8733621275510203 0.6471743035714286 0.040410479591836634 0.07981487698412702
0 0.17721619897959182 0.4542720734126984 0.038424744897959176 0.07595486111111106
0 0.6246811224489796 0.6486545138888888 0.038903061224489784 0.0790550595238095
0 0.7738360969387754 0.941468253968254 0.039381377551020336 0.07874503968253974
0 0.723757775510204 0.746332248015873 0.04030891836734704 0.07971806746031745
0 0.17785395408163263 0.8447420634920634 0.0390625 0.078125
0 0.6248152244897959 0.7458086388888888 0.03917126530612255 0.07867084920634938
0 0.8735367244897959 0.7458440773809524 0.039484163265306293 0.07812168650793655
0 0.47571034693877556 0.9440649265873016 0.03911202040816337 0.07587786904761905
0 0.9710584897959184 0.161403376984127 0.03682361224489828 0.07739504761904754
0 0.9224330357142857 0.5486731150793649 0.03938137755102043 0.07874503968253964
0 0.6744846173469388 0.5507405476190474 0.039339132653061167 0.07977970634920625
0 0.2768499642857143 0.8457932023809523 0.03871268367346948 0.0789871984126986
0 0.4757653061224489 0.7464657738095237 0.03890306122448983 0.078125
0 0.42564724489795913 0.6478649126984126 0.04007000000000005 0.07871593650793654
0 0.5251942653061225 0.8439836825396825 0.03922781632653058 0.07908839682539683
0 0.9224136683673468 0.9399894484126984 0.039023765306122525 0.0795076666666667
0 0.6739566683673469 0.6473748134920634 0.039239867346938795 0.08021589682539677
0 0.7243067806122447 0.9418782678571429 0.03949366326530606 0.07832498809523791
0 0.27710459183673464 0.943173363095238 0.03826530612244901 0.0759548611111111
0 0.37584485714285715 0.8456522123015873 0.03899838775510207 0.07808517857142859
0 0.4759652908163265 0.16073634722222221 0.03962190816326542 0.0797812261904761
0 0.17749931122448978 0.06485150198412701 0.04058535714285717 0.07774367857142851
0 0.9711151479591835 0.9403818174603175 0.03757468367346957 0.07781224603174625
0 0.5253507653061225 0.7463107638888888 0.03954081632653055 0.0790550595238095
0 0.0786033163265306 0.7466207837301586 0.03922193877551019 0.07781498015873013
0 0.8729272959183673 0.5500682043650793 0.03858418367346945 0.07781498015873023
0 0.9223287551020407 0.8427224226190475 0.03885393877551034 0.07842599603174606
0 0.6745057397959182 0.7473958333333333 0.039381377551020336 0.07874503968253964
0 0.5747472448979591 0.5502502876984128 0.0398006122448981 0.07879918650793656
0 0.1282276530612245 0.7474800178571428 0.03866193877551022 0.07767332936507948
0 0.8734693826530612 0.9417930476190476 0.038711724489795984 0.07753450793650805
0 0.525092081632653 0.6478763829365078 0.03998008163265305 0.07873887698412692
0 0.226431387755102 0.6484893928571428 0.03959746938775509 0.07934485714285729
0 0.7735969387755101 0.746155753968254 0.03954081632653055 0.078125
0 0.7240493724489795 0.8433150535714284 0.04089211224489801 0.07961125793650797
0 0.1783496632653061 0.9429981865079364 0.039097285714285744 0.07684458730158718
0 0.5252125765306123 0.5508080773809524 0.03958331632653064 0.07867468650793648
0 0.37562798469387754 0.7467537876984126 0.03984015306122452 0.07994110714285717
0 0.27675983673469384 0.7480461071428571 0.03948906122448983 0.07632534920634931
0 0.8731664540816325 0.3530505952380953 0.0390625 0.07998511904761907
0 0.5249744540816325 0.2570441924603175 0.040063704081632574 0.07832449603174603
0 0.873007025510204 0.8433151031746031 0.03874364285714295 0.07775123809523816
0 0.07947567346938773 0.6491772023809523 0.038096755102040816 0.07638019841269855
0 0.22676069897959183 0.2578566626984127 0.03929945918367346 0.07622919841269829
0 0.27656543367346936 0.6483366626984125 0.03941913265306129 0.07903939682539679
0 0.7236244642857143 0.6472110535714286 0.04004229591836749 0.07926833730158744
0 0.8231641122448978 0.2587119424603175 0.03918536734693885 0.07669967857142852
0 0.5744749897959183 0.6480961230158729 0.04116936734693896 0.08041843650793663
0 0.5256081989795918 0.15996768849206353 0.03909905102040818 0.07886394841269835
0 0.7241392142857143 0.35532251785714286 0.04011516326530631 0.07956864682539683
0 0.6747448979591835 0.9422433035714286 0.038903061224489784 0.07781498015873013
0 0.4258942448979592 0.8453954920634921 0.03992624489795925 0.0794318571428572
0 0.7734636683673469 0.6476431329365078 0.04086866326530613 0.07889241666666653
0 0.7240114795918366 0.5500682043650793 0.03985969387755109 0.0790550595238095
0 0.7737356020408163 0.3554430873015873 0.04013702040816339 0.07794966666666663
0 0.525829081632653 0.9428633432539684 0.038265306122448904 0.07719494047619038
0 0.5257783265306123 0.061718093253968286 0.039758183673469456 0.07829729761904757
0 0.4753925714285714 0.4525436924603174 0.038476469387755174 0.07745841666666647
0 0.625 0.3552207341269842 0.038584183673469344 0.0775049603174603
0 0.030022229591836733 0.4550219523809524 0.03708527551020409 0.07683457936507941
0 0.8730208163265305 0.25800995238095237 0.038771224489795995 0.07653577777777776
0 0.3255247806122449 0.4533954722222222 0.04039905102040824 0.07792189682539676
0 0.37507971938775503 0.25771949404761907 0.03938137755102043 0.07595486111111108
0 0.22692710714285716 0.7468278075396825 0.03931339795918376 0.07946910714285711
0 0.575366 0.061222263888888906 0.03944373469387758 0.07792567857142851
0 0.22672907653061222 0.3557090476190476 0.03955509183673469 0.07910162698412693
0 0.8726609285714285 0.16057196825396827 0.03932695918367364 0.07697230952380948
0 0.5753998418367346 0.8454154920634919 0.04014917346938773 0.07885181746031744
0 0.6249553469387755 0.9413710575396825 0.04008926530612261 0.07855064682539689
0 0.12843809183673469 0.35692003769841274 0.03844506122448981 0.07718332936507934
0 0.030014510204081628 0.3576071170634921 0.03770759183673469 0.0773174087301587
0 0.2284757653061224 0.943328373015873 0.03667091836734692 0.07688492063492051
0 0.07921757653061225 0.8458404722222221 0.037899438775510205 0.0766015793650794
0 0.27676105612244895 0.5521926468253968 0.0382159897959183 0.07710354761904763
0 0.8236129897959182 0.35436251785714284 0.04040200000000007 0.07826868650793647
0 0.07916135204081631 0.4542720734126984 0.03874362244897959 0.07781498015873013
0 0.32591075510204076 0.6480921130952381 0.038301102040816305 0.07793025793650799
0 0.7239231530612243 0.062443642857142885 0.04000191836734694 0.07974839682539676
0 0.8732461734693877 0.06333705357142863 0.038903061224489784 0.07595486111111109
0 0.5755866224489795 0.3549692876984127 0.040203857142857145 0.07824214682539679
0 0.8234686479591836 0.5505883373015873 0.039475561224489905 0.07823520634920644
0 0.02963647448979591 0.5522203273809523 0.03758927551020408 0.07777894841269845
0 0.27626464795918365 0.16204587698412704 0.03977419387755105 0.07806000793650791
0 0.030103540816326532 0.8459589821428571 0.03692902040816327 0.0762185595238096
0 0.6251434183673469 0.45340620238095236 0.03918989795918374 0.07856339682539672
0 0.42571993367346933 0.5512497678571429 0.04021537755102048 0.07955806746031749
0 0.8235426785714285 0.9406729384920633 0.040261377551020515 0.07777444841269836
0 0.2273131428571428 0.8453025218253967 0.03880995918367342 0.07862587698412701
0 0.030402698979591834 0.06347118253968256 0.0384839693877551 0.07808323809523803
0 0.9708227040816325 0.3549107142857143 0.036989795918367464 0.07564484126984124
0 0.3756075459183673 0.3558916170634921 0.03884264285714291 0.07636656746031735
0 0.375797193877551 0.06256200396825401 0.039221938775510216 0.08060515873015871
0 0.17729591836734693 0.16114831349206352 0.03985969387755101 0.0775049603174603
0 0.32605165816326526 0.3558977976190476 0.03922066326530614 0.07761900793650792
0 0.030341887755102034 0.7481330376984127 0.036767959183673454 0.07587917063492068
0 0.37577691326530605 0.16110506746031747 0.03950025510204088 0.07927858730158723
0 0.1284092193877551 0.8446489722222221 0.03806843877551023 0.07855885714285726
0 0.2759088010204081 0.3556857638888889 0.0390625 0.07781498015873017
0 0.9216893724489795 0.25752545238095237 0.03885068367346938 0.07742689682539675
0 0.32527637244897956 0.5501235376984126 0.03894560204081634 0.07854568650793631
0 0.6749043367346939 0.3559957837301587 0.038903061224489784 0.07781498015873013
0 0.47560586734693866 0.06209697420634924 0.039221938775510216 0.07781498015873013
0 0.7738360969387754 0.4525669642857143 0.039381377551020336 0.0775049603174603
0 0.3259725765306122 0.06364707341269846 0.0390625 0.07843501984126981
0 0.030373086734693872 0.9414682539682538 0.037468112244897954 0.07688492063492071
0 0.823605306122449 0.4529929623015872 0.03943000000000002 0.07711687698412688
0 0.375499637755102 0.4534713234126982 0.03894570408163267 0.07621348015872975
0 0.5252063928571429 0.45284064285714276 0.03925207142857141 0.07867235714285689
0 0.22738692346938771 0.16101282738095238 0.03800088775510204 0.0784740674603174
0 0.27631058163265304 0.45371070238095246 0.039866061224489865 0.07731227777777785
0 0.12890625 0.06333705357142862 0.03874362244897959 0.07781498015873013
0 0.8233319846938775 0.8436188829365079 0.039839989795918435 0.07897883730158739
0 0.3271067908163265 0.943572626984127 0.03782327551020411 0.07551330952380948
0 0.7733970408163264 0.25801637301587305 0.039141020408163335 0.07654861904761905
0 0.07868303571428571 0.3559957837301587 0.0393813775510204 0.07781498015873013
0 0.17744343877551016 0.7476733075396825 0.03951697959183676 0.07867994841269856
0 0.6251353826530612 0.16007745833333334 0.03949270408163262 0.07784340873015866
0 0.723533163265306 0.2575644841269842 0.04113520408163274 0.0775049603174603
0 0.030214198979591832 0.6502076428571428 0.0381069693877551 0.075340880952381
0 0.030054209183673467 0.2594246031746032 0.037468112244897954 0.0744047619047619
0 0.4753484387755102 0.5503475575396826 0.03870708163265308 0.0777536468253969
0 0.6745203622448979 0.06270712301587303 0.0390917448979592 0.07841523809523804
0 0.12775002551020406 0.6491894623015871 0.038663316326530604 0.07826483730158736
0 0.37499999999999994 0.5502232142857143 0.040178571428571425 0.07874503968253964
0 0.17703921938775508 0.5507967182539681 0.039665173469387735 0.07865196825396827
0 0.17703484183673468 0.6488686825396824 0.03965641836734695 0.08010343650793651
0 0.9709660867346936 0.2582904623015873 0.03727656122448987 0.07647675793650786
0 0.7736883520408162 0.16120960714285715 0.03908588775510202 0.07886762698412696
0 0.07892688775510204 0.5518259682539681 0.03986908163265306 0.07885034920634926
0 0.6744429591836735 0.453233152777778 0.038618061224489963 0.0782172976190479
0 0.624988418367347 0.5506712678571427 0.03919877551020424 0.07902110714285716
0 0.7733605051020408 0.5507670376984127 0.03906794897959186 0.0798326865079365
0 0.3262702857142857 0.7474378273809523 0.03933904081632653 0.07944906746031745
0 0.5755126530612245 0.9430042976190474 0.03941816326530636 0.07561673015873005
0 0.7241709183673468 0.1616133432539683 0.0408163265306122 0.08029513888888885
0 0.37527763775510203 0.6483281726190474 0.03913945918367351 0.07964245634920619
0 0.9214764030612244 0.06225198412698418 0.038743622448979664 0.07874503968253967
0 0.8232621173469387 0.16099330357142863 0.03970025510204087 0.07719494047619047
0 0.6744010204081633 0.2578236825396826 0.039171938775510284 0.07492315873015869
0 0.17745535714285715 0.3559957837301587 0.03922193877551019 0.07719494047619048
0 0.12787461734693875 0.4531491031746033 0.037955867346938774 0.07680911904761907
0 0.12885442857142856 0.9432876567460317 0.03800222448979592 0.07804356746031753
0 0.07916782653061225 0.16175031746031746 0.040032081632653045 0.07746888888888881
0 0.4257725204081632 0.2574326726190476 0.04000167346938776 0.07786137698412696
0 0.4254205153061224 0.16127279761904761 0.04025429591836743 0.07899400793650788
0 0.029901163265306112 0.1613514484126984 0.03811865306122448 0.0785312698412698
0 0.625079719387755 0.06318204365079369 0.04001913265306121 0.07750496031746029
0 0.5760410357142857 0.1594369404761905 0.038242785714285785 0.07842249206349201
0 0.2268878571428571 0.4547349424603175 0.03891602040816328 0.07812067857142857
0 0.4754604132653061 0.3549169880952381 0.03861215306122452 0.07813754761904758
0 0.3256536989795918 0.257874503968254 0.0390625 0.07564484126984124
0 0.12768383673469386 0.5520870476190477 0.039168693877551036 0.07689234920634933
0 0.17743034183673467 0.2582897321428571 0.039809663265306154 0.07647529761904752
0 0.2274394132653061 0.06457713293650798 0.038424744897959204 0.07719494047619047
0 0.42608761734693873 0.06289226388888892 0.039994112244897954 0.07754544047619043
0 0.8233594897959183 0.0640750416666667 0.04021387755102036 0.07619075793650788
0 0.07934116836734696 0.9420763273809525 0.038146622448979615 0.07748102777777809
0 0.07944947959183672 0.0642256924603175 0.03995763265306123 0.07835217857142852
0 0.07908201020408162 0.2587072341269841 0.03954157142857142 0.07607022222222216
0 0.12837105612244898 0.25838518253968257 0.037992112244897985 0.075426119047619
0 0.27654867857142856 0.25829722222222223 0.039704499999999955 0.07525019841269838
0 0.12850765306122447 0.16114831349206352 0.0392219387755102 0.0775049603174603
0 0.6741324540816326 0.16020776785714286 0.03831592857142861 0.07996414682539678
0 0.2767367755102041 0.06368044246031748 0.03912406122448984 0.07788171825396818
1 0.03887529591836734 0.5340484682539682 0.006114204081632657 0.019328658730158703
1 0.4272779744897959 0.23768071428571427 0.004500173469387698 0.011865753968253992
1 0.1361254642857143 0.04560653373015876 0.0029403979591836253 0.010969472222222276
1 0.6307894183673469 0.44874712103174597 0.006597183673469178 0.009499805555555567
1 0.03375324489795918 0.7294376488095238 0.003922081632653063 0.014835019841269767
1 0.5296967244615036 0.04942060099609778 0.006614204138217161 0.007061575785582308
1 0.037503045918367346 0.6400026924603175 0.007264316326530602 0.007693027777777731
1 0.33426535204081637 0.6381496626984126 0.005257561224489698 0.009538968253968308
1 0.6807450561224488 0.33370125 0.005219071428571352 0.011416944444444521
1 0.3768675255102041 0.3539805952380952 0.005512397959183599 0.008680674603174676
1 0.22399135204081633 0.7462345753968255 0.0064178061224489415 0.006042753968253834
1 0.7729273877551021 0.056426611111111136 0.004208999999999869 0.01103070634920638
1 0.7789957295918367 0.837119611111111 0.004189663265305958 0.008424468253968203
1 0.3303447142857142 0.9331743075396824 0.006402408163265402 0.006047218253968367
1 0.18486926020408162 0.5463479662698412 0.006218112244897966 0.013330853174603202
1 0.32934583673469386 0.5438431071428571 0.007762408163265226 0.00655981746031732
1 0.7308710051020408 0.9316488273809522 0.004138091836734706 0.009718218253968618
1 0.03914548979591836 0.9343308968253969 0.007805959183673464 0.0099344365079364
1 0.3270503877551021 0.728322109126984 0.004700244897959089 0.012725821428571432
1 0.7734694234693876 0.2515591706349206 0.00503819387755107 0.0188310634920635
1 0.23435395918367347 0.6321894841269842 0.006738510204081649 0.00905853174603176
1 0.8252266020408161 0.2501777420634921 0.006115673469387925 0.007333007936508027
1 0.9253585663265308 0.4492539503968253 0.005787969387754848 0.015306583333333307
1 0.08883890306122448 0.14484698809523813 0.0050390306122448944 0.017101658730158772
1 0.5299215153061224 0.9440454543650794 0.0071212551020406875 0.006626353174603139
1 0.6243232040816326 0.3542799543650794 0.004223489795918312 0.011182154761904773
1 0.3808838520408163 0.43376825396825397 0.004813928571428505 0.017756150793650782
1 0.13378873979591838 0.7385139365079364 0.004106193877551004 0.01342351587301592
1 0.8789004387755102 0.35274578571428566 0.005273102040816114 0.009290174603174654
1 0.629339724489796 0.7378283273809524 0.006626673469387612 0.007974297619047456
1 0.2836730612244897 0.6367064027777777 0.007590102040816302 0.01180544841269842
1 0.5706499591836734 0.9360126865079363 0.006978142857142749 0.007810936507936676
1 0.7748419948979592 0.5300764702380951 0.007395091836734581 0.009911543650793596
1 0.8728409438775508 0.2476590218253968 0.004318112244897979 0.017950805555555553
1 0.6806807397959184 0.6289344444444444 0.006623214285714291 0.014328531746031695
1 0.3305469336734694 0.055604601190476215 0.005997969387755119 0.013294765873015917
1 0.6745269336734694 0.9457123134920636 0.005219091836734638 0.013213269841269889
1 0.5824478469387754 0.33920591865079364 0.005066040816326429 0.011568321428571436
1 0.7704041020408163 0.44753756150793644 0.007661183673469298 0.007578646825396884
1 0.7278029897959184 0.5408116567460317 0.005172081632652947 0.015722916666666562
1 0.18201080612244896 0.15792636507936508 0.004600836734693863 0.016364531746031818
1 0.5805736224489796 0.4390196527777777 0.00435020408163252 0.014693829365079273
1 0.8774882448979591 0.5426679662698412 0.004270959183673385 0.016970615079365124
1 0.5801613724489796 0.5410553769841269 0.005812459183673419 0.013995396825396769
1 0.8733435102040815 0.15816839484126985 0.005545122448979457 0.01650051190476197
1 0.17917180102040814 0.8379548214285713 0.009003336734693867 0.007994126984126973
1 0.5355541275510203 0.44599541071428567 0.005103479591836698 0.018103424603174576
1 0.42096913775510203 0.4477289404761904 0.004043867346938715 0.017736563492063477
1 0.677701107142857 0.2368555952380952 0.007480438775510123 0.009175714285714311
1 0.27778194387755095 0.45337255952380945 0.0062983571428571646 0.01078960317460314
1 0.4271625102040816 0.5457751865079363 0.009195387755101996 0.008896055555555529
1 0.27323320918367344 0.9367372162698413 0.008699397959183638 0.008842035714285618
1 0.8234954387755101 0.4413573015873016 0.007345857142856918 0.021799285714285688
1 0.038796959183673464 0.3429910575396825 0.0072275102040816165 0.015778797619047668
1 0.03506341326530612 0.24123763293650796 0.008954806122448984 0.021492988095238117
1 0.03395753061224489 0.836562871031746 0.0076589183673469435 0.015738345238095204
1 0.07871152551020406 0.5409317876984127 0.009987663265306118 0.009282257936507991
1 0.3844285561224489 0.05447407142857145 0.006334214285714321 0.014315746031746093
1 0.08466764795918366 0.7408620257936508 0.012424908163265297 0.013687654761904748
1 0.28204002040816323 0.3375388988095238 0.0038408775510204306 0.01676248015873015
1 0.0334431581632653 0.04665938293650796 0.00932541836734694 0.015684210317460374
1 0.9261801275510204 0.14733054761904765 0.005420357142856907 0.0170948571428572
1 0.5216884591836733 0.6295926646825396 0.008281244897959133 0.010531932539682504
1 0.6304403520408163 0.8394326706349206 0.006657561224489785 0.014959063492063426
1 0.9194770408163265 0.34359909722222215 0.00766581632653031 0.015182757936508029
1 0.9740915663265306 0.8420038194444444 0.0043041122448976964 0.019737400793650828
1 0.7213940918367346 0.048777853174603196 0.006510285714285605 0.013307388888888943
1 0.9221103010204079 0.9306531369047617 0.004631438775510129 0.01853003571428561
1 0.2803775204081632 0.7396889662698413 0.010035775510204101 0.012313535714285666
1 0.5756249795918368 0.648817009920635 0.008188816326530457 0.00990566269841252
1 0.6276543928571428 0.1474399523809524 0.012005214285714466 0.016606095238095184
1 0.9243320306122448 0.8266989742063491 0.008159918367346718 0.010664551587301592
1 0.4800411836734694 0.728973623015873 0.008870632653061351 0.012758753968254074
1 0.9257705357142856 0.23924245436507932 0.008152806122448907 0.009982353174603225
1 0.8228485918367346 0.3342387599206349 0.006407408163265314 0.015302242063492115
1 0.7782565714285713 0.3369945496031746 0.008218999999999912 0.009790662698412679
1 0.927709168367347 0.5395300277777777 0.008420948979591815 0.011465738095238048
1 0.7226694744897959 0.43882144246031746 0.008742683673469287 0.01943052777777771
1 0.7278380102040816 0.3361545138888889 0.004464285714285714 0.020151289682539687
1 0.37384344897959176 0.840207240079365 0.004864122448979558 0.017130162698412634
1 0.6224903877551019 0.9362422063492063 0.009802387755102058 0.009212015873015861
1 0.7700188214285714 0.7364600575396825 0.009388377551020304 0.01009079761904758
1 0.48172519387755086 0.14358724801587303 0.005618489795918334 0.02148125793650799
1 0.5297141683673469 0.5534202837301586 0.007217071428571334 0.015307250000000118
1 0.8738623928571428 0.04111892460317463 0.009290520408163161 0.018084571428571485
1 0.9662818571428571 0.15260067658730161 0.010038326530611893 0.013375035714285763
1 0.2291382857142857 0.9428184345238095 0.010154551020408117 0.00908039285714304
1 0.869554969387755 0.736845867063492 0.008976795918367182 0.011179297619047604
1 0.4276946683673469 0.9425370337301587 0.007493316326530624 0.01832375000000002
1 0.6767360102040815 0.04195186507936511 0.00941063265306131 0.012078412698412743
1 0.8259129795918367 0.5465170456349207 0.007612816326530439 0.014232773809523714
1 0.8235809948979591 0.7390252976190476 0.00876913265306121 0.014260912698412712
1 0.08534157653061222 0.44040399206349207 0.005337255102040813 0.021845785714285724
1 0.4294915204081632 0.6420373412698411 0.009320530612244885 0.01416440476190475
1 0.2794920765306122 0.8327456726190476 0.007980132653061186 0.010971948412698317
1 0.9681714540816325 0.3447065773809524 0.006578010204081457 0.012967797619047674
1 0.8259109183673469 0.6294097142857141 0.008573571428571215 0.01461807142857157
1 0.8761383367346939 0.6410272916666666 0.007927408163265223 0.01060414682539691
1 0.5742570357142857 0.25444846031746027 0.006779295918367215 0.014912603174603262
1 0.2763871173469387 0.5421626984126983 0.011001275510204066 0.014260912698412712
1 0.0802941224489796 0.3486893154761905 0.005865836734693871 0.02112335317460312
1 0.2266748622448979 0.541536505952381 0.004877316326530615 0.022333734126983903
1 0.32483235204081634 0.3406506686507936 0.008498561224489722 0.010538940476190589
1 0.8244787244897959 0.9262147182539683 0.007930306122448931 0.015006079365079274
1 0.17520387755102038 0.7299144484126984 0.007053979591836753 0.016361579365079315
1 0.6737611530612245 0.8415077499999999 0.0057940204081630906 0.01452914285714277
1 0.4758512346938775 0.4413282916666666 0.006843448979591723 0.023097384920634893
1 0.8730759846938775 0.8366995317460316 0.009268948979591787 0.009264626984126877
1 0.8744419642857143 0.9317026289682538 0.009088010204081646 0.012710813492063463
1 0.9731576020408161 0.9272767083333333 0.008723061224489672 0.012882099206349196
1 0.07927520918367346 0.8438178988095237 0.005671520408163261 0.022309638888888764
1 0.22730386734693878 0.245849501984127 0.007126959183673419 0.019089686507936555
1 0.23147247448979594 0.14011444841269843 0.0054861734693877244 0.019126261904761927
1 0.2359506530612245 0.3457955257936508 0.008009408163265265 0.02505081349206348
1 0.9754953265306121 0.6326231230158729 0.006917510204081622 0.019351968253968208
1 0.4743717040816326 0.043399404761904785 0.01012138775510201 0.010423412698412755
1 0.07599924999999999 0.6328252876984126 0.011373500000000014 0.013294424603174685
1 0.32364259693877545 0.8454398591269839 0.008327051020408151 0.012865321428571441
1 0.4773843316326531 0.6451375099206349 0.005052765306122353 0.019124781746031654
1 0.4749191734693877 0.9384165158730159 0.00966420408163263 0.008583634920634964
1 0.6745057397959182 0.5401475694444444 0.013233418367346924 0.01767113095238088
1 0.18313675 0.9336883253968253 0.005218846938775482 0.02424041269841284
1 0.4245854591836734 0.136811755952381 0.006377551020408185 0.01953125
1 0.6788938622448979 0.7415183650793651 0.007964826530612206 0.019815452380952416
1 0.52655075 0.3483843154761905 0.005253091836734671 0.01925319444444441
1 0.37745509693877555 0.9351162361111112 0.010395928571428468 0.015184194444444384
1 0.5275322551020407 0.1471682777777778 0.007754367346938754 0.014319198412698438
1 0.13415651530612244 0.3429109722222222 0.010659969387755095 0.015683055555555478
1 0.9272258265306123 0.7418197261904762 0.008749877551020038 0.009912134920634781
1 0.27796516326530607 0.14982742658730164 0.0059319183673469155 0.020781654761904803
1 0.32685864285714283 0.43925482341269834 0.00954802040816313 0.011743329365079368
1 0.7751092755102039 0.9317952063492063 0.005585020408163136 0.018726055555555732
1 0.37188025510204076 0.7388387757936508 0.005920612244897937 0.02145439285714268
1 0.42968586224489796 0.33955881746031746 0.005743071428571359 0.023263317460317474
1 0.5795091224489795 0.7368602063492062 0.008392469387754987 0.018591095238095334
1 0.5289154846938775 0.8448325595238094 0.010089948979591716 0.010979722222222222
1 0.3274977346938775 0.15466586507936508 0.004762183673469369 0.021025412698412748
1 0.6271204030612245 0.03616677579365082 0.00723878571428561 0.018688273809523856
1 0.5736607142857143 0.04830109126984132 0.009247448979591764 0.01116071428571429
1 0.4272723265306122 0.7411703154761905 0.009294632653061236 0.01741135317460301
1 0.9765625 0.44621155753968245 0.009247448979591866 0.02201140873015866
1 0.9692283163265305 0.05760168650793656 0.010522959183673412 0.009920634920634915
1 0.3846460459183673 0.24717881944444448 0.006536989795918353 0.01829117063492062
1 0.13608099489795916 0.8324962797619047 0.008450255102040824 0.01953125
1 0.18264416326530608 0.048539011904761925 0.011306061224489763 0.01750530952380958
1 0.7272892397959183 0.6452510793650792 0.0052429489795916395 0.023237920634920643
1 0.7256828622448979 0.733564867063492 0.007817948979591855 0.021461535714285673
1 0.8755223418367346 0.4452773908730157 0.010434908163265227 0.023259702380952377
1 0.5738201530612244 0.8286210317460316 0.009885204081632638 0.011160714285714215
1 0.5255102040816325 0.23214285714285715 0.011798469387755058 0.011160714285714263
1 0.42737563775510196 0.8487723214285713 0.00972576530612247 0.017981150793650848
1 0.9220282755102042 0.6378842222222222 0.010854163265306178 0.015030166666666664
1 0.037613443877551014 0.44193167857142857 0.009538112244897956 0.02895264285714284
1 0.17749739285714283 0.4518328095238095 0.011714397959183666 0.0175893412698413
1 0.4802624030612244 0.8481208829365078 0.008994193877551128 0.0160582341269842
1 0.37477885204081635 0.14880798214285715 0.01103729591836736 0.017482035714285648
1 0.9720184948979591 0.7472408234126983 0.01163903061224484 0.014570932539682582
1 0.9751275510204079 0.5434027777777778 0.007971938775510118 0.017361111111111112
1 0.7683852040816327 0.6373361865079364 0.012854591836734791 0.013015626984126961
1 0.477850556122449 0.252979240079365 0.006671336734693816 0.01909112301587311
1 0.6280988673469386 0.646951365079365 0.010024265306122462 0.021085269841269867
1 0.6254783163265305 0.25275917658730157 0.00988520408163274 0.01829117063492067
1 0.08514030612244898 0.03962053571428576 0.005102040816326525 0.008680555555555556
1 0.03443877551020408 0.13727678571428575 0.005739795918367349 0.004960317460317467
1 0.12834821428571427 0.15696304563492067 0.003826530612244916 0.007130456349206356
1 0.0782844387755102 0.2453187003968254 0.005420918367346937 0.006510416666666666
1 0.13058035714285715 0.24237351190476195 0.005102040816326487 0.009300595238095195
1 0.28037308673469385 0.2603546626984127 0.0023915816326530756 0.005580357142857107
1 0.13105867346938774 0.6478794642857142 0.003826530612244916 0.008060515873016014
1 0.47959183673469385 0.5457279265873015 0.004145408163265277 0.010230654761904902
1 0.3816167091836734 0.5354972718253967 0.003029336734693899 0.008370535714285785
1 0.7799744897959182 0.13774181547619052 0.005420918367346924 0.005270337301587337
1 0.67578125 0.13851686507936514 0.004304846938775496 0.008060515873015865
1 0.6238042091836734 0.548673115079365 0.004942602040816269 0.005580357142857058
1 0.7190688775510204 0.839471726190476 0.00669642857142847 0.007440476190476275
