0 0.04051457887303004 0.8236402407407407 0.04058907448706513 0.08246566666666656
0 0.5776091152988403 0.4011865648148147 0.04460270874219443 0.08651664814814802
0 0.19699657857567648 0.6168984814814814 0.04133184284864708 0.08391270370370356
0 0.9631278794974726 0.5067995462962962 0.04460247323818014 0.08535835185185182
0 0.9588907430121913 0.8268230277777777 0.043859392655367084 0.0830442037037038
0 0.8572702943800179 0.07132523148148148 0.04460303300624443 0.08709490740740741
0 0.8530329721231045 0.5081016574074074 0.0444542879869165 0.08738387037037033
0 0.6338090990187333 0.29195601851851855 0.04400832589949443 0.08738425925925927
0 0.6318019502676183 0.6168980092592592 0.04445433169788884 0.08564787037037044
0 0.7980224452126079 0.5085361851851851 0.04385934180790969 0.08709551851851859
0 0.3034495110764198 0.5109955925925925 0.04222462429378525 0.08506988888888894
0 0.7393694434284864 0.8291378148148147 0.04252122405590242 0.08420155555555553
0 0.7418225344186739 0.6155959259259259 0.04326445628902772 0.08420111111111121
0 0.6313559654326495 0.7228008425925926 0.043562362027951156 0.0833331666666667
0 0.9105708980820695 0.29022018518518516 0.04504902185548593 0.08796351851851848
0 0.9597827581772226 0.720630787037037 0.043859301665179984 0.08362268518518512
0 0.576419746580434 0.7235242222222222 0.044008092625631844 0.08593733333333325
0 0.3584595531519477 0.828559111111111 0.041629186589354786 0.08188674074074065
0 0.14079713745168004 0.2975984907407408 0.04311672509663992 0.08535901851851853
0 0.6297948260481713 0.935329861111111 0.04281891168599465 0.08362268518518531
0 0.8552630479482605 0.2907988888888889 0.04415678278322916 0.0873848148148148
0 0.4680345766428784 0.2948497314814814 0.044305846714243285 0.08564853703703701
0 0.9035085393250075 0.8271123796296296 0.04371050713648529 0.0830442037037038
0 0.14161482939339873 0.40465867592592586 0.04267063410645254 0.08651642592592597
0 0.41205766584894443 0.2939816759259259 0.044454314748736234 0.08564853703703705
0 0.9061851303151947 0.6148726296296295 0.04341397160273529 0.08622674074074076
0 0.9015757867231639 0.9331599444444444 0.043115891019922706 0.08449118518518538
0 0.9690752534195659 0.07074672222222224 0.04549513960749345 0.08767400000000003
0 0.8516949266280107 0.6150172777777777 0.04296761121022913 0.08535862962962969
0 0.6326196725393993 0.509259537037037 0.04400830136782619 0.08680611111111108
0 0.7940826319506394 0.8278357592592592 0.043413554118346694 0.08275485185185191
0 0.8473834517543859 0.9337386481481482 0.0441573287243532 0.08449118518518518
0 0.7966100461641392 0.6157406296296296 0.04430543279809697 0.08564792592592606
0 0.30292914235801366 0.4033566759259259 0.04237330107047275 0.08275501851851845
0 0.9562146520220043 0.9322919166666666 0.043264867528991904 0.08217642592592571
0 0.9075974990336011 0.5075234259259258 0.04385988061254836 0.08622740740740742
0 0.5782038072405591 0.29152221296296293 0.04311591064525718 0.08709535185185184
0 0.9614924804490038 0.6142938703703703 0.04430521067499255 0.08449051851851842
0 0.30434155657151357 0.8276911388888888 0.04162988685697299 0.08246561111111106
0 0.7437557566904549 0.4001739166666667 0.04386001174546527 0.0850700555555556
0 0.41228069617900687 0.40321200000000007 0.042818900535236425 0.0847804814814816
0 0.3032264807463574 0.616898037037037 0.04237327074041028 0.08391181481481484
0 0.5215579267766874 0.8292824629629629 0.04281850000000008 0.08506955555555547
0 0.5230451187184062 0.29296894444444443 0.04400876256318763 0.087674
0 0.5218552348349688 0.6170426851851852 0.043413116116562664 0.08535851851851865
0 0.7384774434284865 0.9348960277777776 0.04371075958965208 0.08506983333333333
0 0.19417179564377046 0.18923619444444442 0.0425214087124591 0.08506961111111108
0 0.5768657617454654 0.6171873333333333 0.04371070874219458 0.08449040740740739
0 0.5223012348349688 0.5096935092592593 0.04371040900981262 0.08478053703703696
0 0.08868571669640202 0.40494805555555546 0.04118350594707108 0.08535907407407405
0 0.03583088172762414 0.5107062685185186 0.04311582233125186 0.08506994444444446
0 0.7404101353702053 0.723379574074074 0.043115840172465 0.08506933333333322
0 0.5230451187184062 0.40176529629629626 0.04400876256318763 0.08709540740740741
0 0.41213200423728813 0.7242476018518519 0.04371093086529885 0.08449057407407423
0 0.6850282485875706 0.8291377314814814 0.043264942016057094 0.08420138888888888
0 0.35779049249182276 0.5109955648148148 0.04356195435622949 0.08564853703703691
0 0.46632483920606604 0.9346066759259261 0.04296784671424316 0.08333372222222223
0 0.4123550345673506 0.6177660370370369 0.042967577311923875 0.08506911111111105
0 0.8488701740261672 0.8275464074074074 0.043859884180790995 0.08333355555555548
0 0.03360082106749926 0.08492460185185186 0.042818650758251565 0.08651587037037038
0 0.6888938913916146 0.29094353703703707 0.04534651011002077 0.08709540740740745
0 0.46758854631281593 0.40277802777777777 0.04430584671424319 0.08506994444444446
0 0.3577163247100803 0.6168981481481481 0.04252155813261965 0.08275462962962966
0 0.6900089206066012 0.07233796296296295 0.04460303300624443 0.08622685185185186
0 0.2482903073892358 0.297019787037037 0.04222438522152841 0.08651642592592597
0 0.6871098155664584 0.5088250370370371 0.04415718688670829 0.08825192592592598
0 0.7997321674843889 0.2903648333333333 0.04460260437109715 0.08709540740740741
0 0.09084146929824562 0.6157406018518518 0.04014264719000893 0.08217564814814803
0 0.9051444232084449 0.7206307870370371 0.04341403226286053 0.08420138888888898
0 0.5748586859203093 0.9351853518518517 0.0438595068391317 0.08506977777777772
0 0.6836155477995837 0.9348960277777778 0.04341307597383286 0.08506983333333352
0 0.08712459113886412 0.29832175925925924 0.04281891168599465 0.08506944444444443
0 0.6329169957627119 0.40133126851851847 0.04430559426107655 0.08680605555555562
0 0.798394106824264 0.4000292407407407 0.044900018584597086 0.0847807037037037
0 0.6869611539548023 0.6166086574074074 0.04415721721677056 0.08506916666666667
0 0.9665478088760036 0.29050903703703707 0.04430584671424313 0.08506899999999998
0 0.4127267320844484 0.8287037037037037 0.0425215581326197 0.08217592592592589
0 0.9649124249925662 0.39858245370370365 0.043711260927743016 0.08535935185185181
0 0.9676628240410349 0.18200248148148146 0.045049109277431006 0.08564848148148142
0 0.1938 0.296875 0.04415700000000001 0.08680599999999995
0 0.9088612378085044 0.3987269907407407 0.04430547561700865 0.0873839814814815
0 0.041257917261373775 0.9269386296296296 0.04118369060362771 0.08246522222222206
0 0.9119833122955694 0.18113453703703702 0.04460296119536122 0.08564870370370367
0 0.7424915495837052 0.5089701574074073 0.04371042595896532 0.08506994444444427
0 0.24910793933987513 0.0792824074074074 0.03999405292893254 0.08275462962962964
0 0.5214092348349688 0.7242476018518518 0.043413176776687504 0.0850692777777776
0 0.3023339807463574 0.2954284074074074 0.04207503850728515 0.08622718518518521
0 0.5234911187184061 0.07494232407407407 0.04490076256318768 0.08796335185185186
0 0.576048100133809 0.8301504907407407 0.04296744617900681 0.08449079629629629
0 0.19833462407077015 0.8262443240740741 0.04014233764495986 0.08362290740740747
0 0.5205915277282189 0.9346067037037038 0.04296717677668752 0.08333377777777784
0 0.4681088847011598 0.07508699999999999 0.04296769506393112 0.08651659259259259
0 0.4124293274606007 0.07581035185185184 0.042521455991674124 0.08680588888888886
0 0.8503568811329171 0.7219328425925925 0.04445446996729111 0.08506938888888893
0 0.303895331549212 0.7233796296296297 0.041629497472494816 0.08333333333333333
0 0.19647622502230153 0.5107062962962963 0.04148054995539697 0.08507000000000008
0 0.8015165031222123 0.0714699074074074 0.04460303300624443 0.08796296296296295
0 0.6301665663841809 0.8295718148148148 0.044157099464763615 0.08391214814814812
0 0.13953315492120133 0.08130787037037036 0.04296758846268212 0.08680555555555555
0 0.19432044209039548 0.08000578703703702 0.04222399449895927 0.08535879629629628
0 0.4128754088611359 0.9344618055555555 0.04192685102586976 0.08362268518518531
0 0.46662219275944106 0.829137787037037 0.04296784671424321 0.08188668518518523
0 0.1451829507136485 0.8253762962962963 0.04118362369907821 0.08362296296296289
0 0.6347011596788582 0.07219328703703702 0.043710972346119537 0.0876736111111111
0 0.4670682079244722 0.617766037037037 0.04385987704430563 0.08391170370370361
0 0.0896520963425513 0.5092592592592592 0.0407374368123699 0.08159722222222222
0 0.03887917982456141 0.7203414629629629 0.041183872584002384 0.08478014814814806
0 0.19484079564377044 0.4040799722222222 0.0423726409455843 0.08535901851851863
0 0.800698521037764 0.18156806481481483 0.04356177594409751 0.08593705555555561
0 0.09299720673505799 0.8262444074074073 0.03939911165625929 0.08362307407407411
0 0.4127267113440381 0.1860533796296296 0.042818870205173956 0.08564842592592588
0 0.7444247870205174 0.2912328888888889 0.04430601174546535 0.08883151851851857
0 0.24985133771929824 0.5109955648148148 0.04296761745465358 0.08506983333333333
0 0.034195513009217963 0.19270825 0.042223913321439197 0.08622668518518517
0 0.0378379878828427 0.6151619537037037 0.04207502423431461 0.08449057407407413
0 0.7954207077757954 0.7230902222222222 0.04430558444840911 0.08564803703703718
0 0.522525 0.184028 0.04594100000000001 0.08680600000000001
0 0.8564524166666667 0.18127921296296293 0.043264631132917064 0.08709546296296294
0 0.03597957366934286 0.4056714074074074 0.0425211455545644 0.08622707407407408
0 0.41213201940231936 0.5107062407407407 0.04341360764198627 0.08449118518518518
0 0.03456718978590544 0.2990451666666667 0.04237255976806423 0.087094962962963
0 0.09344320673505797 0.928529787037037 0.04058846520963422 0.08217531481481474
0 0.2514867677668748 0.8265335648148148 0.04118346714243237 0.08246527777777778
0 0.3566011086083854 0.294560324074074 0.04356201501635443 0.08680583333333332
0 0.08608391859946478 0.08246522222222222 0.04311639503419568 0.08796285185185183
0 0.3577161844335415 0.07725708333333332 0.04281863113291704 0.08680583333333332
0 0.8538506792298544 0.3991612129629629 0.04341352022004149 0.08535946296296294
0 0.3050847457627119 0.9327256944444444 0.04192685102586976 0.08304398148148134
0 0.09121313090990188 0.7210648148148149 0.040291263306571526 0.083912037037037
0 0.2506690448260482 0.7226562222222221 0.042818910347903666 0.08420133333333327
0 0.08712465603627714 0.19111687037037034 0.04222433437407077 0.08593744444444446
0 0.24918232255426703 0.40408002777777785 0.04311635489146594 0.08478042592592608
0 0.577460453687184 0.5092595092592592 0.044008031965507004 0.0862273518518518
0 0.9125779739072257 0.07103571296296296 0.0451975773119239 0.08709457407407407
0 0.6855487700713648 0.7226561944444444 0.043116570770145725 0.08362257407407399
0 0.3576418460451977 0.18750011111111112 0.042967307909604534 0.0868057777777778
0 0.358682723758549 0.931712962962963 0.04177817424918226 0.08101851851851845
0 0.6876302159530181 0.3998843425925926 0.044305431906036315 0.08622668518518514
0 0.7463575092922986 0.0721930648148148 0.04519792075527789 0.08767316666666665
0 0.3031521575230449 0.07783575925925924 0.041927270740410354 0.08738448148148145
0 0.4664735311477848 0.7248263333333332 0.04385993770443062 0.08506933333333332
0 0.7927446016205769 0.933883324074074 0.044305736098721356 0.08478053703703715
0 0.7455398021855486 0.18214724074074073 0.04475192075527812 0.08709540740740743
0 0.24992566161165627 0.6157407407407406 0.04192685102586976 0.08043981481481478
0 0.46848059180790963 0.18561937962962963 0.04430581638418082 0.08709524074074074
0 0.3574188308801665 0.4026332962962963 0.04341333823966698 0.08420177777777783
0 0.1995244624591139 0.929976962962963 0.04133260020814749 0.0810187407407407
0 0.30211143525126377 0.18822349074074077 0.04162994751709788 0.08593772222222228
0 0.6894142297799584 0.18229191666666666 0.04460306556645849 0.08622735185185183
0 0.14414228910199228 0.6174771574074073 0.04088642179601548 0.08449135185185182
0 0.2477698483496878 0.18865740740740738 0.04237288135593221 0.08449074074074074
0 0.46736553114778473 0.5107062685185185 0.04415716993755564 0.08506994444444436
0 0.1405 0.18967 0.043710999999999986 0.087674
0 0.2520814287094856 0.9304111574074074 0.041480728367528974 0.08130842592592596
0 0.19729408266428786 0.7209201388888888 0.04162949747249479 0.08246527777777778
0 0.5787984688522153 0.07392962037037033 0.04460258742194465 0.0870953518518518
0 0.6344037180344931 0.18287059259259258 0.04430550327088904 0.08564859259259254
0 0.35786480055010406 0.72395825 0.04371057047279215 0.08391187037037036
0 0.5787241456289027 0.18373864814814814 0.04445394097531957 0.08680600000000004
0 0.1428785516651799 0.5114296759259258 0.04192718956289029 0.08420194444444441
0 0.1462979962087422 0.929542712962963 0.04192694692239073 0.08246505555555542
0 0.1440679203835861 0.721932925925926 0.04162974501932801 0.0844908518518519
1 0.19238777356526912 0.5041954907407408 0.003270840023788273 0.013599759259259159
1 0.08361494274965513 0.06228134287058421 0.007253471285810354 0.010557278333761003
1 0.8551886194617901 0.8123552962962962 0.007136885370205128 0.008391259259259185
1 0.25223000000000007 0.28559 0.004013999999999979 0.015625
1 0.360764316607196 0.6056134814814814 0.006690219000892099 0.010416555555555441
1 0.8001783425512935 0.16753480555555553 0.006244563782337254 0.0104165
1 0.41127115242977713 0.29167697660217995 0.02028182998592955 0.02201113838954516
1 0.0935919827534939 0.6074941574074073 0.006987904846862927 0.006655203703703686
1 0.6906780816235504 0.16840286111111108 0.005500809693725883 0.013310018518518527
1 0.19238781906036276 0.4027780277777777 0.006244284567350579 0.005786537037037082
1 0.6910495690603627 0.2783567037037037 0.008920784567350485 0.006943999999999987
1 0.8008473273862623 0.3917823796296296 0.004609240559024699 0.014467648148148172
1 0.354370973015165 0.4997106203703703 0.007880117603330426 0.006944499999999958
1 0.02308037998642339 0.081322348836712 0.00800771794092625 0.011768312334274222
1 0.6280405774290112 0.932006992558378 0.004120372564087268 0.015637028483448785
1 0.2493310530776093 0.8177081944444443 0.0032706919417186606 0.014467870370370523
1 0.5203684376300922 0.18692121296296296 0.008623814600059388 0.00752331481481483
1 0.5778320403657449 0.6082175648148148 0.007880373624739844 0.00925931481481474
1 0.4087126892655367 0.5047741666666666 0.006838671424323534 0.0130211111111111
1 0.25111512890276544 0.39120378703703695 0.0047575506987808484 0.02025446296296297
1 0.24724969952423428 0.49580453703703703 0.006541338388343719 0.014177962962963005
1 0.9020960805084747 0.8151039722222222 0.008177746803449314 0.008102240740740679
1 0.41540287124591135 0.8168401944444444 0.003270974724947967 0.01736127777777775
1 0.139830663470116 0.7105031666666666 0.009068973386856962 0.009549222222222258
1 0.5816982045792447 0.5030381388888888 0.003716287838239707 0.017071870370370452
1 0.6885965084002379 0.604456074074074 0.009663956140350947 0.007523037037036988
1 0.3034495951531371 0.5036168148148149 0.005649129646149269 0.017071925925925865
1 0.6831694577014571 0.8188654907407407 0.0071371476360392525 0.010995870370370357
1 0.9679603678263456 0.3794847037037037 0.006392674992566291 0.007812999999999971
1 0.2980967086678561 0.6061921296296295 0.009218417335712107 0.008101851851851983
1 0.5255726625037169 0.6043114537037036 0.00683861790068396 0.010127092592592528
1 0.24962821729110912 0.6069155925925925 0.00802872747546833 0.013020666666666693
1 0.41302392930419274 0.40060783333333333 0.006839444394885507 0.016492666666666662
1 0.9144365025275052 0.2738713055555555 0.004311651501635314 0.01591479629629634
1 0.6326941101694916 0.3965566296296296 0.004608806125483199 0.019965444444444418
1 0.4652840571662206 0.5046295462962962 0.00817705367231632 0.01793998148148142
1 0.631578890499554 0.8220486944444444 0.008920720338983017 0.008101685185185146
1 0.41495688641094264 0.7174480833333333 0.005649712161760279 0.020543648148148068
1 0.2988402818911686 0.3972798981481481 0.006244503122212315 0.015625388888888894
1 0.8531815739666965 0.711227074074074 0.006988026613143068 0.01273103703703704
1 0.3562293720636337 0.7155672129629629 0.010407744127267369 0.012731314814814806
1 0.8571214175587273 0.3855614259259259 0.010705128010704784 0.00839103703703703
1 0.9066312750520369 0.49840862037037026 0.006541196550698863 0.013020722222222206
1 0.41584891674100505 0.6048900740740741 0.004460358608385433 0.020543925925925834
1 0.3585339452869462 0.28023737962962963 0.004311829913767447 0.018228944444444412
1 0.6877044780701755 0.38368072222222216 0.009961249033600905 0.009258925925925894
1 0.14302710801367827 0.6059028333333334 0.009812569580731508 0.00983785185185177
1 0.7485877146892655 0.5934607037037037 0.004757368718406237 0.016782296296296313
1 0.19788867001189417 0.28935168518518517 0.00832565997621172 0.009837629629629615
1 0.03345202386262266 0.607928212962963 0.007731694171870353 0.00868061111111107
1 0.24910809857270297 0.7157119722222222 0.006392782931905996 0.015914018518518404
1 0.4661019536128456 0.3926504629629629 0.0053518465655664465 0.01851851851851855
1 0.6322479359946477 0.17100691666666668 0.010853518435920344 0.009838018518518484
1 0.03330306438167974 0.9073479332392438 0.00981236099648466 0.017242162774783805
1 0.6297204914510856 0.5033274629629629 0.008474568688670596 0.013021000000000072
1 0.8575676068986025 0.6070603518518518 0.005649799583705157 0.01736077777777783
1 0.8536275739666964 0.16796886111111112 0.007285440826643003 0.013599314814814824
1 0.9096046892655367 0.6041669166666666 0.0044599643175736396 0.0190967222222222
1 0.03196531675587273 0.2896408703703704 0.00802892640499554 0.008681222222222265
1 0.7942314382991377 0.6092303796296296 0.004757462384775516 0.017071648148148197
1 0.30181385667558724 0.1759259259259259 0.009812667261373774 0.008680555555555556
1 0.13841793859649126 0.18127907407407406 0.0023791094261076087 0.010127037037037014
1 0.09143601048171278 0.9262150833333334 0.007434253196550688 0.010995759259259132
1 0.9603775645257212 0.5914353240740741 0.003717068391317272 0.019096944444444354
1 0.5205173189116861 0.07147010185185185 0.005947223609872125 0.013888499999999995
1 0.4675143374962831 0.6124130277777777 0.006095321439191194 0.025752648148148063
1 0.7987659283377937 0.2774886759259259 0.005203796015462448 0.02083283333333341
1 0.4705618855932204 0.2657696203703704 0.00713671052631588 0.011284833333333348
1 0.13953299925661614 0.3969906018518518 0.005203998513232217 0.01909749999999999
1 0.5787240858608386 0.28993074999999996 0.008475111061552104 0.012731092592592554
1 0.0871990785013381 0.5104168888888889 0.006095449895926269 0.016781962962962933
1 0.6284569888492417 0.5998262499999999 0.0065412705917335685 0.016203981481481534
1 0.7949746176776687 0.7160011851851852 0.008920821141837662 0.010705962962962839
1 0.7398155881653286 0.8230615925925926 0.005055115670532166 0.018807370370370315
1 0.6920902761671127 0.7071757037037036 0.008623491674100427 0.008681000000000062
1 0.09507867469521261 0.81727425 0.004906581623550384 0.018807981481481464
1 0.03702066034790366 0.7184606759259259 0.0077309064823074675 0.014467537037037044
1 0.08303625007433839 0.18576402777777776 0.004013732381801959 0.019096944444444455
1 0.7414507978739222 0.7184605925925924 0.008921181534344153 0.010416777777777891
1 0.5813263687927446 0.7142651296296295 0.009514969818614407 0.00954844444444457
1 0.2009369304192685 0.6106771666666666 0.004905800178412135 0.022279925925926015
1 0.5779065984240263 0.39467589814814813 0.006541843294677241 0.020254685185185174
1 0.46580448654475165 0.7222220277777777 0.011893851769253751 0.00983835185185189
1 0.691792937778769 0.4997107037037037 0.008623461344038059 0.017360999999999883
1 0.3049361432500744 0.7191839444444444 0.011001932946773717 0.008970074074073981
1 0.09024668725840025 0.7146991296296296 0.011597020963425509 0.008680444444444428
1 0.9568092387005649 0.9224536203703704 0.006690770294380084 0.025463129629629537
1 0.13618770376152245 0.2850114907407407 0.008623700416294977 0.01504646296296297
1 0.3522895739666964 0.39597784259259255 0.009961440826642905 0.015335981481481494
1 0.5230452179601547 0.8198781111111111 0.005351728813559303 0.021702111111111064
1 0.7417481210972345 0.4908853055555556 0.008029181534344404 0.0205442037037037
1 0.744573419194172 0.3912036203703703 0.00951507062146895 0.025463129629629586
1 0.19320549583705027 0.7138312407407408 0.004906284567350603 0.017360666666666604
1 0.4162949015759739 0.9283852499999999 0.0038657424918227463 0.016493388888888835
1 0.6342549511596789 0.2851562222222222 0.00713684165923279 0.02112274074074073
1 0.3586082988403212 0.16912635185185182 0.005055183467142368 0.02170100000000002
1 0.3015167138715432 0.2822626481481481 0.012191074189711585 0.010706185185185192
1 0.03166802386262266 0.3997397222222222 0.011597047725245316 0.011284444444444455
1 0.13382352032270758 0.07789980005987511 0.004489145908573067 0.004179229749379873
1 0.7962385141242938 0.49594929629629625 0.0046089069283376406 0.019096777777777813
1 0.9119834418673803 0.3917822962962963 0.005352176628010569 0.023727074074074088
1 0.6318018753345228 0.7173033518518519 0.007582690008920623 0.017939592592592528
1 0.9575526529140648 0.7126737222222223 0.009366891614630014 0.009259037037036972
1 0.08586100000000002 0.384115 0.009366999999999997 0.01128499999999999
1 0.5202199727178115 0.7142651574074074 0.007731054564376902 0.01765068518518525
1 0.8532561320249776 0.4968173518518518 0.005649496283080567 0.021411592592592496
1 0.3604665388789771 0.8207466944444444 0.011151370651204258 0.011284388888888842
1 0.30582815841510563 0.8246528333333333 0.010407316830211132 0.010416555555555639
1 0.04051448877490336 0.8151041111111111 0.009961209782931907 0.016203814814814796
1 0.9605262716324711 0.813802111111111 0.0055011290514419085 0.019386518518518494
1 0.7456884343592031 0.05917256481481481 0.008474454504906389 0.014178018518518513
1 0.24799303791257807 0.17332178703703702 0.005352015165031241 0.018518462962962987
1 0.8998660046833186 0.9207175925925926 0.007880241599762073 0.012731481481481349
1 0.19811147331251858 0.8142360833333333 0.008177885964912297 0.016203759259259383
1 0.5235654125037169 0.389323 0.01025841079393395 0.017071592592592586
1 0.029215000000000005 0.18446199999999996 0.010258999999999997 0.01128499999999999
1 0.03612814518287244 0.5060761666666667 0.008921229705619982 0.013310629629629527
1 0.08415112139458816 0.2931134814814815 0.009515182129051449 0.008680444444444428
1 0.25044590923282783 0.9220196203703703 0.007285404252155777 0.026909833333333445
1 0.19268515744870654 0.18098969444444443 0.005054900683913188 0.023437277777777796
1 0.4141391614629795 0.17983217592592593 0.00460898007731189 0.024594907407407413
1 0.9700415320398453 0.4992765648148148 0.0069880034195658625 0.022858907407407456
1 0.9067054089354744 0.16854753703703704 0.009069110764198578 0.013020666666666666
1 0.7951976631727624 0.8151041388888888 0.011150912132024945 0.017361166666666723
1 0.9622358197294084 0.16956021296296298 0.010407932352066331 0.010416611111111102
1 0.5727029342105263 0.821759537037037 0.011596807760927745 0.017360555555555476
1 0.6828721496431758 0.9186922685185185 0.010705299286351399 0.015624722222222134
1 0.967885794603033 0.27445056481481483 0.007136528545941167 0.022279425925925946
1 0.19023190744870652 0.07016812962962962 0.011150814897413009 0.018807259259259263
1 0.5792444545792448 0.07103612962962963 0.00892114139161465 0.01591385185185184
1 0.7896967892506691 0.9278066296296296 0.010853224947963295 0.01938674074074065
1 0.8481268213648528 0.9220196481481482 0.01174516785608094 0.011284777777777637
1 0.1516501639161463 0.922598324074074 0.014273267172167694 0.01244224074074059
1 0.6327682895480227 0.06756354629629628 0.01100222554267026 0.01649327777777777
1 0.4117602221974428 0.0570025925925926 0.006988030181385649 0.037615185185185175
1 0.19788848847754983 0.9220197592592593 0.010110623401724634 0.018229000000000026
1 0.9603773751858461 0.06901022222222222 0.007285689711567057 0.01591474074074074
1 0.3628457156556646 0.9178241296296296 0.007285077757954235 0.02546285185185167
1 0.800103905813262 0.06365732407407407 0.015314043859649103 0.01041683333333332
1 0.3597234611953613 0.06322337962962964 0.00936663693131133 0.017071759259259262
1 0.25007427795123405 0.07653370370370371 0.011002202349093054 0.01880759259259258
1 0.46818329980672013 0.9272278425925926 0.016651538953315455 0.014757277777777725
1 0.7377341059322033 0.9217303518518518 0.015759858311031837 0.01591429629629637
1 0.4649124258846268 0.06814208333333334 0.010109730449003974 0.02285935185185185
1 0.5231937508920607 0.9252023240740739 0.01129908757062145 0.022859240740740933
1 0.856898387228665 0.0633681388888889 0.009367067350579818 0.01967575925925924
1 0.30233443614332445 0.9220197592592593 0.013529165179898916 0.021122518518518478
1 0.3016653603181683 0.07161491666666667 0.010407013529586746 0.021122018518518505
1 0.6906036600505502 0.05685791666666667 0.014570259440975366 0.01996472222222221
1 0.9081922221974429 0.0635128148148148 0.014421383734760502 0.020543814814814824
1 0.577683469744276 0.9288191388888888 0.013827232381801986 0.02372746296296313
1 0.14384495896520963 0.5060762499999999 0.0034192108236693604 0.016782685185185307
1 0.5779065680939638 0.1844618611111111 0.004757782634552402 0.010127203703703704
1 0.527208 0.284288 0.0035680000000000043 0.016493000000000042
1 0.7474727146892657 0.2699652777777778 0.0063926616116562205 0.006944444444444395
1 0.7456143004757657 0.16854767592592593 0.006243893844781467 0.005497240740740736
1 0.5250522937853107 0.4988425648148147 0.005500526910496526 0.009259314814814838
1 0.469818691049658 0.8294269722222222 0.0023786749925662105 0.010127537037037133
1 0.8524384097531966 0.28819419444444444 0.004311405292893234 0.011574574074074029
1 0.15075935015797823 0.8230150177887247 0.0038633990001303783 0.006169038496624621
1 0.03362533040237501 0.07176995124454708 0.0027812514807588856 0.010424685655632543
1 0.08719017373550919 0.08610389402104182 0.007313661301254865 0.015436553759302023
1 0.1449783989468328 0.0853019951244547 0.00690162404484614 0.015436553759302023
1 0.0396513752773526 0.9322074672825249 0.007004633358948319 0.020448421862971442
1 0.6325729872495071 0.9155680651783422 0.003914353935882848 0.015236079035155115
