0 0.028183461130742046 0.8365368187082841 0.036490597173144866 0.07499256164114647
0 0.12549765787481068 0.16029161542991754 0.03708819813225642 0.07519650137416566
0 0.27308376375567894 0.7417319396348645 0.03916348914689546 0.07739791931684338
0 0.076588124432105 0.9347282813113467 0.03865075668854114 0.07690650372987859
0 0.819285116355376 0.5477610316058108 0.04026129782937896 0.07716713584609348
0 0.5207281675921251 0.9395244405182568 0.03880615850580509 0.07668335296427169
0 0.6698006057546693 0.645520465253239 0.04006814740030283 0.07821702002355715
0 0.868989148409894 0.351127339811543 0.039341244825845625 0.07713198625834325
0 0.5200182988389702 0.25550893207695324 0.038332912670368556 0.07606988614055751
0 0.47087960625946496 0.744288623871221 0.03849066128218073 0.07514968590498622
0 0.7190181726400806 0.2542819984295249 0.04038364462392729 0.07668335296427169
0 0.769752353735487 0.7446497565763642 0.03994640358404839 0.07709888496270127
0 0.37126135790005044 0.5470590400471143 0.03896390711761737 0.07637661955241468
0 0.47127397778899544 0.35259005692972123 0.03801741544674404 0.07576315272870039
0 0.9677392277889955 0.5472489812524538 0.038393649924280536 0.07552956831566544
0 0.7192088050227158 0.5480388479583824 0.04013391494194859 0.07956316902237927
0 0.5706887060827865 0.2544434939144091 0.03903011282180709 0.07700634393404006
0 0.8198195355880867 0.9401379073419708 0.039437152953054014 0.07668335296427169
0 0.6698111417213529 0.2540852107381233 0.03882723043917226 0.07751671122889675
0 0.3216494194851085 0.5476725068708284 0.03880615850580514 0.07637661955241458
0 0.5207281675921251 0.7435217903415783 0.03912165572942956 0.07606988614055755
0 0.7697343513377082 0.939831173930114 0.03959490156486619 0.07668335296427169
0 0.3214501839979808 0.7441884568119356 0.03746119586067641 0.07494935178641546
0 0.9197498019939424 0.9409912984884177 0.03990344043412404 0.07716320160973704
0 0.5201656781928319 0.15902476531213194 0.0392586658253407 0.07511666843345113
0 0.47064298334174653 0.44875098154691795 0.038648409893992916 0.07484295249312921
0 0.7688458343008581 0.5479271648998821 0.04034184528016159 0.07933980290537877
0 0.7684723624432105 0.058892815076560655 0.03927940434124173 0.07545641931684334
0 0.6697566500504796 0.5486397650176678 0.03903374432105002 0.07953806949352188
0 0.32180716809692067 0.44967118178248916 0.03754416961130741 0.07484295249312921
0 0.8688004795557799 0.25336179819395366 0.03959490156486619 0.07668335296427166
0 0.5200744309692074 0.5462084812524538 0.039076171378091724 0.07835630290537891
0 0.4710020162796567 0.939106515312132 0.03936647576981329 0.07584750255202206
0 0.7190061765522464 0.1575641817824892 0.03878216633013634 0.07771670278759327
0 0.6693870188036345 0.352450339811543 0.03924097349823329 0.07855105261091481
0 0.47064298334174653 0.25550893207695324 0.03833291267036851 0.07484295249312915
0 0.6201999881373044 0.15814606507656065 0.039617543160020266 0.07642660208087948
0 0.919495797829379 0.8430829525912839 0.03907993488137283 0.07888282705143308
0 0.7692919627713276 0.6456756772673733 0.04091860499747599 0.07975437769925402
0 0.768961341241797 0.4497316187671771 0.03962636749116614 0.07803116058107587
0 0.6700286444977284 0.7451452399882214 0.03957773321554774 0.07747638496270119
0 0.6694780188036344 0.4501522022968198 0.03879197905098439 0.07825886081664708
0 0.967551110550227 0.15674077345897133 0.03675542655224636 0.07668335296427169
0 0.9685285757193337 0.9403359981350609 0.0368173735487131 0.07646606772673752
0 0.9681472083543665 0.7442859734000785 0.03826311938414944 0.07698478543384378
0 0.2235986087834427 0.8392879022379269 0.038943810196870286 0.07926779505300363
0 0.4709340204442201 0.547158698076168 0.037652997980817865 0.07841633608166473
0 0.3215253110802625 0.35286133981154294 0.03824244447248865 0.07569225166862972
0 0.7186665536345279 0.05951786906164114 0.0403114010600707 0.07609306046329013
0 0.37090058758202926 0.3533017568708284 0.03981985259969716 0.07657308578720062
0 0.27297188806158507 0.2562136112092658 0.03957073220595661 0.07502537711032585
0 0.7691038384654215 0.3522765732234001 0.039280367491166146 0.0775900526109148
0 0.9190557978293792 0.25415457744405184 0.04009291822311981 0.07704197781703967
0 0.5698707102473498 0.44963346888496264 0.0405490933871782 0.07844832764036111
0 0.2728887637556789 0.4508255358264625 0.03814249469964664 0.07531126010993328
0 0.9180969207470974 0.057819248135060855 0.0388061585058052 0.07576315272870042
0 0.7188414321049975 0.44989280241460533 0.03939916910651198 0.07835352787593243
0 0.9195269235234729 0.3520181899293286 0.03914218626956075 0.07707328602277187
0 0.2726684755174154 0.9372239399293285 0.03896390711761737 0.0769900863761289
0 0.3217166728924786 0.06166253612092657 0.038940665320545166 0.07670159363957597
0 0.07649050984351338 0.16078398213584608 0.03814003028773347 0.07618123478602275
0 0.22392415446744066 0.74229485669415 0.037701918223119635 0.07606988614055755
0 0.028205585436648157 0.16046848213584608 0.03653484578495709 0.0767771684334511
0 0.4214254164563352 0.5467523066352571 0.038963907117617325 0.07760355319984293
0 0.2729588922261484 0.5482592650176679 0.037651757193336674 0.07632320219866519
0 0.5205076726400808 0.06036553612092658 0.03868066582534086 0.07533452728700431
0 0.7192975494699646 0.3524424399293286 0.03999590661282184 0.07853525284648609
0 0.6199033707723371 0.3522547562819003 0.039970800100959075 0.07815988555162942
0 0.3713402322059566 0.4501312819002748 0.039437152953054014 0.07637661955241462
0 0.7195854279404341 0.9400979151943463 0.03994066910651191 0.07721683549273647
0 0.9187279151943463 0.4492110816647035 0.03912165572942956 0.07576315272870045
0 0.9683920826602725 0.843379652826855 0.0374908791014639 0.07702236022771883
0 0.17416482672892478 0.0623980692972124 0.039457871529530536 0.07755919316843345
0 0.32228104581019684 0.9380293150765606 0.038491925037859635 0.07614696937573602
0 0.5701267116355376 0.35285317334118566 0.03948361004543171 0.07690285237534351
0 0.5206257983341747 0.3524240566352571 0.038916917213528586 0.07727155261091484
0 0.8187894892730944 0.15785396495877504 0.039901038112064566 0.07706933549273655
0 0.9184808075466935 0.5479591648998821 0.03957393210499751 0.0763364687868079
0 0.9682188312720847 0.646452827738516 0.03714437632508845 0.07456054358068333
0 0.17465032256436142 0.4505572022968197 0.03822038263503281 0.07661499352179035
0 0.028528959742554264 0.9328372475461325 0.0371815943967693 0.07741870396544945
0 0.8687372713276124 0.058597168826069884 0.03852199343765789 0.0773189941107185
0 0.028789121655729423 0.44936444837063205 0.036124432104997474 0.07729681978798587
0 0.6697885229681978 0.8419341024734983 0.03941298738011107 0.07842552728700437
0 0.8691886470217063 0.7438349396348646 0.03910924760222118 0.07792311837455834
0 0.32210279719838464 0.8407819525912839 0.03845092503785971 0.0773481611700039
0 0.9188856638061583 0.6462872987828818 0.039752650176678374 0.07729681978798582
0 0.8696550157748612 0.8422790858853553 0.03877999621403337 0.07666162681586176
0 0.4210296126956083 0.9390266486062033 0.03974978571428573 0.07568776914016477
0 0.8186189906612822 0.058415119061641145 0.03987553811206459 0.07879529505300353
0 0.8190391121908127 0.2535086106203376 0.03945379227662796 0.0763635109933254
0 0.22360865724381626 0.35381699057714955 0.03864840989399294 0.07576315272870045
0 0.2231959900302877 0.6440967104436591 0.03782307546693589 0.0753695104043974
0 0.5704189803129732 0.7430616902237926 0.039437152953054014 0.07821702002355715
0 0.6204866179959617 0.7449876232822927 0.03955980843008585 0.0765476847271299
0 0.8188838635790003 0.4494434185316058 0.0404052839475011 0.07745476010993332
0 0.22375998864209992 0.450265669120534 0.03832007824331143 0.07603192716921883
0 0.6202839881373043 0.2540130940321947 0.03915454871277138 0.07675901099332545
0 0.4711576475265017 0.841031619061641 0.03904674381625445 0.07784749411071848
0 0.7191801834931852 0.6461167270318021 0.04070766633013635 0.08002301040439747
0 0.7694188541140838 0.8419832155477032 0.039594901564866294 0.07668335296427169
0 0.12557178356890458 0.06381408647428347 0.0372364495204442 0.07609695975657636
0 0.6193999242806663 0.06042648213584609 0.039910398788490654 0.07606988614055751
0 0.5704904546945987 0.15744378131134668 0.03989559893992945 0.07808936866902237
0 0.27240439500252395 0.3528608895759717 0.038435746087834434 0.07630481802120141
0 0.8688717713276123 0.4486870855908912 0.039737485108530986 0.07716902787593247
0 0.029178952801615348 0.5478131151354535 0.036273099949520445 0.07604436925795058
0 0.1747330739525492 0.7416257897526501 0.03838588541140839 0.07534521908127227
0 0.5703792130237254 0.6451784438555163 0.03967311559818276 0.07753297722811148
0 0.9188067895002524 0.15735424028268552 0.039594901564866294 0.07791028661170002
0 0.9676723312720846 0.4491480690027483 0.038259856890459173 0.07686406105221834
0 0.4213411196365472 0.7423544064585786 0.040688296819788 0.07864285296427168
0 0.8691880157748612 0.1576861983706321 0.03910798510853104 0.07673380231645072
0 0.3714592035588087 0.9384225319002747 0.039044101211509336 0.07570646937573637
0 0.028834331272084804 0.6447070943266588 0.03589935411408379 0.07290947722811156
0 0.6700136458859162 0.9393208986062033 0.0392322387682989 0.07627626914016497
0 0.37088970911155983 0.7432424562230074 0.039167101211509396 0.07612468472712988
0 0.07745612026754164 0.6438824438555163 0.03754727334679455 0.07432751040439722
0 0.8696362657748612 0.9405423814291323 0.038426998990408884 0.07626536749116594
0 0.42153748700151433 0.2549711941499804 0.039188048207975765 0.07499441028661172
0 0.3215404270570419 0.1599725153121319 0.03890367087329634 0.07455830113859442
0 0.8690613942453307 0.5474219148998822 0.03917023927309446 0.07771583608166467
0 0.7695574530540131 0.25386782744405184 0.03955660222110049 0.07708194464075384
0 0.5204044295810197 0.6448790102080879 0.03973616860171631 0.07877451040439729
0 0.6206936096668348 0.9396660153121319 0.03965829454820786 0.07635303572830783
0 0.6693258944977284 0.15848504848841774 0.03880322766279645 0.07526416843345113
0 0.4707705162796567 0.06100690282685513 0.03827248132256439 0.07600379387514723
0 0.1249581648157496 0.837826635060856 0.03821769257950527 0.07695872752257561
0 0.12558891065118627 0.6437917939733019 0.03695520646138314 0.0766000779348253
0 0.3217110499747602 0.6449575102080879 0.03766743059061086 0.07893151040439732
0 0.9192011610297828 0.7444419905771494 0.04006814740030283 0.07668335296427169
0 0.2238298546188793 0.15923616519434627 0.03814431297324575 0.07737986866902237
0 0.02841021113074205 0.740943056340793 0.03599760550227159 0.07459321908127196
0 0.967649954189803 0.35146293992932864 0.03758410827864712 0.07596278602277189
0 0.5203867983341746 0.4492437188849627 0.03906991166077743 0.07828229446407538
0 0.8193964878849066 0.6467028940910875 0.04016854366481571 0.07751454358068303
0 0.5701823573952549 0.05919954848841774 0.03959490156486619 0.07729681978798586
0 0.7194735550227157 0.7448147731645073 0.03940142604745083 0.07804238496270116
0 0.2723162679202423 0.8403622523557125 0.03889048637051999 0.07773569434628975
0 0.22403972614840992 0.06202901953278366 0.038248558808682505 0.07743456046329014
0 0.5708407074709743 0.9396516320180603 0.039334115598182756 0.07387040184530806
0 0.17415446744068652 0.25688923243031014 0.03849066128218073 0.07514968590498622
0 0.37101321188793535 0.06150060247349822 0.03878311231701166 0.07637772634471927
0 0.4709695232205956 0.6446880937377307 0.03898599242806665 0.07777921063996886
0 0.8192934934376577 0.7446477565763643 0.039647057546693634 0.07770835178641544
0 0.8194042392730944 0.3522469399293286 0.0398685492175669 0.07814425284648606
0 0.0769890001261989 0.0619780692972124 0.039137010853104504 0.07733265999214763
0 0.7199773050227157 0.8410929520023557 0.041039920494699594 0.07797015999214767
0 0.32225929581019686 0.25610672791519434 0.03844842503785968 0.07542507734589714
0 0.0767446996466431 0.74229485669415 0.03707092377587077 0.07606988614055755
0 0.6199913666077738 0.4495379191205339 0.0395157973245835 0.07764376128778952
0 0.620598365219586 0.8410875852964272 0.03978330287733464 0.0785728934040048
0 0.07659963137304392 0.35392317334118567 0.03835827334679454 0.07720245190420104
0 0.9667623674911661 0.05843271495877502 0.03707092377587092 0.07453621908127207
0 0.4212676678445229 0.6446002650176678 0.04022589601211506 0.07760355319984304
0 0.12484853912165572 0.9349207978994896 0.03862943563856638 0.07729153690616443
0 0.1255022891216557 0.7417420397526501 0.037728455073195354 0.07741811955241444
0 0.37102684035840483 0.15949586542991753 0.03912586648157499 0.0754454018453082
0 0.8194948719081271 0.8424632689438555 0.04004981448763242 0.07764345975657644
0 0.27208751930843006 0.6443618105614448 0.038432989146895476 0.07651317746368283
0 0.47121613919737504 0.15943409884177465 0.03821723548712766 0.07593533549273654
0 0.12466666759212518 0.25667274450333727 0.03952768147400302 0.07533017687475464
0 0.2729850137556789 0.15990261542991754 0.038650491923271094 0.07625890184530822
0 0.3709098389702171 0.6451406269140164 0.03889186370519942 0.07623040969768348
0 0.22380397753659767 0.2565278446211229 0.03746156436143363 0.0762673107577542
0 0.1258784064866229 0.4502468521790342 0.03690320368500755 0.07476735963879087
0 0.4212593668601716 0.15922976531213193 0.04084028849066133 0.07675360208087946
0 0.6695867701918223 0.05999516941499804 0.03869398460373554 0.07643419434628974
0 0.12583640648662292 0.3543328404004711 0.037765695355880875 0.07434098508048681
0 0.17458769548207975 0.16005908225363172 0.038410625694093904 0.07473143502159403
0 0.2729476352852095 0.06163416941499803 0.03857573498233217 0.07603139340400471
0 0.17431045658758204 0.5471747981939536 0.03754065068147404 0.0741542685512367
0 0.028999581272084803 0.353199339811543 0.03717634578495709 0.07759518531605814
0 0.4212444911660777 0.8407647357675696 0.03954854820797579 0.0773137275225757
0 0.9676299848561332 0.2535151648998822 0.03691317516405864 0.07453621908127207
0 0.7689699586067642 0.15774396495877502 0.03964360222110039 0.07562240184530822
0 0.42132611547198384 0.44924606900274827 0.039711796819788044 0.07767352787593247
0 0.5701823573952549 0.5462922065174715 0.03959490156486619 0.07791028661170005
0 0.4214254164563352 0.06027311542991754 0.04022589601211506 0.07760355319984295
0 0.6203126179959616 0.645846293973302 0.03921180843008573 0.07702827699254033
0 0.07698132256436142 0.5479792402826855 0.03722867238768299 0.07453621908127209
0 0.0282050896012115 0.06069763564978407 0.03716484856133266 0.07661219316843346
0 0.8692230171630488 0.6451584604436591 0.04012447955577981 0.07994687769925393
0 0.17368122160524987 0.9359970062819002 0.03880615850580514 0.07576315272870025
0 0.6201097930338213 0.5475191401648998 0.039752650176678374 0.07668335296427169
0 0.1750921913175164 0.35386210698861403 0.03784213124684503 0.07462645190420103
0 0.5707760803886927 0.8419924851786416 0.03825836976274612 0.07854229269729086
0 0.07688812443210499 0.8389362357675697 0.038304265017667836 0.07488366117000399
0 0.028850081272084806 0.25751031144483705 0.035930854114083796 0.07332450981546924
0 0.22360865724381623 0.9364571063996858 0.03707092377587077 0.07606988614055746
0 0.17420207256436143 0.6442135439733019 0.038270374305906095 0.07744357793482533
0 0.12581940648662293 0.5477370150176678 0.03678520368500758 0.07527870219866518
0 0.07642920242301866 0.45120484884177464 0.03643992932862191 0.07668335296427174
0 0.5209983149924281 0.8412336854142126 0.03934645330641087 0.07825162681586177
0 0.3712083417465926 0.8411431860031408 0.03854237758707722 0.07561676069886136
0 0.42138411686017163 0.3527228066352571 0.040143296819787976 0.07664211896348647
0 0.07649237998485613 0.2566096277974087 0.03909026224129227 0.07643087711032584
0 0.22331511017163044 0.5473024314880252 0.03806131574962134 0.07624993561052218
0 0.37140033341746587 0.2556990940321947 0.04018834982332155 0.07522327640361205
0 0.17407559313478038 0.8390692481350608 0.03864840989399294 0.07637661955241468
1 0.5719499637809187 0.8429505923635648 0.005771955325593073 0.016469251079701763
1 0.03610869522968198 0.5471127217314488 0.007603407117617365 0.024124576168040868
1 0.6206818770822816 0.5402479202002355 0.005796770822816707 0.01270203945818614
1 0.42288912178192833 0.44968867559874365 0.00448677410398791 0.0159151497840597
1 0.23048222135285212 0.5452138876128779 0.005340453811206456 0.009518239693757301
1 0.18054306360424027 0.9403440881429131 0.004575154972236233 0.011856974872398772
1 0.36830073207975766 0.4416421240675304 0.007340989146895537 0.009309980369061598
1 0.12763029126703687 0.6411089337455831 0.008179599192327075 0.02323953337259511
1 0.18246842819283188 0.6454043004515115 0.00545688414941952 0.01526226678445239
1 0.8720920165320545 0.45297719277581466 0.00430158026249379 0.013018916372202562
1 0.22729635121150932 0.3384616608755398 0.008241724634023255 0.006478719866509595
1 0.8217807372539122 0.7345434117589321 0.007119999495204305 0.009368221633294007
1 0.5261447852094902 0.6241638976246564 0.0071501065118625765 0.011119593835885429
1 0.5194444456082785 0.44336789124460146 0.006037913427561798 0.011379647428347184
1 0.27085641380615844 0.626904531507656 0.0066213470469460136 0.009932593835885307
1 0.6766626703685008 0.6433733313702394 0.007414184755174144 0.024231939536709803
1 0.8727895179202423 0.7285325112877895 0.004484063604240264 0.017709221633294112
1 0.7231037120141343 0.7410267275225755 0.008486575971731521 0.010346544954848842
1 0.22338512342251385 0.4374932235963879 0.00533727460878346 0.009019245779348267
1 0.127183546819788 0.5519363556144483 0.004340629732458342 0.015090775225755908
1 0.4250894849823322 0.8301900408323517 0.006395992175668803 0.016838214369846918
1 0.3792511876577486 0.7393573791715743 0.005316403079252854 0.013236556929721229
1 0.9204183027511358 0.740762678936003 0.007661627713276329 0.007358623282292815
1 0.7226005557799091 0.3451063954652532 0.0032466420999495782 0.01588752316450723
1 0.8217113601716304 0.9375037042599137 0.00852074255426548 0.007722273458971153
1 0.034662327864714786 0.6362164829210836 0.0070256723876829874 0.02075509854731056
1 0.07351085310449268 0.33986062033765213 0.006940938919737505 0.006748135060855907
1 0.07671051476527006 0.452619859246172 0.009375537859666824 0.017414384373772997
1 0.6214287416708733 0.837990758244994 0.008720002776375578 0.008598381429132433
1 0.27462739575971734 0.44068455771495874 0.006335819283190298 0.016132847663918325
1 0.47773400454316 0.9376405046132706 0.0045900424028267085 0.015423741460541743
1 0.6745407640080766 0.3402180951118963 0.005979047450782409 0.01952945563407931
1 0.5691223436395759 0.3459003954652532 0.009849709490156552 0.010005255398508063
1 0.3246443048965169 0.6361749491558697 0.005999123674911643 0.013476564193168351
1 0.13026553293791013 0.3554961466431095 0.005748590863200421 0.012898558696505703
1 0.7740443197879859 0.8373540917746367 0.0066816784452294695 0.017233316254416882
1 0.4712798968955072 0.8393733583627797 0.010557318778394732 0.008900515312131811
1 0.521839806032307 0.1470242534354142 0.007557137051993834 0.015138772281115029
1 0.0775972536597678 0.8385544750687083 0.011388026754164546 0.011765215547703118
1 0.5215446817264008 0.7417561961130741 0.00814738566380616 0.013960124460149319
1 0.7691210947753659 0.9340969370828426 0.007694206208985374 0.007174205928543071
1 0.4265493509591116 0.5404772205535924 0.003791757445734437 0.01653770651747156
1 0.3780283175164058 0.05676652542206517 0.0052381655729429304 0.018362316254416963
1 0.7221250530035336 0.04853259118570868 0.00640612821807157 0.02317431507656065
1 0.3254587951792024 0.9265573363761288 0.008156109793033802 0.013051404986258081
1 0.9653851056284704 0.24783101639183355 0.007329233467945276 0.014128897722811166
1 0.17485933165068146 0.16003810473105615 0.008055188288743053 0.008742008048684708
1 0.22895397412922763 0.061046175893207696 0.004295484351337667 0.01716461719670199
1 0.9688233375820293 0.4464304415979583 0.008340200151438637 0.012616148606203352
1 0.42369474469964663 0.05235199106792304 0.005715003281171097 0.012468181193561047
1 0.42018750580514885 0.6293534983313701 0.0070505310449268015 0.011782795249312904
1 0.7207703085562847 0.25191153356890456 0.005645147652700595 0.016396799371809982
1 0.37709082029278146 0.5491160884373774 0.007113160020191752 0.01766397546132698
1 0.6219291118122159 0.9470943227326264 0.0099277430590611 0.01737397722811155
1 0.2797212464664311 0.9249423695524146 0.00813701236749113 0.013214004515115797
1 0.32406509098939934 0.4515558900667451 0.007670818021201445 0.0166522198665097
1 0.9677088591620393 0.8363086474283471 0.008360676426047623 0.012576069886140474
1 0.08272761963654719 0.6342700160973694 0.005228758707723369 0.022194164899882116
1 0.4760263788490661 0.5365852531409501 0.00989827713276128 0.011438838044758586
1 0.7703894663048965 0.24258043227326265 0.005472960373548728 0.01236072948566945
1 0.9681238472993438 0.33766804475853945 0.005322219586067587 0.019721821751079675
1 0.5706533394750126 0.6296332317432274 0.008049706713780986 0.01245026207302708
1 0.6740047667844523 0.5337745700824499 0.0048425613326601126 0.023194872398900637
1 0.27532539298334174 0.15521158814291322 0.005570819283190279 0.02023544169611307
1 0.7687583433871781 0.7416100794071456 0.00810421176173658 0.01179849057714952
1 0.4740307684250378 0.6456270842167254 0.005686570166582478 0.0197244338437376
1 0.9672143431347803 0.639999149391441 0.01029620015143889 0.007055097369454187
1 0.08334198700151438 0.15827928837848448 0.005577510095911149 0.019007775814683946
1 0.07315453142352348 0.24610558274440514 0.005445101716304888 0.01573936454652531
1 0.42700209540636036 0.931308537200628 0.009511710247349824 0.01581833981154289
1 0.7732188281171126 0.4432079913623871 0.006755175668854057 0.014766781311346615
1 0.5713250811458859 0.9389176710836278 0.01206967617364977 0.00918860757754203
1 0.6245369819535589 0.23419429780133486 0.005973991670873297 0.012569394189242238
1 0.4240483634528016 0.7324270450530035 0.0062697546693588685 0.01666828916372213
1 0.3257794194851085 0.7344707624656459 0.006568369510348252 0.02362325716529244
1 0.6189639972236244 0.7412640959952885 0.011441011105502242 0.013103924224577845
1 0.6170232638818778 0.05033727424420887 0.007119549974760275 0.014657214369846879
1 0.03549343765774861 0.9338498723989007 0.011673397274103988 0.012576069886140375
1 0.7698920999495205 0.33710001963093833 0.006467693084300866 0.015950137416568526
1 0.17550245456839977 0.732914411758932 0.0077154341241797144 0.016307022575579033
1 0.9678405917465925 0.9341595543776992 0.00935920015143848 0.01993177463682747
1 0.9703345861938414 0.042996640361209267 0.006579691822311823 0.021363413427561834
1 0.7250551634275617 0.545090354436592 0.006224857395254953 0.0158999742834707
1 0.1303929044674407 0.9341239542599137 0.007702328369510321 0.016935640753827818
1 0.8181297497476021 0.6387076825677267 0.009689516153457893 0.00779763054574012
1 0.4778215003785967 0.15772045484884176 0.005677039626451221 0.014604241460541819
1 0.8199302844522968 0.8319806220062818 0.007793431095406333 0.018029755987436204
1 0.036042884093806404 0.8317891905482021 0.005093408567835115 0.020419971069320475
1 0.47354639689550726 0.35421259687868073 0.005708821554770387 0.019146459167648257
1 0.37583345431600196 0.14781770367098546 0.004895433619384093 0.01661920592854339
1 0.523122799091368 0.9296548203769139 0.008461620393740585 0.019125773458971273
1 0.07893550227158 0.048649990478994896 0.009658021201413432 0.007602845897133873
1 0.37223896264512873 0.9289755200235569 0.008298450277637568 0.013122772281115283
1 0.2781151693589096 0.3461766265213977 0.008211661282180772 0.01753974695720453
1 0.272020404088844 0.8386581753042794 0.00871032761231706 0.01646554966627415
1 0.4249353565118627 0.3426991454652532 0.007650740787481018 0.02008855634079307
1 0.5740422026754164 0.051826890950137414 0.007581924785461882 0.009224113663133087
1 0.9229082534073699 0.24262612877895565 0.006783190307925224 0.022698272477424383
1 0.9194376867743561 0.6361168828032979 0.004890401312468587 0.017273497840596914
1 0.9217567916456334 0.8354846747153514 0.010348102725895914 0.008089347074990094
1 0.522668804644119 0.04332742353749509 0.0065301342756182885 0.01640757930899096
1 0.423858617617365 0.14586963672948564 0.0053872574457344054 0.018061472516686303
1 0.029482722993437654 0.1559725881429132 0.007919965421504293 0.018713441696113095
1 0.8237731060070671 0.545628138201806 0.004397250883392141 0.02279947546132711
1 0.5199394245330642 0.8398360816647035 0.012935386168601631 0.015950137416568526
1 0.6678684160777384 0.8274966409501374 0.005757362695608289 0.02161154731056146
1 0.8227641073952549 0.4434321080683157 0.007992734225138878 0.014318547899489558
1 0.3762663619384149 0.35865626158225355 0.007959276123170106 0.015506476835492715
1 0.3251819236496719 0.3479871964075382 0.005239383392226062 0.022395257754220674
1 0.6252272250126198 0.4496169587750294 0.008694969459868572 0.011764315665488844
1 0.8226853560070672 0.2422984986258343 0.009727723119636522 0.008630329014526872
1 0.03239358064109036 0.3467583954652533 0.00998568071680969 0.013196989988221386
1 0.7733488253407369 0.6418837506870827 0.005548689550731873 0.025370700431880756
1 0.2790164936900555 0.5420013704358069 0.010493009591115663 0.01164900628190018
1 0.5247586692327109 0.5436489877306635 0.007398360676425954 0.01694230722418529
1 0.18250792541645633 0.055804658716136636 0.005377889702170588 0.020286049666274043
1 0.1769412004038364 0.539776054083235 0.006415428571428576 0.02162084040047111
1 0.9204316826097929 0.33686072781703963 0.00511089020696614 0.017042187868080105
1 0.027469228546188794 0.7357716119945034 0.010369468197879853 0.014273423046721608
1 0.7202205543917213 0.14936200402434238 0.009268633770822784 0.019051806635257133
1 0.47095977814235235 0.44156919100903025 0.00930457294295804 0.013750114252061222
1 0.1259346697375063 0.4463268580683156 0.010308853356890474 0.009755981546917949
1 0.9178598096920747 0.5470342211425205 0.009623641595154046 0.008944906753042837
1 0.56664948182736 0.14989102061248527 0.007854494194851062 0.017993773458971338
1 0.27996791519434633 0.7286498590498626 0.010024169611307393 0.013812281900274885
1 0.3290554000504795 0.051623407538280326 0.010427816759212507 0.010244547310561432
1 0.6701695320545179 0.2475756662740479 0.006203086320040337 0.012799197487239873
1 0.5201018115850579 0.33897492805261087 0.009140142604745145 0.016494588339222658
1 0.07996225365976779 0.7274092115233607 0.00697352397778899 0.0242500889281508
1 0.8718184338717819 0.13787603307813112 0.009033132256436106 0.019322933843737733
1 0.7202859300858153 0.9353158043776992 0.009137882382634948 0.016392340989399023
1 0.3770149445986875 0.8429760763643502 0.006633916961130787 0.023166418138987035
1 0.718676358531045 0.8285636385944247 0.009412282937910276 0.012422722811150422
1 0.8717063950025239 0.8386352422457793 0.005703817768803735 0.01957874990184521
1 0.37319808139828364 0.6425184835100117 0.009535185007571962 0.015512699254024258
1 0.5756210686521959 0.4382277075971731 0.008525656739020754 0.019819614252061194
1 0.5752739498990408 0.2519882503926187 0.005433927561837492 0.02053763349038092
1 0.47562112746087837 0.7381350959952886 0.011024277132761183 0.01874845740086369
1 0.3243427937910146 0.8378621581272084 0.011650101463907145 0.0094690484884177
1 0.6720250209490156 0.15658847143698468 0.0069090696617868114 0.017481675107970173
1 0.4241081065118627 0.2556720003926187 0.009936235234729906 0.01010279937180996
1 0.669563982836951 0.7419881232822929 0.006783190307925224 0.01779053788771101
1 0.13014770444220092 0.7467622281115037 0.012314591115598208 0.012615543776992588
1 0.7232992918980313 0.4362540067726737 0.009421103230691383 0.008430345308205744
1 0.6238368604240282 0.15000875402434236 0.005796748611812116 0.018371773458971327
1 0.17691944901564866 0.24784439968590494 0.007405423018677431 0.016555998429524908
1 0.9747278167592124 0.5443256547899489 0.005996158505805178 0.024790975461327035
1 0.47211789550731953 0.24307669886140557 0.010458807672892435 0.013822063604240221
1 0.129118328748107 0.051896505300353356 0.009940342503785945 0.020974989399293296
1 0.31829295141342756 0.5446490374950922 0.008921416708732975 0.013715274047899602
1 0.6692509077486117 0.43726887406753034 0.008355832155477064 0.019283414016489944
1 0.17471208442705702 0.3479354126423243 0.007718688288743053 0.016977623871221
1 0.869694070671378 0.6421726813898704 0.010147858657243854 0.012628637220259184
1 0.3721711341494195 0.2578179322732627 0.009864731701161082 0.011366135453474719
1 0.9196704284452298 0.13969471967020022 0.0072643929833416465 0.014461169218688674
1 0.12496442390206965 0.14091095249312915 0.009409870015143871 0.013869104043973296
1 0.6263828465421504 0.34557777875932466 0.0085922069661787 0.013104356105221784
1 0.0784950550227158 0.5385987181978797 0.011545889954568393 0.011605563604240327
1 0.17771610941443716 0.4410459220651747 0.007438781171125695 0.016490155869650535
1 0.8176025080767289 0.14931310414212798 0.005380546693589138 0.024057340989399278
1 0.5749063700151439 0.7375707766980761 0.011183259969712265 0.016317446603847645
1 0.22258311509338718 0.15271100402434237 0.011673749621403318 0.014194207106399674
1 0.9195700485865722 0.038709706124852764 0.01156661660777394 0.015214078131134665
1 0.22890534843513374 0.9357896882606987 0.006285719081272134 0.025260042402826716
1 0.9217564270570421 0.9320734376717706 0.004985379101463901 0.023490541224970702
1 0.9696019646643108 0.7286175118767177 0.006782945986875331 0.026741222811150323
1 0.12687559540636043 0.8247642215351393 0.013026809187279146 0.010958556929721178
1 0.8672254061080262 0.5366365031409501 0.011195326097930343 0.01072287122104439
1 0.2319603262241292 0.735992962112289 0.01058717188288745 0.014444189634864477
1 0.23038208038869254 0.6371677992736552 0.012481674659263042 0.011490863957597143
1 0.22701409010600707 0.8338346077738514 0.013854202423018665 0.011389480957989799
1 0.2769648777132761 0.06350584295249313 0.009232788743059064 0.01899341813898704
1 0.2294863359414437 0.25394378356890457 0.011118191317516388 0.01049189890066741
1 0.8165671337708228 0.34488259570082447 0.006820300858152401 0.02124285728307809
1 0.8698091977536597 0.23976544650569293 0.01132460449268038 0.01329610698861404
1 0.8646797970721857 0.04273265694935218 0.008714610802624938 0.018824046132705143
1 0.7733971982584553 0.5417678206713781 0.008291418727915202 0.0170238404004711
1 0.4735245128722867 0.06172859236356499 0.010485047955577897 0.012732450137416553
1 0.522433549091368 0.24326866568511973 0.010155617617365005 0.015278530427954498
1 0.0324799521706209 0.4463274581861013 0.011705920999495202 0.012208648606203383
1 0.9217525402574458 0.4417146578327444 0.01161859439676931 0.016526514723203777
1 0.8716617582029278 0.3447698119356105 0.011472041393235648 0.011652955634079297
1 0.2785779193589096 0.2473815472124068 0.00913716128218073 0.017485905575186488
1 0.324639547955578 0.15189728720062814 0.00947910701665826 0.012754306635257166
1 0.7747277399040888 0.05536610600706714 0.010775520191822352 0.016871787985865725
1 0.9684795146390712 0.1390453168433451 0.011794970721857721 0.014913366313309763
1 0.6728767036850075 0.9401379073419708 0.014355123674911648 0.012882803297997587
1 0.7220932877334679 0.6438958336277973 0.013410597677940318 0.013984932665881385
1 0.8212471143361938 0.04601859059678052 0.008818239777890011 0.01715991342756184
1 0.6217661534578496 0.6268097271299568 0.003628218071681033 0.01012220259128386
1 0.025953389830508475 0.8507532956685498 0.012409200968523004 0.014271421845574395
