0 0.034786170523651024 0.056236849295417723 0.02783323762265716 0.0551690591845342
0 0.034747513645869234 0.1296485681348698 0.027947026015297298 0.05414966846286644
0 0.034013192396618444 0.20412713126455168 0.029219497956068232 0.054807593868012455
0 0.07533054922108041 0.057205316684728016 0.027579277180649817 0.05540387596098742
0 0.1147572538992699 0.05822851766582988 0.029685410310673174 0.05419631204935767
0 0.15494531001608708 0.05780052164875396 0.029102310246862193 0.055067474814543174
0 0.19454133229297832 0.0583830751918594 0.030323741655874748 0.055650528357648624
0 0.23433364603731535 0.058528338577635744 0.03014532811139344 0.055359001586095864
0 0.07422597734036575 0.13073565009950283 0.030189356129900705 0.05491963712473857
0 0.11461153404636756 0.13112674543153302 0.030195076130493888 0.054313080792090525
0 0.15492379483687488 0.13197885910259577 0.030352998248694307 0.05480331074431047
0 0.19523165320926744 0.13237181887948873 0.030210693581465106 0.05520436224102253
0 0.23490285998150814 0.13199097517905423 0.02979006609279103 0.05444267484015352
0 0.07476873641180386 0.2041249897027007 0.0298189278982774 0.05480331074431047
0 0.1158570009218277 0.20464981076815683 0.02903652915356524 0.05463895548531714
0 0.1552671068185207 0.2050981319170753 0.030950610486916448 0.05484188498892227
0 0.19541224495915474 0.2047365248674358 0.030062193504814372 0.0546389554853171
0 0.23498610085584773 0.20488184666887785 0.030256505161567377 0.053889029896853624
1 0.041053720637948314 0.052061709701351044 0.013092731371986112 0.012871789951110603
1 0.08359706437589912 0.04994938912396157 0.011847571397426825 0.01772051789139795
1 0.1592850795614615 0.05012508030809519 0.018693041872228096 0.015426447821958612
1 0.20074345975056693 0.05871621086050736 0.009299966401411671 0.020096139735435288
1 0.041788745017855344 0.12933440493617543 0.006337543342746461 0.02480154951582567
1 0.11639647241804803 0.12279395892678294 0.009761780685123274 0.02877549226510234
1 0.15535260469614734 0.13255120370659418 0.012227103866669378 0.01637155884635559
1 0.042683717902371944 0.18810878466721292 0.012899283378840588 0.024401569334425943
1 0.07842981962107709 0.1921455300995478 0.005228486816250885 0.023958919206305836
1 0.12045897743830931 0.19666728270964218 0.010003872801132258 0.007978286043799286
1 0.16107847110456874 0.2017577030779169 0.011100731157886805 0.01288569858179088
1 0.19864669216296268 0.19955934929089547 0.012959431226203239 0.010865562809189919
1 0.24090075031710428 0.20563602096421743 0.01363553580941698 0.012933331744297432
1 0.24268011841007253 0.12857735579228505 0.004291037493963917 0.009577857797548574
0 0.03379839256507314 0.2774115882099175 0.030214085894089374 0.05430939538160716
0 0.0745001039873915 0.27786015935883596 0.03017178030014752 0.05451282488521226
0 0.11561034765365094 0.27839569460703334 0.030056421943392985 0.054890182587375345
0 0.15580772113794816 0.2782934798552308 0.029895557724103704 0.0539920402895384
0 0.19562932029645358 0.27772599358207267 0.03012064059290711 0.05449498716414538
0 0.2354744798316121 0.2779752298552308 0.029542040336775897 0.05335554028953843
0 0.03429450102196588 0.35177947139627036 0.02987112693183258 0.05441719559015448
0 0.07530893899414527 0.35153482975095707 0.02929712201170949 0.054101340498085806
0 0.11596589455392887 0.3520117572969914 0.029432339867906582 0.05522862378871244
0 0.15619375045062187 0.35151932909843353 0.029688487373686807 0.05389691099448077
0 0.19672541790392964 0.3510142951552832 0.028861035216376396 0.05444769689520172
0 0.23617205018202897 0.35053761760924884 0.028622876185803097 0.05384119820024888
0 0.03493329205970906 0.42615024949055463 0.028567368980303903 0.05401050101889068
0 0.07605126520709692 0.4256880725970439 0.028200434410597705 0.05482042921744867
0 0.11682721490434579 0.4246889655474044 0.028039570191308434 0.054383068905191186
0 0.1564907680382261 0.4244135725970439 0.029837463923547823 0.05504628039437574
0 0.196925444285336 0.4237024642423572 0.02899405280398065 0.05293035089077067
0 0.23674383242597005 0.42286532455461473 0.028431264797642998 0.05351063809653885
1 0.04021712996435081 0.26617299161257874 0.015607166128145744 0.011524847452556504
1 0.07807071618444567 0.27522629905850166 0.011198385468613367 0.020993316131423922
1 0.1238437940151854 0.2745020849592227 0.013292564580231847 0.022962028925655575
1 0.16086697780937695 0.2643064935701495 0.004046732842433659 0.014217274346067302
1 0.19536260422494156 0.27719905166859604 0.01570010292425765 0.010977823961707007
1 0.24017556857852726 0.27473841067580634 0.008499031631429144 0.012603970174685467
1 0.042794982558708804 0.3505852233657644 0.013655883041931209 0.010058595554601722
1 0.07842863410895926 0.3415971946428029 0.005764928190903464 0.015200966307236713
1 0.1174892370743849 0.34495497793342955 0.006953169296963148 0.012127391895700291
1 0.15955099832824857 0.3438648669686485 0.007390785605246351 0.022632167356043675
1 0.20096573906324058 0.35402543093980743 0.008944419501133833 0.017919577283941016
1 0.23656979965685976 0.34429833118715936 0.007343467318232498 0.021244954323348157
1 0.042564723764906685 0.41215657848167947 0.00984383782620017 0.026178728764800964
1 0.08169352103625226 0.4147949374888897 0.011251737220697897 0.014832023800852304
1 0.12155853606365676 0.4212182155593276 0.007715743825367899 0.017420577331633793
1 0.16832950836877117 0.4134201176450185 0.005232793961221981 0.01584738150301541
1 0.19600657282327388 0.4193429015881687 0.006668145646547755 0.007123521190757947
1 0.23485798441404693 0.4229977495024778 0.009609945377954952 0.01837064260783984
0 0.03460604205970907 0.5007501685776286 0.02951508003155463 0.054755801227438096
0 0.07529560105612414 0.4994192057833969 0.03016056338636209 0.0541750140216699
0 0.11624115921026573 0.49907209938628094 0.02989385745551082 0.05400108582311192
0 0.15739387020755308 0.4980424292087771 0.029062328235186775 0.05332917105656792
0 0.19716274704814865 0.4970757801949332 0.028311505903702662 0.05365043961013339
0 0.2364585350005229 0.49613471902463974 0.02955189272306896 0.05280888646089406
0 0.034198695327885824 0.5751921601186682 0.030391609344228358 0.05639924373382253
0 0.07525830089968603 0.5737871949289595 0.03070904514897225 0.05497673894286838
0 0.11692420611054369 0.573006912076239 0.02903465812932957 0.054803598825891094
0 0.1567485293126737 0.5716431422978369 0.029767999999999937 0.05289999999999998
0 0.19784554394842663 0.5697074864877755 0.028252912103146816 0.05219359621579685
0 0.23675954138822689 0.5690290243460673 0.02926378824778195 0.05361152310930751
0 0.033635828077190975 0.6485783318158366 0.03024500381860299 0.05298276717697921
0 0.07500487743753047 0.6482009741136735 0.030914292025216995 0.05587004394236984
0 0.11647889748519626 0.6458877998302571 0.02930119330453802 0.05488568754525409
0 0.15709278269456295 0.6452634055748494 0.029617305635109777 0.0543306118286703
0 0.197089194285336 0.6433254440856647 0.02976661142932803 0.053056111828670274
0 0.2370066946564036 0.6422998755468409 0.029402047883857488 0.0534329695308335
1 0.03851871137725618 0.49405358064194443 0.02185237850455852 0.03997519976760625
1 0.12331508212166123 0.49293942380974054 0.01532911734304452 0.019310991222365317
1 0.1561947286516504 0.4854881822925473 0.00600325797711953 0.017911223592304914
1 0.1975408395686047 0.5009428461355862 0.009563397735541674 0.012148984697129297
1 0.2406236837402282 0.486036823285337 0.004576402655664821 0.02166993116634801
1 0.04131880961393391 0.5648407312795098 0.010466419901686563 0.0373168855373889
1 0.16076132160993284 0.5609771777487286 0.008530608044657162 0.007236645313319644
1 0.04029068272716349 0.647778073344953 0.018130412354604934 0.028221292902884533
1 0.08023324256585199 0.6402275119838885 0.0062502506303143005 0.025806167570661023
1 0.1578395745412002 0.6372685217717423 0.013929043556775034 0.013514187146369044
1 0.19493456525560826 0.6348772778709953 0.009613266307504365 0.015001539175262197
1 0.23737090518248516 0.6428116179550213 0.009657772170039098 0.00953855092068688
0 0.03402746584675742 0.724264322051829 0.029693103481693607 0.055206496889131686
0 0.03341117774028159 0.7988797417914265 0.030151750045062164 0.05390166002003086
0 0.032840331008458346 0.8743491967792216 0.03123534970815279 0.055345462838672844
0 0.07563618899414525 0.7226863227043526 0.03004063373677893 0.05586591856245389
0 0.11620531834097723 0.7204448618676916 0.03133537504311502 0.05554527365452234
0 0.15669129441963242 0.7192568259669705 0.030238516686360472 0.05420977104442805
0 0.19714142962899914 0.7167830792295885 0.02978207039158483 0.0534245543350546
0 0.236833 0.715743 0.028786000000000023 0.053537000000000064
0 0.07498941847527366 0.796778812940345 0.03026029202521702 0.054035507281816615
0 0.11613762403505729 0.7947410316072893 0.030932951256066685 0.05464250597676943
0 0.15734435890751458 0.7932066393094522 0.029141329085248743 0.05538914174937016
0 0.1968483173446022 0.7912227988709823 0.02981892789827739 0.05350259925512589
0 0.23663951758760424 0.7886322859007209 0.02944099999999999 0.05162499999999995
0 0.07461884812485675 0.8720012313748954 0.030943338925494925 0.05394466780262157
0 0.11752622076688052 0.8697490597015733 0.028369441215544126 0.05446974221415801
0 0.15689811477004936 0.8672710231483287 0.02976204013649947 0.05280880488026944
0 0.19695449118561392 0.8645785962548179 0.029230170054675514 0.052453368851428324
0 0.23668283961936099 0.8628442624336542 0.029741320761277997 0.05251447513269178
1 0.041198379964350815 0.7188513207587048 0.012131466801964511 0.022215933943367048
1 0.11511330079954783 0.7056359828826366 0.007254455593163015 0.02991636425124544
1 0.1580108040223286 0.7079470159228763 0.012340420443545433 0.012287183278920205
1 0.19549917834889924 0.715064006787546 0.010531309797520566 0.016263162398165006
1 0.23650152573254796 0.715112451955692 0.0029404171883124844 0.00940257231811352
1 0.03730947544945359 0.7933583410227061 0.009138857098351303 0.03986639222954944
1 0.07005111498312117 0.7871472362048707 0.013173735310283746 0.024193233698833267
1 0.16220240368541922 0.791808211775341 0.007695713570282559 0.0119230031824073
1 0.1998596364688826 0.7844613299178816 0.006973073611584019 0.008580234247299864
1 0.24155987820662034 0.7904322900565229 0.009290881378022394 0.021091689966687508
1 0.03244399387933126 0.8699310127198744 0.012460976033593038 0.028932171652727177
1 0.07674862824642452 0.8671928475717884 0.010549127517084707 0.007873987569533883
1 0.1582792747096549 0.8593799990049555 0.012159525969170793 0.010319141612795598
1 0.19671118714270136 0.8658032770753935 0.007484210134429976 0.011693697753671243
0 0.033756584086038745 0.947004678225656 0.029685410310673174 0.048906751993340394
0 0.07553944778794738 0.945140366518819 0.02958011614917476 0.049513833543615146
0 0.11635310937872044 0.9465037255260293 0.03002874606735072 0.053107692550825356
0 0.15672628226953195 0.9426256162120679 0.029596398585603655 0.05402288385079975
0 0.19651407909025567 0.9401909233241416 0.029686298881345174 0.054729992861261935
0 0.2369373148383658 0.9379540571153252 0.029797358598198865 0.0550854575707911
1 0.035338310456207354 0.9353483032121068 0.015395491936650369 0.027128170395372866
1 0.07440434098222214 0.940828437027137 0.006069494363332525 0.030215586848505886
1 0.1272396466095434 0.9318208815387851 0.008370105617975047 0.0151059119006427
1 0.15700075712205064 0.9442079056940813 0.013915455618753902 0.01305095760114102
1 0.233030187513769 0.9346848417229224 0.012019375027537967 0.016835404070359602
0 0.273961 0.058635999999999994 0.02911400000000003 0.04971299999999999
0 0.313051003622937 0.05943062487706022 0.028221288289357403 0.05360919054109727
0 0.35157074518611264 0.06003111920042045 0.02854764657735922 0.05408899261955696
0 0.390197320980924 0.05978177553203285 0.02862498861911287 0.05359030528278176
0 0.4287594630580961 0.06013288992619557 0.028786000000000023 0.0529
0 0.4670579757548586 0.05982361881616323 0.028920048490282936 0.05295280528278177
0 0.273798 0.13225 0.02813200000000002 0.052900000000000016
0 0.3129166292650855 0.13239224387126639 0.028692835108885893 0.0540330383829014
0 0.3521864055358606 0.1326270573030056 0.02866852397400816 0.05306029210985837
0 0.39045154757115974 0.1319382713897175 0.028948367915776638 0.053305390061868775
0 0.42920743960645885 0.13238901299488046 0.028636583845178188 0.053485686703933964
0 0.46745125775795027 0.13212477978455453 0.02859616919361926 0.052416330357086524
0 0.274289 0.204908 0.02976800000000003 0.05289999999999998
0 0.313191119387461 0.20500569308688588 0.02896420452792508 0.053580250025466875
0 0.35227401142276016 0.20482514644482067 0.028751198805903298 0.053038860099271334
0 0.3908037421583039 0.20441649812378807 0.029097535438641253 0.05330334330959726
0 0.4292305738419349 0.20464509980275547 0.028312704548514513 0.05249847017307577
0 0.46789548928699826 0.20400759980275543 0.02902194754219563 0.05338702987785806
1 0.3096189319109712 0.06294356520901338 0.004645735809575667 0.02338316399737486
1 0.3938786967785206 0.05068702733856423 0.004543440339610851 0.00642801206327952
1 0.42812730194178483 0.0559259615983096 0.009214397993675712 0.007004983423193737
1 0.278868 0.12492 0.004906999999999981 0.015295999999999985
1 0.35326238185699427 0.13345719339016388 0.004898782958637651 0.008924150364837182
1 0.397804382021761 0.1219778604947971 0.004372636031155435 0.020524127705463774
1 0.4628299779267006 0.12624017859441639 0.0054462908991306 0.01885076390470239
1 0.274616 0.203633 0.00948600000000003 0.012109999999999992
1 0.31333759129191074 0.19191360076954422 0.006369574296184513 0.014973645494535974
1 0.35271390879362374 0.19620369496873205 0.008771837342496319 0.008737313443007787
1 0.43037592073875475 0.19785280364951954 0.004745713465143044 0.017518971099800516
0 0.273961 0.277247 0.02911400000000003 0.053536999999999994
0 0.31353806206360163 0.2774688695310394 0.028917794344974962 0.053367806051296186
0 0.3523946136551445 0.2772132248578586 0.028992403270671912 0.05357770327319541
0 0.39126592686782347 0.2768018456604401 0.02872638767102558 0.052754944878358384
0 0.42992797160955054 0.2764407523763097 0.02850451983899496 0.05293424152042354
0 0.4679880262289022 0.2760291231788912 0.028374188948868277 0.05337305962004285
0 0.275597 0.34862999999999994 0.02976800000000003 0.04971299999999998
0 0.3143093644486487 0.34991111064173885 0.028887271102702533 0.052392304841956554
0 0.35315467272251555 0.3491448499129618 0.028199097857816064 0.05176126659472833
0 0.3915206534580592 0.3486266680125811 0.02849554531626572 0.05234757257255363
0 0.4303659512173003 0.3482803757021427 0.0286401835192632 0.05345795437232877
0 0.46877615058675365 0.34774083918418475 0.028377309652204488 0.05165769476815212
0 0.275597 0.421606 0.027804999999999986 0.050351000000000076
0 0.31444866986150466 0.4221993481045865 0.028425586393183034 0.05309205939963021
0 0.3540189411934675 0.42057667832599965 0.02798435901973762 0.05363294932582578
0 0.391984898519247 0.42080876088135305 0.028498666019602006 0.052113851373815384
0 0.4309094716095507 0.4204093051894782 0.029634687361859684 0.05293760976865235
0 0.4688291604643782 0.4195818159182553 0.028483329407453586 0.05218411443653237
1 0.282957 0.275972 0.009158999999999994 0.022945000000000024
1 0.31780138123855145 0.2761898293595953 0.004659875871408844 0.013195582224734336
1 0.3511805578455364 0.27102627804965007 0.008599746272033634 0.012704886320713468
1 0.39003366787774396 0.2682735233817701 0.007791724929776035 0.008474376984953312
1 0.43032628156446656 0.2743199226437257 0.005955435116566475 0.018017175508864766
1 0.4671256650064384 0.2708942864444871 0.007404128116701986 0.011165903110387513
1 0.278214 0.347036 0.00948600000000003 0.013383999999999941
1 0.3138654798164206 0.33914259573391103 0.008645127155705907 0.01818541161543085
1 0.3908989454952785 0.3411135841800514 0.004950726391859727 0.022717376900213897
1 0.42942223602923524 0.34505054163793186 0.00517249181371953 0.028005116855211846
1 0.4678129631272394 0.3528773937213443 0.0030683497341743946 0.013793785824908554
1 0.274616 0.414277 0.011449000000000003 0.01147199999999997
1 0.311603795106901 0.41958891435909507 0.01131775773666673 0.019379455581668467
1 0.3528015146805232 0.4212785244328993 0.010539901348679706 0.014918455581668587
1 0.3898525040093943 0.4213562492483883 0.014076416948326025 0.017467455581668498
1 0.4659889667647791 0.41525856407314454 0.0073641010524226795 0.01181345836770234
0 0.27527 0.494583 0.028458999999999984 0.048437999999999946
0 0.3149807572774522 0.49482273994936365 0.028194244038423192 0.053740936152902465
0 0.3541617795594224 0.4938248400092672 0.02734466633260827 0.052646619483035374
0 0.39227081110329953 0.493067828565614 0.028977954245803093 0.05329615630051126
0 0.4308582720835942 0.4926170869604509 0.028144234181388096 0.05221437644812005
0 0.4691000298834174 0.4907340067390378 0.028099698826492766 0.05133296227833661
0 0.2758424613182859 0.5688867481410665 0.02960392263657182 0.05173149628213303
0 0.3154665762224477 0.5667924774122113 0.02759275391604768 0.0529022075002502
0 0.3540461083820425 0.5662139417984409 0.02859391504831125 0.05246632284097021
0 0.3927319354611509 0.5650858710653638 0.02832707494913938 0.05147225786927238
0 0.4311556464414456 0.5643071868310431 0.028553909013283123 0.053160228957804305
0 0.46959259023508554 0.5636340552996845 0.028622134820309446 0.051994262537152364
0 0.27527 0.639579 0.027804999999999986 0.05035099999999993
0 0.3157025996322119 0.6396439709359558 0.028157337677480025 0.05292550775906579
0 0.3541849137948984 0.6383776727850332 0.02831630422259945 0.05255647116200286
0 0.3925401201706705 0.6366890534913091 0.028498666019602006 0.05098219899520666
0 0.43125155408668586 0.6364310320337551 0.027912891826628327 0.05281001242694605
0 0.4697776641188934 0.6353786719599506 0.028807208704117262 0.051606775489663095
1 0.275924 0.49044 0.007524000000000027 0.02868100000000001
1 0.3588621057509859 0.4915869797094159 0.005729137618163849 0.010245213145788759
1 0.4725005700830843 0.49648381693264926 0.006555770747129405 0.011089040581168122
1 0.275106 0.564054 0.009814000000000036 0.014022000000000036
1 0.3165963406421324 0.5663221453456873 0.003646090213802003 0.015469400765178932
1 0.35355660338076783 0.5643683020615567 0.006346152632976735 0.015590857850070817
1 0.39302135495748164 0.5601701933807693 0.01181034049592398 0.010284530414691267
1 0.4276988801423357 0.5589888225781878 0.00723114945895977 0.010844305599202493
1 0.4686431624378442 0.5568093584914761 0.013622827444282335 0.012859377425778628
1 0.31207946262976577 0.6362575838325296 0.005461964770029509 0.014607234823755467
1 0.36143624729549223 0.6348027871904645 0.007521125171945124 0.016074454971364453
1 0.4333502675937019 0.6318869936706863 0.011752191621797829 0.010367056918748426
1 0.47077097278951224 0.6324651425963888 0.009644817566657849 0.009391055709408718
0 0.275924 0.713512 0.027804999999999986 0.04780100000000001
0 0.31532933116126005 0.7126568758434502 0.02889139180603886 0.05218985093298998
0 0.35429499166751105 0.7115753459910591 0.028906607735440487 0.053272130785381275
0 0.3928658098190024 0.7105257167936406 0.028687360606746242 0.05279554216913106
0 0.43162326220596964 0.7094922419781515 0.028193623355676337 0.05271185560087019
0 0.47021721459293697 0.7079597205205975 0.02829825552364577 0.051810372390544215
0 0.276905 0.787126 0.02911400000000003 0.049713000000000125
0 0.3155619838676879 0.7857210666642326 0.029171623335086848 0.05245824914381631
0 0.35443691778370323 0.7846972844779013 0.028820312200209152 0.05383632097039265
0 0.39316811523185824 0.7838702952066784 0.0289218236648423 0.05254293571207719
0 0.43259827079929714 0.782295680464994 0.027182458401405762 0.05299963907001181
0 0.4704113128262216 0.7805866492139516 0.028686451990215155 0.05174513627270948
0 0.2762948449267833 0.8602468602653297 0.029853689853566616 0.051763939703606314
0 0.315773812690308 0.8590170900403685 0.029225133212711342 0.0522888292550233
0 0.3551493980284542 0.8573852276326239 0.027839312200209188 0.052270443996708015
0 0.39335943052233874 0.8556241044961023 0.028749232594379556 0.050911757428446974
0 0.43276308115096523 0.8548999370514557 0.02815983769806953 0.0519875755280664
0 0.4707308488284129 0.8534122397544179 0.028770302343174094 0.052257520491164146
1 0.2752546986663425 0.7106312095255418 0.011933972157329336 0.01867734304302953
1 0.3145191686119181 0.7036460544285725 0.008671141384667172 0.021367146516606376
1 0.35454152368079 0.7042368948179843 0.00955838077955182 0.019820883589889586
1 0.39697943416209913 0.7038385449267421 0.013240413218984873 0.01232393783737545
1 0.43279818058293607 0.703888006837397 0.007174965920374208 0.010166760314613499
1 0.468734910067626 0.7065725008618179 0.00696174625144414 0.011183145376788437
1 0.27830301754785913 0.7844420430266728 0.010179609920362655 0.011497984709273042
1 0.3503490527201501 0.7842483054085462 0.004525466124763198 0.00908368203874327
1 0.467735433903828 0.7765206159709015 0.009793531056175643 0.008853253054361156
1 0.31696696794348383 0.8486279808927162 0.012829243295135769 0.015186170417471534
1 0.3559078435502262 0.8537791209265412 0.005622760795928538 0.020389450485121457
1 0.3945146788412895 0.8509721600218337 0.009471451321635788 0.017709726759537584
1 0.4708767425447613 0.8523883442561547 0.0058243373219068716 0.00892756910274485
0 0.276415 0.934353 0.028786000000000023 0.053537000000000064
0 0.3154943663406696 0.9321805275623499 0.029033361371735567 0.053975250725207334
0 0.3547785297346267 0.931338785237338 0.028786000000000023 0.053537000000000064
0 0.39385000000000003 0.929254 0.028786000000000023 0.0522629999999999
0 0.432614 0.928298 0.02911400000000003 0.05290000000000013
0 0.47137700000000005 0.926705 0.028786000000000023 0.053537000000000064
1 0.277384595752138 0.9365280714867421 0.006373333328140977 0.005402485007132213
1 0.31333495275214124 0.9294843625123164 0.007115146910954922 0.030524758603981104
1 0.3917242774191586 0.9270398233241652 0.010795554838317208 0.01305705336419994
1 0.4330857469927808 0.9266827109164206 0.009597661508426142 0.008542675559798629
0 0.5055578308482538 0.06026764866855435 0.02865141218730023 0.0522181952089773
0 0.543847667470697 0.05891865472945136 0.028980645303356874 0.05294584353000993
0 0.5818385693836208 0.05863901713719581 0.028156787348950867 0.05328805155582476
0 0.6203119195382036 0.05823956144532096 0.028667973645478892 0.05176795360381433
0 0.6584941367416077 0.057650616482223194 0.02859689403964937 0.05221273345620549
0 0.6965710841897629 0.0571030148032558 0.028037664097609955 0.05237960659272702
0 0.5055557704965856 0.13220225460004345 0.028647291483963975 0.05239098334599915
0 0.543753320177125 0.1310724197107501 0.028144192122885284 0.05319635648252068
0 0.5821887036190967 0.13120764219229897 0.028579444994190878 0.05220472495116213
0 0.6199695870610684 0.13017416737681006 0.028353456458824002 0.05284222495116216
0 0.6584200529801754 0.12961737306868493 0.028263652632976758 0.051728636334911836
0 0.6967145706576231 0.1290408516111308 0.028417173975234522 0.05237855984045548
0 0.5062518579125332 0.2042718330130814 0.029021559954915933 0.05229282651992323
0 0.5443399778223652 0.20327697060533695 0.0286697488200384 0.05282725469334694
0 0.5823488329157605 0.20305781155552727 0.028529555819902727 0.05256923323579284
0 0.6202721424739243 0.20211175418468505 0.028218271749304486 0.052840678198890635
0 0.6592164790963675 0.2013900676164243 0.02911620933012954 0.053741161409216635
0 0.6969995837614325 0.20080063153135855 0.028786000000000023 0.05289999999999998
1 0.5467062581444077 0.05270228814265611 0.008516925218352615 0.007626093074986266
1 0.6238315016185868 0.05295061697105246 0.005564338282903138 0.0166851574476486
1 0.7001333140377616 0.04811525829026497 0.007775017249811266 0.009047397170965378
1 0.5044625669193619 0.13022260910178016 0.009350912187300327 0.019359845067038795
1 0.5505987617989228 0.13286200742281276 0.0043408586435751085 0.015523421561495136
1 0.6266437269245255 0.13109169165713347 0.005214493359548977 0.014376340399158723
1 0.663417915779353 0.13314239501506828 0.008934462139667074 0.011897603461875803
1 0.5026204191517464 0.20053727613106842 0.011277005826357205 0.014133289199419806
1 0.5791005247359343 0.19951001306835137 0.006746049471868617 0.007172983221594496
1 0.6225672097378706 0.18939858862188458 0.007815311218623585 0.011710024254856493
1 0.6617540611767506 0.18156621921232005 0.004951752934462031 0.01727815111833496
1 0.6990395135637179 0.1968798073764765 0.008944711836955391 0.00972894497436631
0 0.5062549786158694 0.2756715107711467 0.028380042768261154 0.05265783480455393
0 0.5443615517061731 0.2749988792397882 0.028620359645749938 0.05329583480455392
0 0.5829058649188521 0.2749889366106305 0.028533176523238998 0.052194169693847325
0 0.6206836276574875 0.27398488157372825 0.028393483523103457 0.05252991596689033
0 0.6588627241575553 0.27362726916598373 0.028131088626793397 0.051814691151401415
0 0.6973900097108267 0.2729272883263333 0.028437684375923988 0.05253465314712296
0 0.5069076682642014 0.34728065494986393 0.028482441820173978 0.05254029272016241
0 0.5448008521802167 0.34683314422108696 0.028481054232894317 0.05218616118880405
0 0.5830277775029046 0.3462088177266306 0.028406853923728284 0.05201928805228247
0 0.6211728173058194 0.3455713177266306 0.02844649340072789 0.05236695783086911
0 0.6591847931025508 0.34516241940559805 0.028034930981553068 0.052450644399129866
0 0.6975757184252387 0.34420965028198397 0.028936489265714915 0.05306925914081441
0 0.5073222741511008 0.41926356591825537 0.028571358058741468 0.05280969093098882
0 0.5453893700038728 0.4182805469839527 0.028270035751647497 0.05174513627270948
0 0.583161651860756 0.41722578606586413 0.028119380988007567 0.05179917414131475
0 0.6215211411896271 0.4170838518315434 0.028125234807400444 0.05223649224093408
0 0.659794334983267 0.4171510421267611 0.02832864532394643 0.0527314661154998
0 0.6978050004283303 0.41681986862121745 0.028654757736666717 0.05351149224093397
1 0.5080309412772134 0.2694516633079656 0.002954459006828799 0.00846195347940963
1 0.5460818837865562 0.269436008926036 0.007267176502649581 0.016065721210006847
1 0.5825324433447201 0.2678551824315797 0.00765531537422635 0.011474618590116286
1 0.6195717208997922 0.27003787739467744 0.0030720036339258123 0.008191008516311911
1 0.6615926347997201 0.2655692911547369 0.006570122875178334 0.019291740700975342
1 0.7000256946187223 0.26603009987622633 0.0038260937022132546 0.017829233331800816
1 0.5069293390448292 0.3493053060936659 0.007008402309675791 0.009759569272223557
1 0.5430071301320409 0.34174040077081325 0.011103260264081918 0.011186835120974481
1 0.5835521600573313 0.3362035826711938 0.009594970450872363 0.015589495563801159
1 0.6208492849059756 0.34052364843687316 0.008567589567200084 0.008031143884833707
1 0.5094156338387239 0.42630374755585365 0.007773103119929281 0.010998095165976579
1 0.5478148910955865 0.415612945604503 0.012129486655941654 0.0134485516518327
1 0.5834744162804406 0.40973740035545475 0.004660926199938133 0.009694130932323013
1 0.6243927841543443 0.4139083534138719 0.005922364281850831 0.02154544872679017
1 0.6610374131482964 0.42003843924408824 0.0029611821409254156 0.01415328640211742
0 0.5073901165058606 0.49114936681284216 0.027596599465414002 0.052343979068010756
0 0.5453591945349765 0.4901094302445814 0.02830222175575885 0.05260796227833664
0 0.5838384693649514 0.4894977205997026 0.028362572693551403 0.05246632284097021
0 0.6219224749510596 0.48911779871322286 0.028650291504553577 0.051706479068010666
0 0.6600027931025508 0.48879929871322286 0.02856048767870611 0.051970962278336634
0 0.6983898477219025 0.48839686214496203 0.028899082904771764 0.052247868994206095
0 0.5076014453284807 0.5629938244232986 0.028389404878269867 0.052697063847097596
0 0.5458983231843443 0.5617065257468112 0.028270035751647497 0.051023949704448665
0 0.5841831789250354 0.5616383687314238 0.028311696278488147 0.05233000881019548
0 0.6221275623670072 0.5610524046447118 0.027857486091697713 0.05278075041535839
0 0.6605380012218346 0.5601927647185164 0.028705534498234545 0.051602360489162946
0 0.6984992774926099 0.5602348580026468 0.02819257302714716 0.05240773362568441
0 0.5083222273315724 0.6348826061942714 0.028165303930182635 0.05187672045276091
0 0.5463360134799721 0.6339330679470431 0.028127509981960012 0.05214120366308666
0 0.584763095163603 0.6339271061942714 0.028546159336584203 0.05248987344167357
0 0.622664580837959 0.6332185931315543 0.02819122749837001 0.05287581373689135
0 0.6608868251056426 0.6323071672920706 0.028662886730618863 0.052315038552380184
0 0.6992476247861817 0.6319916481684565 0.028393750427636467 0.05150370366308694
1 0.6228312984381152 0.48144017373159054 0.00626922745719133 0.00998500790600776
1 0.6632627175376937 0.4863983313883833 0.005913528714444441 0.02152399299817991
1 0.7009414519277526 0.47890011636074836 0.008749775843138807 0.01127889316432323
1 0.50577262727103 0.5565901994416663 0.00571288512302101 0.010412949252354949
1 0.5855460960511479 0.5550811360099271 0.003016064089929323 0.01631582238887637
1 0.6611432089443663 0.5621534564434864 0.007561511527789612 0.014611649824255906
1 0.5033024844422267 0.6392451519321489 0.0053785650921043355 0.018187820653971995
1 0.5485315130832199 0.6271952885834814 0.003941045921688776 0.01596423760978947
1 0.5835608585392396 0.6239990155803343 0.005598484985187155 0.0097360186715202
1 0.6626685081341129 0.6261526211388346 0.010618351313955148 0.015525419510170127
1 0.7034316082886959 0.6297037871904645 0.007933625506928837 0.026452751613429495
0 0.5086059355970646 0.7069805450908379 0.027992424925935698 0.05129439466754656
0 0.5466812166604436 0.7056293795704072 0.027985083865767733 0.050575326689402025
0 0.5848563757258944 0.7049972820281207 0.027992424925935698 0.05093380138341623
0 0.6228558961284394 0.7050142457051086 0.028203710311715233 0.05204950858978281
0 0.6613723940506381 0.7036525782604618 0.02815343355014731 0.05022765691081527
0 0.6992198094957015 0.7036882097918205 0.028153045962867763 0.05120040318385839
0 0.5089746669799042 0.7795178287860267 0.028359739923999386 0.05104986855338097
0 0.5472166747797275 0.7776090596624126 0.0278530198595845 0.050117076579195834
0 0.585532766340983 0.7777596865258909 0.028604910620881156 0.050959220232348376
0 0.6235020943700987 0.7763920573284724 0.02866327431789856 0.050207224900228276
0 0.6617545744480519 0.7759890848412894 0.027807351042127885 0.05120424634651383
0 0.7000853883183215 0.7754452499576302 0.02858868642145305 0.0520998396419128
0 0.5093232408637121 0.8533094179278415 0.02896435074971122 0.052592766764207176
0 0.5476856008959196 0.8504540914333854 0.028513261266256928 0.050307749974533154
0 0.5858433735121795 0.8501836464702875 0.02867090331185087 0.051750123111054626
0 0.6241087655474786 0.8490149491732496 0.028488562544099646 0.05139599157969616
0 0.6620784537447155 0.8466202943703276 0.027714814100223903 0.04985202153102494
0 0.7004524153826008 0.8473858176418911 0.028119760305260942 0.05318603449480424
1 0.5078425058263573 0.7062142843620608 0.0104566744351429 0.018750850774779736
1 0.5489370068601106 0.7013447401330408 0.00895988570785439 0.016770657498582493
1 0.5856570861735235 0.698202814293557 0.006495561521335091 0.024316585672006223
1 0.6198922294931196 0.7040264817382038 0.009648867915776554 0.014291920561299427
1 0.5117737170571958 0.7730537252619485 0.0037972322182168324 0.018671780745310305
1 0.5459677258907722 0.7734649318523767 0.012214876331317442 0.010096611955650604
1 0.5864137745375583 0.7724739729280083 0.010071716597981095 0.013340606298843607
1 0.6272909855178529 0.7712445470885247 0.006048325836684261 0.015979754619875955
1 0.6601778124610479 0.7710702121992313 0.0037550140963836577 0.013443678125419915
1 0.7049496267596478 0.7741449477434972 0.005545347158352553 0.015948445856017086
1 0.5492489243829753 0.8458150704646605 0.005559942405007251 0.014141064434864696
1 0.5869160491206026 0.8412125927309941 0.007494039419525816 0.0150523743671984
1 0.6271226239405099 0.8467104426913601 0.006107438165658721 0.016677439391030037
0 0.509650240863712 0.925794106414684 0.028785518272575833 0.052964236801609665
0 0.5479416378378236 0.9234761889700374 0.028747724324353133 0.05175403811155506
0 0.5863213906988344 0.9226977547357166 0.02823888355660185 0.05127894949530471
0 0.6245200007310419 0.9221242141545484 0.028108052666475113 0.05283631796394606
0 0.6625818657020615 0.9212999557597114 0.0282589533053962 0.05317106423698909
0 0.7007612122021294 0.9210392034257714 0.02818213229289424 0.053551042779434864
1 0.5491738548338414 0.9153612580122729 0.007215036164722165 0.007375537137103845
1 0.6271918777433669 0.9209863667470423 0.002915211477115217 0.005691929175405424
1 0.6706931988683658 0.914601288803894 0.009559954433884531 0.020084754840288644
1 0.7062648435038372 0.919730582727762 0.010225332080383131 0.01613654946483454
0 0.7350028469283981 0.05646924567964171 0.02846567556224286 0.052374144839955186
0 0.7735042623734616 0.0548012517405387 0.028940455497827998 0.0539061662975093
0 0.8125435212804892 0.05403625585175288 0.028917794344975 0.05345795437232879
0 0.8513461671473962 0.052844177580022404 0.02916220264711186 0.05323735753365012
0 0.8902676195343632 0.05207468597485943 0.028533780686522348 0.05350134074397606
0 0.9294665719152202 0.050768114986483814 0.029508307671483214 0.05248236302498845
0 0.7355941856286429 0.12908592577164707 0.02937074213702054 0.05210811487735772
0 0.7734086047282213 0.12753724993216337 0.02828645549782792 0.052616696039694086
0 0.8127295805249527 0.12704516504287003 0.02919737589199833 0.05271430611349854
0 0.8516739171473962 0.12591781102996258 0.029540091821400164 0.05262315779246593
0 0.8902976867152578 0.12462239122027471 0.02859391504831132 0.05237617451993767
0 0.9297430860094977 0.12320614233753105 0.029068701657022272 0.05300994186940948
0 0.7355185415155422 0.2004761609005547 0.028756769201299846 0.05281483118780333
0 0.7741338177863174 0.19942976257952205 0.028811512194981053 0.051984111040194424
0 0.8129853674668568 0.19887943002416875 0.029153728124382605 0.05232581906600932
0 0.8515546252666799 0.197259991121968 0.02874628640854426 0.05323376402910708
0 0.8903814803600751 0.19684488104816353 0.028576428454138256 0.052944433807693786
0 0.9300079873269942 0.1961163316135909 0.02923754640000905 0.05254782113579921
1 0.7719761893771987 0.050681004563308 0.006503620161069688 0.016716966211507783
1 0.811786104822262 0.03914932311502114 0.004799894354043788 0.008949603314934051
1 0.8964271251623444 0.03914932311502114 0.004490309590436201 0.010211679809390375
1 0.9351233721109269 0.041163767461154695 0.0033954337078272384 0.010505589624403866
1 0.7310805252164323 0.1308242275704216 0.004271405233843153 0.012567412225735007
1 0.7741203925576702 0.12174652793944377 0.0032331201610697725 0.017380859974866627
1 0.8552543501758665 0.12338485209996007 0.006513793990789599 0.01626777135861631
1 0.8854514037092971 0.12351982458150894 0.007101531638611555 0.016358419679648937
1 0.9296072833096456 0.12217311100854925 0.0071182139972702915 0.013054714226060984
1 0.7411202047887635 0.19728249394473726 0.00815911404229573 0.00892357183784481
1 0.7730731105545785 0.19187120569750912 0.00375455615488656 0.01848407183784478
1 0.8128931774217727 0.18435758628794455 0.006934985424506369 0.018907282649693498
1 0.8538612658405893 0.18939395988219415 0.007541760765169513 0.006130085830216444
1 0.8891211560795151 0.19193218423995498 0.006979908366681322 0.010248765860019438
1 0.9240917083291035 0.19508355028460914 0.007591345617181626 0.013692155271312739
0 0.7356342126929222 0.2724912225239186 0.028617963788443983 0.052247047498248864
0 0.7739240493153655 0.2714480550792719 0.028114364427365385 0.05214397567167259
0 0.8131722517023328 0.27073979201655485 0.02952749659533458 0.0530713058930859
0 0.8516242779731077 0.27000568194275043 0.028978128763303863 0.05304545888199856
0 0.8908672993050709 0.2693233577822341 0.02890030775080193 0.0527625904133571
0 0.9304198958777482 0.2686313724478583 0.029249208244503975 0.05305360663501897
0 0.7359362681057781 0.34407417780043503 0.028574316020828407 0.052618017535651415
0 0.7745302204927453 0.3435208643686957 0.02960431760783684 0.052773467166629215
0 0.8131681456383406 0.3430517730822522 0.029149136699734766 0.05273676780406803
0 0.8519050095021558 0.3420755103557883 0.029076907111880494 0.05312809869798784
0 0.8909400727148348 0.3416180569978535 0.028953317628426144 0.052573785266248604
0 0.9302787271722334 0.3403881233379486 0.029057110306475873 0.052570273180809174
0 0.7359229333840436 0.4162522097607193 0.02780735104212796 0.05147469130961165
0 0.7745486736732169 0.4152233877448316 0.028345706782125155 0.05194120026674896
0 0.8132845521763764 0.41458911862121745 0.028364043414863028 0.05265592508223784
0 0.8521332311535793 0.4140967837319241 0.02860798099568823 0.05275303515604229
0 0.891292458840725 0.4133674634876762 0.029102868228782813 0.0529170644461332
0 0.9303915050872503 0.41262846389639796 0.029011947717505305 0.05322993937495884
1 0.7332351298190346 0.2648646334555744 0.009123353277126474 0.010424147501584304
1 0.7757631732764648 0.2702924179758457 0.004666942760580654 0.014893793036583051
1 0.8130629188284453 0.2614233428744062 0.003911931295947268 0.011537236117834674
1 0.9291847129143966 0.26821356769082 0.008504791625776865 0.009319111953583408
1 0.7373129573573577 0.33905244741287843 0.0038363433995018694 0.017283928405104877
1 0.77315915608981 0.33876525617673764 0.006451110283445161 0.006319325785214351
1 0.8159167315503316 0.33514799172100357 0.005792335088296345 0.021306610305485633
1 0.8542086285244428 0.333312624645379 0.00601420292032719 0.010914206375649908
1 0.8963946288168597 0.3360427631785577 0.010662740447064225 0.02186092373722479
1 0.9270189517416219 0.334399169084196 0.006339071915219915 0.013560291312278802
1 0.7381967393604494 0.4117627567023022 0.0046598137666281035 0.012314393995039995
1 0.7772073579859843 0.4051471396266777 0.00566512490150595 0.01671109268509474
1 0.8187752253272222 0.4063250295528733 0.006275322642077576 0.01543709268509472
0 0.7364670451700575 0.4877016144789021 0.02824781602082835 0.05229974679860765
0 0.7747602524958369 0.4867550571080599 0.0282136427759417 0.05202930183551005
0 0.8134002233537563 0.487125343021348 0.02776255329248763 0.052769873662086304
0 0.8518783371154457 0.486031419930002 0.027918940484108614 0.05244769319768254
0 0.8908885670373208 0.48575610329779123 0.02866809659893016 0.054273326462104185
0 0.9307119929902913 0.48492820182988683 0.02888611052074325 0.053417741453580476
0 0.7368369429376731 0.5593266630395489 0.028710000730347907 0.0516731235518798
0 0.7750625579086928 0.5594140804841956 0.028170495008326107 0.05220855172530366
0 0.8136565102956601 0.5591433855210978 0.028090053292487503 0.05292923829356432
0 0.8518562393074711 0.5587205656541718 0.027526283521016454 0.05253425973960898
0 0.8913023648870527 0.5583221678257331 0.02766627022589436 0.052586130700175364
0 0.9304100826834241 0.5579025413315527 0.029148732452883602 0.055027955601417704
0 0.7372585402312452 0.6319406122551684 0.02835021507274103 0.05284400497303204
0 0.7757368214408326 0.6310804723289727 0.028130967944046712 0.0520252083309667
0 0.814239797237564 0.6307622223289727 0.02823872081535243 0.053011378109553406
0 0.8528961880284298 0.6306884060231132 0.028406002891273943 0.05311258402379438
0 0.8916763157849191 0.629761146013536 0.0283848501054913 0.053618218054164495
0 0.9312998360268319 0.6298112864395065 0.028771401195625337 0.054191906007938245
1 0.7387704141923447 0.4796788005950691 0.0071214048370908875 0.0064761851385083105
1 0.7751765156312246 0.48144340460797647 0.010189494320545228 0.00799528309051878
1 0.8195531946297112 0.4805730368174757 0.005829827339946924 0.015325214575541144
1 0.8542332355801057 0.4787299695441101 0.0034370120158569947 0.011038404738875792
1 0.7361512768564268 0.5604516193827037 0.009398497368000903 0.015310874314843565
1 0.775392168685313 0.5512108800481349 0.005964173594307672 0.017385358556048856
1 0.8543168600426779 0.5492566171686105 0.0102389900335701 0.015107101072799445
1 0.8929459841355348 0.5535216669397252 0.009555122882498464 0.020834600703629406
1 0.9336513896947017 0.5567204410417498 0.006255294855618725 0.008747955210500088
1 0.74209977425613 0.6251258695932418 0.0072178814685058355 0.017759219243421248
1 0.8168159764908615 0.6277471826018681 0.0031610127301012134 0.01251659322616838
0 0.7376271276471926 0.7032795614707879 0.02788440965988528 0.05128458975211927
0 0.7762041872053566 0.7036911906682064 0.028510477821671126 0.053189627999347365
0 0.8146524579421912 0.7023571907049418 0.029141694232959047 0.052788347830535536
0 0.8525978011217843 0.7024413592584011 0.027179985077142796 0.05244759695803934
0 0.8918967099138958 0.7018261724530418 0.028292700651848347 0.054017437215735785
0 0.931172713025837 0.7013591063941605 0.027879760869620313 0.05220448177745832
0 0.7382004446688784 0.7752076864225191 0.0279228893377564 0.05273148713767896
0 0.7765466508798644 0.7756735657176753 0.02882525740307109 0.0529170644461332
0 0.8152423711213719 0.7751297308340163 0.028208055861081837 0.051829394678815054
0 0.8538397021413386 0.7745366949028658 0.02853128773803716 0.05304387657544337
0 0.8927844605865172 0.774368211616294 0.027842770847680026 0.05304637664927738
0 0.9313122479819017 0.7735363743967951 0.02773882079794291 0.05312756077574435
0 0.7386530857664765 0.8474603115809942 0.028178124002278496 0.05333502237301039
0 0.7773161908598717 0.8475599025311846 0.02869867240881545 0.053534204273391
0 0.8151815594854066 0.8462106585920814 0.027068526228208174 0.05317957274203252
0 0.8540941343523214 0.8461444000147668 0.02780500000000006 0.053537000000000064
0 0.8931684038508028 0.8466180262549868 0.028872003386608548 0.053272680961182754
0 0.9321011920956909 0.8466739011947424 0.028631132190966437 0.05380470884426183
1 0.7350346298190349 0.7011352737123889 0.004228836090471267 0.011059504509669728
1 0.7782817185405627 0.7013012008657845 0.007680566178025374 0.0054990475829882896
1 0.8549399855090171 0.6915439629822229 0.005246779619105735 0.01738172614164759
1 0.8185238694403226 0.7020818310832313 0.002984019797816133 0.012772322609288952
1 0.8920610486857127 0.6950155263557662 0.006969226942857093 0.01671873236364683
1 0.77715459810836 0.7652818343948299 0.0074363096110254745 0.009154329232486078
1 0.8186382302660344 0.7714699178911062 0.006086628054933416 0.015529013014713183
1 0.8582527732291956 0.764685877606149 0.004022355059462941 0.01350415530089894
1 0.8927142427106244 0.7698877108041201 0.018120332053391138 0.01124768843241935
1 0.9358743009791974 0.7740426476880352 0.0054940441753210546 0.015169805163924665
1 0.7399682133820911 0.8418199664517529 0.011295929332776226 0.017443559766984727
1 0.778264791411207 0.8413370741916174 0.010768139519566578 0.00993540211019187
1 0.8199316871010212 0.8425635191547151 0.009607152550618829 0.008383995394322377
1 0.8552765977279448 0.831947885080356 0.005967400569821439 0.005091999704664098
1 0.9008652274217249 0.8423754531143826 0.011139703667261356 0.01139419539481916
1 0.9314000354089058 0.8415308397377357 0.0067481644533302545 0.022778146252485088
0 0.7392561362405202 0.9206786101416411 0.028273781647518613 0.05463282263182615
0 0.7774180738838079 0.919694 0.02813199999999995 0.0522629999999999
0 0.8158854486596948 0.9193169426969943 0.028013619867264937 0.05281097095285891
0 0.8548698466321428 0.9201612666765111 0.028786000000000023 0.053537000000000064
0 0.893254701700535 0.9189724241654849 0.028347676391787303 0.054217351787164594
0 0.9330550302261031 0.9191524114715119 0.030422000000000032 0.053537000000000064
1 0.7433167285144857 0.9151115081641324 0.012524516777350399 0.009657472373128738
1 0.7847815757845167 0.9067068489607701 0.008376319091897972 0.009009434858823205
1 0.86472405939491 0.9085050735157458 0.007805927390891299 0.007792813796603452
1 0.8964985890318742 0.9139385399412214 0.008983563348748478 0.010674280148244945
0 0.9682131431000642 0.05105400384057493 0.027590713799871356 0.04971355481198216
0 0.9695553648128095 0.12234891968857825 0.029733720387352825 0.05340534031120194
0 0.9698993437588124 0.1954464409903079 0.03033143880635721 0.05384534456385573
1 0.9724882041950076 0.11693148406078988 0.010152013660000157 0.01984574157710819
1 0.9677619746032283 0.1959405229335619 0.013016991314450879 0.018307741192501243
0 0.9695553509920702 0.2676312201105471 0.02901177696186243 0.053163145700094575
0 0.9697751325730659 0.3400145011922815 0.028819663812843215 0.05375705231753155
0 0.9698711891475754 0.41259557327311486 0.02883129801585958 0.053515798751675774
0 0.9702673373768902 0.4859437041989088 0.0295678794736128 0.05525531716895354
1 0.9680002521020366 0.41250265724469803 0.01316119078686608 0.012652884545475883
1 0.9720575888979665 0.4731601340467079 0.009200397698248822 0.021505428859113378
0 0.9704553637741878 0.557788437967068 0.02933865552488048 0.05397117761715664
0 0.9700644849076341 0.6290120483877181 0.02819742736360804 0.052839860998466257
1 0.973962316904503 0.5392481641683742 0.0040878613830773215 0.012875652136570524
1 0.9694299442012028 0.6259585571249973 0.0066821390827032775 0.02505639025697056
0 0.9699148163332114 0.7008273953782628 0.02758850027346375 0.05082304795458285
1 0.9709277942430544 0.6910480261338878 0.006112864389115367 0.020246028850596124
0 0.9704362721461497 0.7735481697710205 0.028124928630590407 0.05257868269512281
1 0.9739280854874722 0.769498103643241 0.006711631594597536 0.025935115536323654
0 0.9709748654981498 0.8468170184020104 0.028320659404449357 0.053518474429725724
0 0.9715211772196528 0.9190855128614664 0.02862976646510709 0.053984141365452626
1 0.9755734264241648 0.8345700369283362 0.005842837212999699 0.006685693747297993
1 0.4284815316540437 0.12697917324550556 0.0020569057012907997 0.009980612277851325
1 0.46610188105012995 0.20709153358255636 0.003899479515083628 0.008597233263181974
1 0.6614892111587686 0.7060641476362236 0.004741157435194973 0.009315105554934143
1 0.664977377575463 0.8497221257546805 0.004982706070311806 0.008129920275476436
1 0.3923142163714562 0.7834813383165203 0.0061918100832770075 0.006290496813230347
1 0.31190709846254505 0.4950792936677539 0.003848448113298308 0.008904135267873897
1 0.581391343544676 0.48431253500207416 0.006050963414349703 0.009468887984931056
1 0.507247139472196 0.4896578001550657 0.0026713237787851863 0.01139912262351123
1 0.46842415004070403 0.05806144467138843 0.0023086606167646963 0.007905875183498202
1 0.07776620625351875 0.5770682396604275 0.002194139022962812 0.004710743443330184
1 0.07595619313553832 0.11809503229519097 0.0054282117264160615 0.006870675436126136
1 0.701700372658059 0.7016187822058927 0.00513126415106451 0.006248515977455323
1 0.7009507379982904 0.8435207829795304 0.006140169328753251 0.007731544239148234
1 0.8530726651144593 0.4081468151314063 0.0064140801888304885 0.005831948245625031
1 0.8909369423430167 0.40787460255417063 0.0020528186530234535 0.009272903767391998
1 0.6948253356952702 0.4164301531333599 0.0030298415787435207 0.01325650973064051
1 0.8470682130599153 0.2673678935771206 0.0053965862028511665 0.007941780247404663
1 0.8882850082288476 0.2740432333318008 0.009299962661343905 0.007211865682607585
1 0.9700517748976346 0.2569613854640557 0.0032937407645539404 0.011955781191622163
1 0.906021336559814 0.474307373139523 0.0027440228003689534 0.014112664549430842
1 0.9309863232996123 0.478919972359677 0.003818697179327893 0.005127902141154595
1 0.12468003825076585 0.8674484336871662 0.005915233729617526 0.0165702760622181
1 0.19632436196294317 0.9288538406265803 0.0056765204669312315 0.004390886663489569
1 0.27236535136436996 0.6362245148096008 0.00557179163656101 0.004902681766926537
1 0.4265915117215654 0.48356180038401786 0.0037085959024572347 0.0077250176638702095
1 0.0896687278293896 0.7276226942984658 0.004647554766719169 0.004846615062403125
1 0.6918503390534795 0.12718263196274668 0.0022102573623673906 0.009187007274961382
1 0.23542753901045696 0.8635862889848428 0.002274662212661411 0.005065022222785003
1 0.6612456212675804 0.19971594264042627 0.005320874159475432 0.010547353560813592
