1 0.6553605158792113 0.8250178740453469 0.009924881637628582 0.009121642281372919
1 0.252000871910138 0.8291675276468875 0.010427868518290565 0.03788339317150023
1 0.09261888887518142 0.06745781321298483 0.009876591563058904 0.009182360204939342
1 0.019495046301776578 0.9151414500701512 0.007197942482758997 0.006238125392119371
1 0.18903153960209146 0.9196444168012337 0.0038870792041829074 0.01258605885428382
1 0.8580803066892443 0.08510734942621542 0.007731738076503476 0.005970924104247462
1 0.6447934523222624 0.9456398152903337 0.010869029342539542 0.009833524771346617
1 0.3646848343519362 0.8261393987935303 0.014064093643475394 0.0185263539000143
1 0.9173822070980223 0.9337713519675451 0.011374113954456273 0.007627710751677776
1 0.7069114087243528 0.9323721284198754 0.003624367086323196 0.016250038404521615
1 0.193223565024871 0.8220983475930166 0.0026939799289478357 0.012313476750804183
1 0.03366967183877761 0.26913544357009483 0.003086831337709716 0.01261787780391403
1 0.47633495266625275 0.9494836728038013 0.00981130484932883 0.011675796111236208
1 0.15553539866651614 0.06719121508959426 0.008665628411598495 0.009181860204939348
1 0.7599426272338622 0.9391333169944807 0.0070856539845476595 0.019140415553731777
1 0.3076593034934195 0.8316415609158053 0.019697731684853795 0.015463684961152009
1 0.9689695935874688 0.7051852075485435 0.005277187174937664 0.017949527722995084
1 0.9712880814800499 0.92501691339294 0.00783116296009984 0.013488826785879668
1 0.5428469910884058 0.9381417077768659 0.007883806633237867 0.013711422370319378
1 0.6408872201814055 0.5020682133227886 0.0037464403628111047 0.018629651897393757
1 0.9146164564940517 0.10359680422826965 0.005566037686117566 0.018230277395401798
1 0.3164738098491145 0.10001816855832484 0.004557894517037682 0.015328118681420519
1 0.4229526406332324 0.9348299893416369 0.010647680783288134 0.008157654438723497
1 0.37359141637199894 0.06852524872933517 0.008420232260821305 0.005780173214120272
1 0.24562686495047228 0.94126701408982 0.01155972990094463 0.01010802817964031
1 0.5941835467657312 0.7095015121573507 0.010309218229477137 0.010905249566518142
1 0.6959618826976025 0.07814382638217894 0.006716315032822423 0.007720765390266176
1 0.5300698893972876 0.4974952730440365 0.003567903492589821 0.017186658713981267
1 0.30851946451369117 0.9308129466618577 0.007744070972617747 0.013457106676284799
1 0.5378926030750306 0.823024874045347 0.008389030606487607 0.012578198594326939
1 0.6473923587987516 0.7246171111500842 0.009543267235120511 0.01244067280380133
1 0.5928657217053341 0.9275992990628847 0.010732267867094525 0.012030161255310957
1 0.4214309778010485 0.28609359194782336 0.007882930179317432 0.011670078086325796
1 0.043541352250724544 0.05800903760890739 0.00571333212684131 0.014203808996784483
1 0.9695186501847521 0.5049879897751187 0.008604274946724564 0.015437317427962585
1 0.8063615385421176 0.7125509541402496 0.008283351903043532 0.010630246158224391
1 0.02836335350303057 0.8236869286541542 0.005779256643678672 0.012842420437849784
1 0.7577932958177703 0.07859765573916956 0.006405965729584039 0.015813649356064146
1 0.205867622387553 0.06640991381526305 0.009846373529568237 0.009697814292989389
1 0.8035210194750328 0.4988291638264219 0.0081563137688743 0.006577221843522949
1 0.3138690286746108 0.49232780631295425 0.009767456866045002 0.009520506816587436
1 0.37029929107001364 0.9283234910457838 0.009196406596453384 0.01852343259520043
1 0.36857094694253184 0.2858313154954931 0.00767474376426946 0.009547412555757041
1 0.9576036737956193 0.29935074725351085 0.00588302192687073 0.016392945010655104
1 0.5912795086315619 0.6039249463574274 0.0045011419611382724 0.018752005340763052
1 0.42562606557283533 0.72481430483713 0.005024255843685254 0.016281834926076346
1 0.2536682593195424 0.7275317468200289 0.005710218397496409 0.01667083151778283
1 0.8669149325952004 0.9287956881411232 0.00803986519040112 0.01440237628224627
1 0.027089499894881804 0.4889417698187614 0.009315213770907233 0.010150925424735885
1 0.08024615342863187 0.8134600975930167 0.014579706374087141 0.02164832144511657
1 0.5935650964033488 0.2736849033732181 0.004631742444315077 0.019545257250069503
1 0.0965507206730733 0.16894655052501398 0.00932472353476211 0.007355098382520588
1 0.48056115938433 0.4906668063129541 0.00993271828548357 0.011254175755449897
1 0.5908518654704334 0.8334273356639885 0.01586628057848426 0.020363234457518743
1 0.9075119558900806 0.19557587854892727 0.007329161176190722 0.010047432853304353
1 0.7010652785880637 0.8265329162605519 0.007757256934539159 0.027558501459965665
1 0.19519224056844472 0.7116895104532038 0.008160180895301114 0.011294246158224022
1 0.5359188028334423 0.7240852220718457 0.007911430123310902 0.01403389464732431
1 0.14890199549717886 0.2777882045735626 0.009259401937435593 0.01034739714334214
1 0.7087795715565368 0.7158653679666716 0.006525842871485253 0.013531404872205607
1 0.8129411956225772 0.8177064286541541 0.008399640641183995 0.02639175149898768
1 0.14194821606562294 0.7191824771842862 0.009549706950054668 0.011662179620388907
1 0.481151834323933 0.07767946546041749 0.009027943466674767 0.006002268798559914
1 0.5353347837663577 0.2779980125908327 0.0035479670495387507 0.01674291937234452
1 0.6994948705901836 0.2865501166960067 0.005181840455602101 0.01869868389564663
1 0.5409084033166189 0.07269571546041748 0.0065060560292672055 0.015969768798559932
1 0.6473926087987514 0.39100271235655387 0.011202217597503086 0.009393762590832655
1 0.8709349891924838 0.7120785070449099 0.00470152802258492 0.02216401408982014
1 0.9671611062988587 0.8155862085147781 0.010000461993746589 0.02269053647205193
1 0.14227658685655667 0.49623239587553686 0.010342173713113413 0.007454177538287079
1 0.9185954259235186 0.5099580128191553 0.008394526182669572 0.018203919828989605
1 0.5909970588731501 0.5051854334621646 0.00838494220272664 0.016101317427962517
1 0.03721619651846861 0.17002081352911225 0.010941957414168368 0.022181619055702474
1 0.47931222808903223 0.8216259004976773 0.011600855694887892 0.018552807811941505
1 0.8102376829111875 0.9389385686986274 0.011594065580787011 0.015294362649071516
1 0.6427217017182917 0.07382996716456434 0.004226103194995047 0.01158349064208285
1 0.3673602904660428 0.7181832817930935 0.005394280690497312 0.01895500727323255
1 0.7557544453345937 0.49165522013937607 0.004952165487995734 0.02039566553056878
1 0.9127100188430587 0.6055029958537942 0.006613162384132376 0.03253810433349655
1 0.43116472265329514 0.069387192416381 0.010818020366987462 0.009350722710486967
1 0.09386263778607389 0.28336046624390715 0.006340045420917842 0.016177920484031452
1 0.1375117657032405 0.8336893621163188 0.012337956346083874 0.026721949484454097
1 0.3674898909492194 0.4957041075134678 0.013708906596453468 0.014415665530568686
1 0.20146687989647752 0.17209905919441285 0.0036996830758784637 0.014145117055072003
1 0.7018457586035587 0.49424838737409166 0.01098991672394065 0.01097378156477077
1 0.37231442847941804 0.1783968060085241 0.005166131777644695 0.017403949894773094
1 0.8649015763602999 0.8427755506909241 0.00708822657305528 0.025491770320710608
1 0.5918691523966612 0.39298298540059035 0.004151579612131076 0.018669308678905597
1 0.2585285377061694 0.05950285237786398 0.009265264523302154 0.012706648489100077
1 0.19399731597189887 0.4978797520527781 0.005618368056202237 0.014207495894444049
1 0.7580277525358476 0.8299805609158052 0.016723479648915317 0.020374016022289648
1 0.30777209677534223 0.28131512180844725 0.010345168127904855 0.014344250433482081
1 0.8074364698374156 0.27958928904316294 0.006133489312447871 0.019384247025188334
1 0.8634480261187116 0.49922405120051355 0.010825052237423029 0.012140771339889616
1 0.6468420210269648 0.6084252176973171 0.006495316872738052 0.02775254802054232
1 0.8561386565684502 0.18886924117483558 0.006913262291341105 0.021872376540350208
1 0.5929050276986465 0.0782008229738852 0.007887905276498923 0.015018983825495366
1 0.9140579316752426 0.7141392852013871 0.009725412988103116 0.014865795654591042
1 0.02956888528150501 0.594644009486969 0.012771745140230469 0.013488913164617217
1 0.4217062716869418 0.8305772827593282 0.00982151795110427 0.02076890339638134
1 0.8086067891460883 0.39736656816587473 0.014026127929794073 0.01201991789652012
1 0.08984147677311119 0.4889962994287335 0.0045913640320801065 0.023006779907084825
1 0.865801726481094 0.6033957526703816 0.010542852479011313 0.015045399531442304
1 0.9202196638160995 0.81055379809665 0.01316672714902277 0.016872046696933294
1 0.6964443578787937 0.1764113921821022 0.00907026539520492 0.015021453303066805
1 0.47959264667294027 0.2816530125908327 0.009380568164689318 0.01260958149461954
1 0.2005542963399772 0.2722252002388632 0.007045003623032366 0.017108393808958053
1 0.0328996123205583 0.3774599398819653 0.007571866584547481 0.034319241863166074
1 0.9084108248363713 0.38979823710473727 0.010233199310360075 0.018685481026061802
1 0.4766495525454586 0.6119397706019775 0.008905530030520066 0.028135653829863216
1 0.31553257256050427 0.17971502444375326 0.008099819456640579 0.025885830452277284
1 0.08957016038829756 0.6015321682009503 0.008930720293418463 0.02353756165371728
1 0.6484971278658361 0.28528080867890565 0.011758930067304474 0.029178955235536243
1 0.9610291911147496 0.39199348784264926 0.01175444006687579 0.019589416420695897
1 0.25858615368861243 0.2714237361385025 0.005554556773254062 0.02353814803245493
1 0.8589414008167261 0.2926495006618046 0.008222150304716423 0.021853782888380077
1 0.14392587287541306 0.3873755481727575 0.0090189772083993 0.018809663182346142
1 0.4209145713245594 0.4939026604181282 0.005873417467927621 0.025430771339889524
1 0.42364229710972146 0.6111507458537941 0.013693568796663435 0.02018371695940473
1 0.7531499141600899 0.1891339630183585 0.009884652776606166 0.02346070760148772
1 0.6456644784969804 0.1747892152320949 0.01327560289905981 0.019324694577173063
1 0.42610316605601195 0.38840440433945284 0.012367306689244422 0.02094370286958476
1 0.30746159041964727 0.6065046366361795 0.008477005295720931 0.023652054837129923
1 0.42191395298223966 0.17826199969556994 0.00885300523971448 0.019791337268864718
1 0.36343615305663834 0.6118152458537941 0.014348855750894327 0.014089723775992357
1 0.30860029078202983 0.38754785143479237 0.013390556141280057 0.015244597060263853
1 0.5341156902428467 0.38986871065240697 0.009581629881722698 0.015897315495493124
1 0.7543957831063804 0.6071045538708951 0.011818115850378334 0.020863889306561093
1 0.19888793820178743 0.3800232744847797 0.008304893880004407 0.023250320543986295
1 0.698658239536474 0.3937795963223517 0.012386603770962656 0.01760553052242858
1 0.19532771574963592 0.6051785820273722 0.010101831016095228 0.02365694561951524
1 0.47948597808903226 0.16673042715516673 0.014572256419652806 0.014793966936241777
1 0.6991100957713747 0.6061078038708951 0.010929741180366997 0.020210170871331853
1 0.0917248926940736 0.38380181974718425 0.011547999369290799 0.016773639494368414
1 0.8069414640856912 0.1880777710354595 0.01652705286939703 0.01710199257455229
1 0.5340789465985416 0.6143274079760691 0.011867717653509576 0.025478153829863234
1 0.13855173452873684 0.601534613592143 0.010534593755488273 0.01929712137496516
1 0.861573988588513 0.3886693761829757 0.011530801633452194 0.0220020902436764
1 0.589989990168448 0.17534711402562508 0.011781954914116472 0.016091122241929316
1 0.5365002595515197 0.18045488877380847 0.016428643801053952 0.01434667173829597
1 0.7572712646432664 0.3919160118529205 0.011598653984547645 0.026627136331749294
1 0.2505078609546541 0.6054916546438829 0.014520190670846608 0.023560244073539717
1 0.3665897408284252 0.3875481014347924 0.012743456234071032 0.01577354074730976
1 0.2586185538094066 0.1703044220427261 0.009085232316827778 0.021940956711360603
1 0.2560165849839102 0.38435796235655384 0.012353144545040945 0.021624375216740956
1 0.4814506581763885 0.3837412293980225 0.011759683647223056 0.020556541203955007
1 0.14655484139352468 0.16848581753037326 0.01952760606997271 0.030586625724470802
0 0.7568430052677177 0.3982562677793808 0.03981751367940261 0.07976490812828424
0 0.5923693497391896 0.07763405244801526 0.0408242496760615 0.0791473387910153
0 0.03136183184192481 0.4909839779461416 0.03958355029729402 0.08090645358290795
0 0.308799449990389 0.6063513712227502 0.04176962423406001 0.08298903911927044
0 0.9166390978432677 0.612714977032071 0.03830605370949412 0.07983294012653704
0 0.3082462998695949 0.7176194566584163 0.043152499536045386 0.08368830511839703
0 0.47892174353229217 0.7200122348148933 0.04293318727104776 0.0837088682479385
0 0.36518315012079416 0.6068414436870457 0.04199900000000014 0.08571399999999997
0 0.2520234687694899 0.60575709477042 0.04050713631347573 0.08391826096279334
0 0.36414471246980146 0.718734165530569 0.04338799999999998 0.08438499999999999
0 0.5355918373437869 0.8311479593287977 0.04315417519163196 0.08361396871649615
0 0.042306122319545475 0.06830381146512965 0.03726004514343383 0.07096298457617853
0 0.5924691124505795 0.610986698875594 0.04185350028003232 0.08220026437108718
0 0.4225261936066908 0.6085393695186033 0.04160183675986781 0.08471781727574759
0 0.3094952311648927 0.4977280588311207 0.0409485860998907 0.08334376971185031
0 0.4230808749019886 0.49938391804873533 0.04188147416927224 0.08189049496366706
0 0.9687673538829753 0.8237173799718072 0.03552801741523998 0.07669446530820238
0 0.4780537435322922 0.9424887137033263 0.04147376233144488 0.0849880162803935
0 0.3677581939226779 0.38891024814363806 0.04269586155067348 0.08225061633863222
0 0.023664987892581018 0.9272378083976388 0.039862449154440906 0.07884061527312688
0 0.8090797110658373 0.2956672565882649 0.04002212750594316 0.07895214894574527
0 0.026205486972623218 0.8185927386798322 0.038305645864995415 0.08021071858744423
0 0.5354193685182905 0.9410327435639503 0.04142636223865388 0.0810171886275496
0 0.09291384660511737 0.16995023750515317 0.04091399992145871 0.08146751431966427
0 0.7030116493488041 0.5038947209533957 0.040295650456833115 0.08191155809320864
0 0.8100867797705394 0.3996498505446652 0.04010023949256765 0.08096374259771544
0 0.5922634623297853 0.8312203782676602 0.04310165040082653 0.08428825028126677
0 0.4811016938946747 0.28307140589138463 0.04176158678787117 0.08182096296541408
0 0.9690123099970821 0.9294179705199138 0.036294504703850566 0.07631817158608101
0 0.757915637241385 0.5050889146404415 0.0403033272643546 0.08218217071911685
0 0.08111125603970792 0.711463076100912 0.041635785746289525 0.08514107986658039
0 0.36661693121128813 0.4993190852834509 0.04290251167146757 0.0844080478683274
0 0.7582664677375192 0.7202067331107463 0.040728413196225964 0.08092120271736973
0 0.42103358737179014 0.9409625200162804 0.041382374894037205 0.08087674153220997
0 0.47923174988798706 0.6093359804403647 0.04244689974084928 0.08260493330994965
0 0.6482773309600889 0.1838048947002687 0.04173361289863125 0.08129987953832511
0 0.6482449308392947 0.28864134617013676 0.04083908747585163 0.08131308240790985
0 0.9667280033997991 0.5086675503103865 0.037810542838019996 0.07822112463104404
0 0.033580184463389236 0.38260254944899125 0.04119829049308196 0.08130590110201782
0 0.30716983739979337 0.82830110181533 0.042659024958824884 0.08374413424706478
0 0.03887587931881925 0.16974449150641413 0.037475293399747096 0.08057102098843251
0 0.3636677123857918 0.939968215407473 0.04115269992643119 0.08259423812391622
0 0.5356653246323971 0.7206742894237004 0.04274799964805813 0.08344464640441543
0 0.5925413185646861 0.7210738175801776 0.041721337447848415 0.08318481534327807
0 0.14208594012354564 0.4929368230559382 0.040918493183543424 0.08265132485211903
0 0.6482462120137983 0.3951417430311975 0.041671375006050046 0.08041862656351348
0 0.25039410617889424 0.7159633474408017 0.04139703703824066 0.08355274880544303
0 0.08758279017772735 0.3834131065553846 0.039993454597404346 0.08130640110201773
0 0.47878192482758997 0.8303613799718071 0.04237697480124627 0.08415858475069804
0 0.027583750603970798 0.7089376870226733 0.04106217312769058 0.08220807645828644
0 0.03698091150743483 0.2759136345514951 0.03773910026805368 0.07999372156073427
0 0.9148385476016792 0.4038959316058027 0.039683304313464646 0.07992591835316541
0 0.7027348242884072 0.2916259553877513 0.041678025758818786 0.07881120185040566
0 0.5362873685182905 0.5016394445010656 0.0417794869366685 0.0816365546849149
0 0.08134674393228888 0.8200164149448718 0.041830186471054326 0.08358751480456894
0 0.8629827730988575 0.40164335054466516 0.0396874029567257 0.07965630572725711
0 0.25347701901107816 0.4957345588311207 0.04037191113228447 0.08041565708594199
0 0.4222105625529815 0.7198125957366548 0.04263002501483144 0.08436847746555325
0 0.5926312106658406 0.39397890166907124 0.041347971529363294 0.08179904964858174
0 0.4213129747811945 0.8298294908935686 0.042770874894037185 0.08309480659422118
0 0.1488845440426454 0.17019298817203 0.03985732285778709 0.0800130103184032
0 0.482728744136263 0.07300550895421636 0.04086706136509163 0.07836135079615088
0 0.42377103137847777 0.389839219987161 0.04187891182026502 0.0825202289645406
0 0.8610398418035596 0.2975956738229805 0.03773756578890964 0.07698510285767231
0 0.7037724807648961 0.721265870484838 0.04071101304742862 0.08145114640441538
0 0.7025247142257864 0.3974481510920821 0.03987493033159189 0.077619231066641
0 0.9104727721788998 0.19739160461476352 0.037589554917435555 0.0761772344575187
0 0.13580320608610336 0.8227930489106696 0.041495961921837125 0.08172857111752324
0 0.965446671983707 0.40442267990165587 0.03718390542861544 0.07833219650964245
0 0.5928194247995867 0.28725045879604505 0.041171249676061485 0.08064908240790984
0 0.9132806411251903 0.30038039396235666 0.038780091843663336 0.07884843732710368
0 0.7560456802073207 0.29354653644888884 0.03905258873979952 0.0800051455374515
0 0.02973001967105544 0.5987262935699065 0.03788718463113873 0.08256330705086637
0 0.139747213045769 0.6023727073963283 0.04108672402925614 0.08350281045916004
0 0.3687264566340677 0.28088660298672424 0.04186663636948234 0.08221635033950575
0 0.8113308545149496 0.5060854146404417 0.0398226383774172 0.08046906490979606
0 0.7580225427979163 0.6123859224232637 0.04024056331702016 0.08182204934415167
0 0.7037046181743004 0.6125126425626399 0.04029871280584047 0.08048715856176633
0 0.6488345746043939 0.7210062894237006 0.04257152512684424 0.08304975903032388
0 0.9694287037621814 0.7184782049542693 0.03823359247563739 0.07905247746555324
0 0.3638766748555932 0.8290196530158438 0.04212377498682816 0.0814751308387713
0 0.8642977858102474 0.6133767816408784 0.03872195259434342 0.08115654934415178
0 0.6477963869534012 0.8306833484070364 0.040771724885255996 0.0832141905600192
0 0.47989078741818564 0.5001132508140197 0.042935249620054995 0.08229027312014406
0 0.8126479114282198 0.7204717049542693 0.04135045196236925 0.08039225903032406
0 0.8066892670591498 0.09010023761432676 0.03856014021733291 0.07496030633611732
0 0.26127142609153803 0.06704657208375799 0.03936622166937937 0.08073845660547176
0 0.08359915040877794 0.6008462637092824 0.041356648336885043 0.08203825414620589
0 0.9177114667895582 0.9308118032851982 0.03713189087731008 0.07592917499437483
0 0.8583700103874677 0.09380903881484033 0.03848255428546159 0.07496569711850275
0 0.5927135373901824 0.502104055422827 0.04206577509884094 0.0825657765284378
0 0.700690599107216 0.08406324102262047 0.0400787509400102 0.07612240532885063
0 0.7551087864422215 0.18837513958782812 0.03939140169277787 0.07932205188548132
0 0.08632989279919176 0.49108676136455726 0.04143841090633045 0.08273263463252578
0 0.31274626929906196 0.2812863811432013 0.041642586099890584 0.08142757559132241
0 0.09048110961446376 0.2766411365521255 0.04136906295968802 0.08193372689574893
0 0.1952816688438886 0.7156986255972787 0.04263191170825208 0.08725885461476349
0 0.24963642493960295 0.8267027747481832 0.04373499999999997 0.08505000000000004
0 0.09632108218190362 0.06396334899731819 0.039347277074281116 0.07829294704398997
0 0.6473080370741954 0.07902543982210694 0.040901325368432835 0.07981233879101532
0 0.9594528151448353 0.10183389462416118 0.03708891934794653 0.07089654862940264
0 0.19797360859697544 0.49515717083974836 0.04150840727305053 0.08331058725657031
0 0.9659026217421188 0.6133716408584929 0.03560662940186516 0.07638127459596818
0 0.8075909483544474 0.19189188788368122 0.03842747738514871 0.07841389317150003
0 0.24931867488359644 0.9368487998769044 0.041458774930821646 0.08217928762028305
0 0.9176094229036648 0.8259721564241373 0.03775752828671452 0.07961568715172539
0 0.5363861000551766 0.6103948678144565 0.043083250252028985 0.08419326437108725
0 0.30692591246019046 0.9379152734245741 0.04189460001922201 0.08272390365448495
0 0.909223840883602 0.09725800895421637 0.03758086787041355 0.07498086946565893
0 0.15126540137462013 0.06604071868520237 0.04005857721927673 0.07880404085756414
0 0.7031838681743005 0.9391013809380419 0.04036351304742858 0.0782133507498247
0 0.9176433541989625 0.718548428501939 0.039484841239692696 0.08131069930907589
0 0.648661324604394 0.5028382789704967 0.04139529994565312 0.08138700518854816
0 0.8117832237772271 0.6124529505797409 0.039897651720781066 0.08248554934415177
0 0.5930985622089912 0.18227870101322285 0.04145294943447314 0.08036526691241676
0 0.859318712653724 0.19424627073102943 0.03844393339519394 0.07729877830869218
0 0.9153577664271756 0.5084733020145332 0.037402841239692335 0.08100929016161271
0 0.5375319562900776 0.28579423865666903 0.040949761755477376 0.08038386056438698
0 0.47999258130407907 0.3914950792047756 0.04009651172747412 0.08106695421635733
0 0.648937649664791 0.6123827270320711 0.04194795006644719 0.08234510224881214
0 0.7019025367582082 0.18639022576140618 0.04001345069842101 0.07852888635491254
0 0.7538243926771222 0.08703192789307887 0.039311789706153046 0.07464756745112573
0 0.5918014854846493 0.9406295085438975 0.0421776967105545 0.08285793702267344
0 0.258845769615049 0.1729953187515718 0.04059956004513711 0.08244680618390224
0 0.2552801316016738 0.3873869998477849 0.041765535830299044 0.08185133818215512
0 0.1963874690854769 0.6045631510833742 0.04152461146666377 0.08470703571097676
0 0.8651959326871618 0.934143823377586 0.03858222092539248 0.07729877830869211
0 0.201646408593174 0.27796988655212557 0.040997182813652014 0.08168121889322688
0 0.07909483745579987 0.9313466377546293 0.042581299665620805 0.08229328080369563
0 0.1369829936163019 0.7132488508490953 0.041366361438660494 0.08394763617953442
0 0.31631215731243717 0.06802086557755689 0.03881765995234611 0.07951038147079453
0 0.14589603170279988 0.2773103902199482 0.03996091191470925 0.08036222622887212
0 0.13625046879749314 0.932807498676391 0.04156076216342545 0.0815088968378977
0 0.8654053672263393 0.8273011564241374 0.03927766506414485 0.08121479977763373
0 0.5368741999343826 0.39229169012653703 0.04157027446686707 0.08266017605988002
0 0.7582269117442068 0.9371754090945189 0.039819576028410006 0.077008625498008
0 0.8649892234612401 0.7201394549542693 0.03927510271513755 0.08131609009146157
0 0.481724611446612 0.17809823827613136 0.04024167128777503 0.07888710936982965
0 0.3116739003527715 0.3885779981436381 0.04171044869048628 0.08211556002567805
0 0.4254332940898675 0.2828742122043388 0.042161111578676656 0.08142657559132241
0 0.42626686279456966 0.17577978889094786 0.040785923323713134 0.0811329785310585
0 0.20632335038586563 0.06692884946164859 0.04047006907703888 0.07864029707544191
0 0.8125818300121279 0.827833545502376 0.04038856394899423 0.08122069056001924
0 0.2565953943130636 0.27949546561263255 0.04163031064910791 0.08102240665245991
0 0.9641640593931113 0.3026332250234941 0.03821415603258614 0.07753021889187438
0 0.8123009114282198 0.9363166607986658 0.03955015172078087 0.07899723471562288
0 0.9617897725308414 0.20152612142790965 0.03789078327439981 0.07650461277812338
0 0.647900743188302 0.9396310746250877 0.04125701241545451 0.0798021818109622
0 0.19261030625329295 0.9355897734245742 0.04143781243301699 0.08283789683789754
0 0.7587109180999018 0.8285631282676603 0.041064163800196805 0.08215041240354189
0 0.2034626027357695 0.17082750200063052 0.042346 0.08106300000000001
0 0.5373951999343826 0.17929139640441558 0.04122939916488172 0.08074398193935221
0 0.7038908344668777 0.8291191780236916 0.04120968399916445 0.08312265886619634
0 0.5377771624041839 0.07597599783920796 0.04088702386289627 0.07689011694749238
0 0.3141008380037642 0.17345967967333326 0.03992652254294183 0.08125775327924187
0 0.19334104989759807 0.8256482425977156 0.04289929972162722 0.0826739653082025
0 0.8645756420451481 0.5076737457015791 0.03983081518493898 0.08099850859684188
0 0.20004069374201025 0.3861435101085812 0.040563040478266546 0.0829857750452421
0 0.37028564428506033 0.17438890151685613 0.04055981070511422 0.07993953484401259
0 0.14440578890149366 0.38507385655538445 0.040760850159299936 0.08084646793884877
0 0.42758518785496674 0.07134042018636415 0.04120997296133064 0.07926672275681318
0 0.37153279440585457 0.0689476420298871 0.04056493540312909 0.07871671594022575
1 0.2534284279034504 0.4992313873740917 0.003147555565312464 0.0041844436870457965
1 0.13391628991807847 0.9333791599846464 0.00487042971536279 0.004705988908154568
1 0.8035251129985439 0.09253034260962793 0.0034463506951022274 0.011243797845164213
1 0.7534333950930052 0.2961092523659515 0.005998790186010326 0.010698729983719665
1 0.9058550678767056 0.29703822420947446 0.0037285606930139536 0.010429117357811291
1 0.9712527567933434 0.6117401215348297 0.003753186427556661 0.009474979230508461
1 0.8057201533858944 0.6042161050466699 0.003615642716649417 0.0053393450403417505
1 0.7043544890728456 0.8534758352660942 0.008251851754828367 0.009277251927537132
