0 0.5733864724102911 0.35647493430753024 0.04233827995937694 0.07868512401263819
0 0.5736006085813122 0.26015932293862565 0.04107393212538659 0.07858944629852573
0 0.6233982541039103 0.3561982444384016 0.04038147774065724 0.07813174427438084
0 0.5740550712593094 0.4525501716692997 0.041982857481381024 0.07994565666140079
0 0.3763008684834123 0.1619855110584518 0.04170126303317535 0.08053697788309636
0 0.47337211994609163 0.7400638328092243 0.041715601078167096 0.07977389203354304
0 0.7224069635036495 0.26137108313057583 0.03879202919708037 0.07604204460665048
0 0.22654405941096822 0.45121066982622426 0.04093510595802309 0.08138066034755133
0 0.524478634901828 0.06846077738283303 0.04100195497630322 0.07779504081095313
0 0.6731661431568199 0.3561193364281459 0.03920635537254284 0.07715112677940933
0 0.6729468000226408 0.16525869724969475 0.03961397919220104 0.07803253404651965
0 0.4239869076819407 0.739633253144654 0.042338707547169764 0.07809381236897285
0 0.475598586154367 0.3565642854133754 0.041413827691266086 0.0805094291732491
0 0.7710158355795148 0.740099253144654 0.041484164420485165 0.078206892033543
0 0.9658526179401994 0.26268883957795003 0.03940180287929138 0.07991040956072352
0 0.6730929581451102 0.26080385545886964 0.039059985349123645 0.07823290839009317
0 0.4258120722748815 0.3552109306213796 0.041705390318212514 0.0819167269615587
0 0.7216327041778976 0.6449572830188679 0.040005637466307316 0.07873138993710693
0 0.9659336248615724 0.35657444552110246 0.039685906423034316 0.0802135120585702
0 0.8687624100221484 0.4530107639965547 0.040750179955703306 0.07968647200689065
0 0.3758695583953961 0.3538772817272248 0.04210810798916721 0.07924942917324908
0 0.32741987593094113 0.25883819694576093 0.04211124813811783 0.08252960610847816
0 0.7230274365267434 0.3578035868878357 0.04118012694651309 0.07969682622432867
0 0.6737665001692621 0.549371603870458 0.04167653452945166 0.0794073730911005
0 0.7223178764387271 0.5487018557135335 0.04145362694651311 0.0797134797261717
0 0.6238945941596279 0.2608193672899455 0.039681537676060176 0.07990953500116539
0 0.7221336132075472 0.7393963527253667 0.04184977358490554 0.07925785220125793
0 0.6245360851387949 0.45210162019483935 0.041810829722410146 0.08233975961032117
0 0.7219789656334232 0.8356543626834381 0.04154047843665773 0.0793275932914045
0 0.02763231787406906 0.5463704053449183 0.04087736425186188 0.08081018931016329
0 0.5228359117250674 0.7408248836477987 0.0399861765498652 0.07883923270440253
0 0.47563608615436703 0.2599296987888362 0.04148882769126614 0.08059860242232757
0 0.3757384246784022 0.4510874694576093 0.04226899559918752 0.08195706108478149
0 0.6235404272237196 0.6445474135220125 0.041344668463611865 0.08118733228511546
0 0.373771403351388 0.7391810289626118 0.04172019329722408 0.0788919420747762
0 0.5252456000338523 0.26045684952606635 0.03957379993229517 0.0800073009478673
0 0.1772024118144888 0.35389973209583986 0.04338586628300608 0.08176273433385993
0 0.8210833594304466 0.2616675980560428 0.03965107756788007 0.0766350744575844
0 0.9167269930786267 0.8342332015503875 0.042202601882613475 0.08174159689922472
0 0.7717160802301963 0.5483458060821483 0.03911597901150969 0.07900138046340179
0 0.918148034883721 0.3583122463393626 0.04123793023255818 0.0793775073212748
0 0.8691386428571428 0.26327872868217056 0.04011837098560359 0.07974436520241178
0 0.6228583591644206 0.7389092730607967 0.04166516846361189 0.07828369287211748
0 0.7718063495828987 0.261904354622871 0.03852927893639203 0.07647497039740471
0 0.17707295057549086 0.45005161650868875 0.04270378876100203 0.08317656108478136
0 0.3258123933649289 0.4510037690889942 0.04143521327014216 0.08261246182201167
0 0.22494315436696008 0.8356880144813059 0.041541691266079865 0.08101597103738811
0 0.3236355231888963 0.8360918141126907 0.04258248849018281 0.08182357030015809
0 0.7228001477657414 0.4524352213006845 0.04114870446851729 0.08053855739863078
0 0.5246964062288423 0.3562865354133754 0.04059118754231546 0.07995392917324912
0 0.9180232677187153 0.26312804521963823 0.03960412126245834 0.08078882084409988
0 0.8687851600221483 0.0714856208010336 0.04079567995570323 0.07837175839793281
0 0.07468401777251185 0.8359666137440759 0.04230980941096817 0.08075036808846775
0 0.2751739531144211 0.7386234774881516 0.043831318551117146 0.0810680450236967
0 0.5729169252021564 0.7397247730607965 0.041596990566037766 0.0782768522012579
0 0.5233383719676551 0.6434364334381552 0.04141225606469011 0.08060321278826017
0 0.5243401174678401 0.4525972213006845 0.040301765064319484 0.08086255739863087
0 0.5731492149595687 0.6440816635220125 0.04206157008086241 0.08189367295597498
0 0.07793831042654029 0.35275207951553444 0.04204791401489506 0.08193583359662979
0 0.17467981296547055 0.8356019152185361 0.042995374069058886 0.07919816956292793
0 0.2772399008124577 0.35353098209583994 0.04246219837508462 0.08184803580832017
0 0.7720259678402167 0.3572195850447604 0.04058206431956677 0.08017442548709845
0 0.22488521056194988 0.7399424793312269 0.042272113744075794 0.0795920413375462
0 0.9647850492801772 0.7391387947889749 0.03934307751937983 0.07794920887166236
0 0.6722721623989217 0.8358071325995806 0.04109924393530997 0.08127097379454934
0 0.8206084836655592 0.4532815805340224 0.041341552048726374 0.08090101636520251
0 0.22776152064996616 0.25860964731437597 0.04337002843601897 0.08124970537124802
0 0.9173381647286821 0.7388908895348837 0.03996425858250287 0.07879922093023269
0 0.12701685917400135 0.35333593062137963 0.042033041299932294 0.08228073433385995
0 0.3255773546039269 0.5469809549763032 0.041811445836154294 0.08120848709847284
0 0.47442944854434677 0.5469978538704582 0.04119132769126616 0.08124228488678259
0 0.42325736792452834 0.8347941525157232 0.0421431051212938 0.08170177463312367
0 0.573740413021093 0.16484002093672584 0.040507230916932105 0.07719518142058181
0 0.12663543669600538 0.5469972068193787 0.042116506431956656 0.08041818931016337
0 0.32471525575490856 0.6430327916008426 0.04135671327014216 0.0799538138493945
0 0.4235213281671159 0.6440018029350104 0.042671025606469015 0.08009611111111128
0 0.8692379568106312 0.3581570305770887 0.04031699889258025 0.07973998708010338
0 0.4763667907921463 0.06700072406529747 0.04125761679079213 0.07816614007372302
0 0.6232878525727826 0.5484601057135335 0.04227644989844279 0.07758437677725134
0 0.7717690240352065 0.16545056437598735 0.04006817670954642 0.08006187124802532
0 0.6734802714962762 0.06913682885729329 0.03941145700744743 0.0783243422854134
0 0.12818447935003385 0.2558612943654555 0.0409830412999323 0.08233541126908903
0 0.6735633664522681 0.4532161201948394 0.04084711205145562 0.08210035518694066
0 0.2776645732904536 0.16213995958399155 0.04161892315504398 0.08166867640863613
0 0.2743981856804333 0.9345327022116905 0.04185662863913332 0.08287859557661904
0 0.6732914292452831 0.6442847631027253 0.04229545956873315 0.08148095178197066
0 0.4734544494609164 0.8368682232704402 0.04145910107816714 0.07929855345911946
0 0.7706601381401618 0.9324651226415095 0.041193928571428576 0.08132175471698112
0 0.030147306253832003 0.06323040295660468 0.038068984058859584 0.07802852169766333
0 0.37461574056510166 0.5467591516803307 0.04044678241659463 0.07747367460868698
0 0.12424483784698713 0.8357485144813059 0.04283632430602573 0.08113697103738805
0 0.4253884385578876 0.45151581872037916 0.041704432972240975 0.081990958135861
0 0.12755529004390642 0.1612458336542612 0.039368703938211395 0.07884002210108322
0 0.12535632041299935 0.6432135912322273 0.042520359174001356 0.08278381753554509
0 0.42588611103588353 0.25933924842022116 0.04269977792823286 0.08024050315955768
0 0.026824451591062965 0.7383236263823064 0.03883847664184158 0.07882273986308598
0 0.22841648578199053 0.06435282332806738 0.04214102843601893 0.08109835334386523
0 0.672770281671159 0.7402679234800839 0.0420954824797844 0.0777253123689727
0 0.1751895242044685 0.7391673285939967 0.04232217637102233 0.07968734281200637
0 0.17828402820355607 0.06519730567477347 0.040044451256897595 0.07823676680972817
0 0.326017932125931 0.35410298209583996 0.04142313574813815 0.08299203580832017
0 0.32721391469194316 0.1622707610584518 0.041276170616113717 0.08110747788309641
0 0.5738020816080054 0.5491532937466452 0.041280836783988965 0.07775841250670959
0 0.6240445076167908 0.16535221511321746 0.04167398476641842 0.07821956977356508
0 0.9167722430786268 0.9315078361326442 0.0419470332225913 0.08114659388458238
0 0.028462800440081246 0.44991756872037914 0.039999399119837506 0.08126286255924167
0 0.5237767686188218 0.5474293060821485 0.04002137745429916 0.07799118193786203
0 0.966225272425249 0.0730848042635659 0.04014711184939078 0.07955139147286822
0 0.9178533803986709 0.16624463845822568 0.04168682724252487 0.07880172308354866
0 0.5252047337508464 0.1642969136387572 0.04076153249830727 0.07940017272248551
0 0.9657913405315615 0.5470643981481482 0.03962440642303408 0.0807743044788974
0 0.8194905869324474 0.6441443260120585 0.04118217054263573 0.07906707579672693
0 0.8195886306755259 0.9329252030577088 0.04207039534883715 0.08128968260120573
0 0.4737788699460916 0.6435772830188679 0.04210794204851749 0.08088491194968551
0 0.3762963859174001 0.25855114547130065 0.04253860798916718 0.0827783046340179
0 0.9657861791251385 0.16792588845822565 0.04030713122923604 0.07947257795004306
0 0.17688754553148273 0.2567295443654555 0.041909823628977654 0.08078070537124807
0 0.2271052532159783 0.35426838283307 0.041211183480027 0.08167723433385997
0 0.0785561005518087 0.06407963757749165 0.03908645003065604 0.07823676680972817
0 0.5223650424528301 0.9327828527253668 0.040307915094339515 0.08113829454926602
0 0.4754823923493568 0.162857112164297 0.0416045951252538 0.07981177567140602
0 0.2255416384563304 0.6427560558188519 0.0414691943127962 0.0818687467087941
0 0.3245141220379147 0.7391707293312269 0.040108135748138096 0.07804854133754603
0 0.7711211253369272 0.6446950340670858 0.04169474393530998 0.07902581236897276
0 0.8198396993355481 0.8355268184754521 0.04153432668881497 0.08029136304909566
0 0.029476605763335377 0.16063854923700524 0.0374939840588596 0.07613522913686216
0 0.27403628063642516 0.8353760641126907 0.04282543872714959 0.08121487177461824
0 0.17610333429248476 0.5456160046076882 0.04288033141503043 0.08094699078462358
0 0.27693665081245766 0.4503080687203791 0.04185569837508462 0.08204386255924169
0 0.1277226305010156 0.44910081687730385 0.041328808733920114 0.08127496182201163
0 0.026767029113067026 0.835636915218536 0.03956994177386594 0.07926816956292783
0 0.2778676508124577 0.06511802369668243 0.04329454333107649 0.0818059526066351
0 0.7719610414691942 0.45345737203791464 0.041721676709546275 0.07929165297525011
0 0.6710429636118598 0.9327925120545073 0.041167800539083386 0.0811576132075472
0 0.07553792281651997 0.7384274774881516 0.043171309410968174 0.08067604502369669
0 0.12461432041299934 0.9320581011058451 0.041036359174001356 0.08039779778830969
0 0.5720306514296575 0.9328010771112186 0.041509079139638465 0.08035582298554012
0 0.7711016403182126 0.07046763033175353 0.03957971936357479 0.07769473933649293
0 0.9177914490586933 0.45260103617571046 0.04017868992248056 0.07953992764857877
0 0.2755797224102911 0.5468996840442337 0.042103926878808394 0.08022314375987359
0 0.7228539752877454 0.07002077922590834 0.04083320446851723 0.07844664007372305
0 0.820682388150609 0.07084943733850128 0.040797223698781894 0.07911812532299743
0 0.8684758241971208 0.7401367342807924 0.03983093964562566 0.07725344272179156
0 0.9642914366002214 0.9306587413867355 0.03904798947951288 0.08079422695951798
0 0.9178141544850498 0.07217628165374676 0.0411020343300111 0.07972689405684753
0 0.07482217281651997 0.931679700368615 0.04131665436696005 0.0812865992627698
0 0.07734756042654027 0.449608417983149 0.04213587914691941 0.08229016403370194
0 0.8197749562569213 0.7389972499999999 0.041305569213731984 0.07710347588285958
0 0.9174669388150608 0.5477168699397073 0.04041219102990031 0.07879644961240305
0 0.02917016672308734 0.25579884399684044 0.04014466655382532 0.08303331200631911
0 0.1754043517264726 0.6442959423380726 0.04190552132701423 0.08083451237493418
0 0.028822127962085307 0.3531090813586098 0.03987174407582938 0.08100423433385989
0 0.32335629451591064 0.9332078511058451 0.04033141096817867 0.08269729778830953
0 0.5743968987813135 0.06767737848867823 0.04139704739336482 0.07622824302264354
0 0.47530056482735267 0.45157041982622426 0.04081778503723759 0.08127735887309108
0 0.8196714219269103 0.5471155977605512 0.040820500553709844 0.08067190525409125
0 0.9660893754152825 0.453363197459087 0.03987531782945755 0.08039133893195534
0 0.8206153100775193 0.1663773148148148 0.03997093023255818 0.07772125322997415
0 0.4727935633423181 0.9336719832285116 0.040979646900269624 0.08045979454926645
0 0.1245836653689912 0.7384069756450763 0.04266766926201761 0.07981223986308587
0 0.42454222342586323 0.5472569549763033 0.04255093297224103 0.08011488414955249
0 0.3766992735274205 0.06581357517114268 0.0408054529451591 0.07990584965771462
0 0.32722420345294523 0.06540767443391256 0.0408735930941097 0.08073965113217486
0 0.7231463202437374 0.16592711400737226 0.04099473933649297 0.07854656608741442
0 0.6224251061999545 0.9322783779593921 0.040798662534680015 0.08012934501731668
0 0.5717316583557951 0.8364257720125785 0.04259572911051208 0.08087041194968542
0 0.27550205196343946 0.6423738908636124 0.04279489607312118 0.08192721827277527
0 0.6227751886792453 0.836061362683438 0.04107766846361187 0.07932267295597484
0 0.9175526990586933 0.6434597327734711 0.04177760188261358 0.08038953445305767
0 0.6237697963777928 0.06869012848867823 0.04070140724441436 0.07825374302264354
0 0.9650234977851606 0.8342534071920757 0.039127837209302435 0.07909036304909556
0 0.07752794414353419 0.2563038421537651 0.04249664658090723 0.08322050684570828
0 0.22575321597833445 0.5466939836756186 0.04189234935680433 0.07898894154818326
0 0.07704598290453622 0.5467023557135334 0.04237903419092756 0.08065128857293313
0 0.8683632452934662 0.6437442323428079 0.040682147286821645 0.07919435185185186
0 0.128452186348764 0.06332798700524558 0.03886329360494681 0.07896880185979971
0 0.22809294702098848 0.16161531068983673 0.04191710595802302 0.08061937862032649
0 0.42677067112389977 0.06573892627698787 0.041506812796208485 0.07728814744602426
0 0.17776289438050102 0.16156090995260664 0.04281421123899796 0.08215618009478676
0 0.22442882684495602 0.9329142518430754 0.04135934631008801 0.08046449631384946
0 0.770983626684636 0.8357863029350103 0.041419746630727665 0.08041039412997907
0 0.3746475583953961 0.6444782934439178 0.040510418077183474 0.08119921458662462
0 0.27803909461746784 0.2581361969457609 0.04194481076506428 0.08112560610847816
0 0.9657746076965671 0.6433827101636519 0.03965787209302322 0.0805903074935401
0 0.8693169786821705 0.16683659409991386 0.04047504263565896 0.07863981180017227
0 0.17423181296547055 0.9318899007372303 0.0420993740690589 0.08088419852553978
0 0.07500636272850371 0.6426699404949973 0.04253134427894379 0.08087371458662465
0 0.5217191171642823 0.8361992245394366 0.03943722354689336 0.07959839666797218
0 0.8686440124584718 0.5475073477605513 0.04046668161683269 0.08123422782084401
0 0.4260108222748815 0.16324531253291202 0.042102890318212516 0.07976537493417589
0 0.025648852742044682 0.9318906011058452 0.040295674339878136 0.08006279778830973
0 0.027090240352064993 0.6430610930753027 0.04063951929587 0.07836481384939434
0 0.7207338975741239 0.9324047421383648 0.041998455525606354 0.08120099371069164
0 0.37359557582938385 0.8358018637440757 0.04221484834123217 0.08206647103738815
0 0.820680949335548 0.35800862941429795 0.04114041472868217 0.08011609603789832
0 0.8687661085271318 0.8345603850129198 0.04006543964562569 0.08037722997416018
0 0.8684627040420819 0.9314970861326444 0.04015076799557034 0.0797792713178295
0 0.37314895954637783 0.9338354522116903 0.04259108090724441 0.08148409557661908
0 0.07808998605150214 0.16010193717215065 0.03930382250153279 0.07878756533142584
0 0.4222799588948787 0.9329163328092243 0.04229408221024258 0.08058633438155145
1 0.23136142975626273 0.4438677581621905 0.004440309072444088 0.0073572956819379295
1 0.7678285939404198 0.058250711295418624 0.004204017264725784 0.010094812269615542
1 0.31915011052809755 0.44847616258557127 0.0032028256601218884 0.011305310426540297
1 0.5234244723719677 0.9323159229559748 0.007691149595687412 0.016428164570230663
1 0.9122922245293467 0.931702531438415 0.006118762458471747 0.010652861326442793
1 0.9137099916943522 0.3492970848406545 0.004321434108527151 0.013345968130921617
1 0.47000253588354773 0.2537664378620327 0.004053831415030373 0.013185265402843555
1 0.22374157312119158 0.8348388068720379 0.005715905890318216 0.006253797525013205
1 0.7665124001354094 0.15152784386519216 0.007259559918754377 0.00702527593470248
1 0.7675001113744075 0.2510048845444971 0.0040146723087339355 0.012125960242232755
1 0.9685983718161684 0.056945108527131784 0.005632713732004342 0.013290015503875959
1 0.523800712593094 0.44779771037388094 0.006054634394041918 0.006902604528699236
1 0.07427697528774542 0.733701117298578 0.005474485443466483 0.00858841837809374
1 0.12287885155721057 0.9327607979199578 0.004326927894380514 0.016110184044233873
1 0.7697812783018868 0.5506442547169811 0.005627807277627994 0.01408098742138364
1 0.5716745849695328 0.1633741563981042 0.005093619498984582 0.012953503949447078
1 0.42579052493261454 0.7308011310272536 0.005014300539083548 0.009178660377358384
1 0.8687716317829457 0.9297913479758827 0.00525850830564778 0.013802316968131043
1 0.13000669075829382 0.3556981292785677 0.005727986120514572 0.008439839389152147
1 0.1777052395057549 0.4465942085308056 0.007233393703452963 0.006841203791469228
1 0.6203138402964959 0.7463365644654087 0.008487885444743982 0.00922676624737938
1 0.6244190559299192 0.6349124617400418 0.007437157681940728 0.010966481132075422
1 0.6286378392010833 0.44648685926803583 0.006265283006093471 0.008701505265929388
1 0.818801688261351 0.44604519724375535 0.005876689922480592 0.006246168819982757
1 0.7191972762803235 0.7370424627882599 0.0099292345013477 0.008979801886792494
1 0.2272342586323629 0.06844062664560292 0.008463100880162498 0.011107819905213269
1 0.5257705801886792 0.7453762945492662 0.005525888140161836 0.014422987421383678
1 0.3297267036222072 0.6443912384149552 0.00490001184834133 0.014419866508688785
1 0.7213329889979688 0.4596721699578725 0.007486357819905314 0.007014928120063126
1 0.5745360539083557 0.6435575634171907 0.006546153638814087 0.010873604821802847
1 0.07975988811780636 0.9351339982885728 0.005510690927555853 0.01136378330700379
1 0.8131664404761905 0.14927884797588284 0.007803331672203687 0.013673139534883742
1 0.7222853940419769 0.35009862190626645 0.0068510128639135 0.008119633491311222
1 0.0301399730873392 0.06076301829910477 0.007001705822613407 0.02070342627698785
1 0.6696153200744753 0.3504338241179568 0.006402399796885609 0.009094832016850931
1 0.7662398921832885 0.9242378810272535 0.008498989218328847 0.008016638364779874
1 0.12835805314827353 0.25525989007372296 0.005640020988490185 0.016780772775144805
1 0.377031144211239 0.16121149289099523 0.0071936357481381 0.010696419167983152
1 0.2225717242721733 0.7347250180358083 0.005093518280297918 0.013123028699315437
1 0.9118823543743078 0.16580692248062012 0.004169953488372004 0.012916732127476299
1 0.6694897742587601 0.5389913721174004 0.007423753369272288 0.01036238155136261
1 0.031508705653351385 0.5335428870458135 0.009342101218686527 0.01149176671932592
1 0.17754066198375082 0.35030912190626645 0.009255168923493606 0.00852143496577145
1 0.37511145971563975 0.3523069766982622 0.0038393689911984043 0.01604494602422325
1 0.02959676184834123 0.3502419233807267 0.009357593432633718 0.011124236440231675
1 0.17716981313473257 0.8374407609268035 0.004495851049424537 0.014214713006845514
1 0.8212435487264672 0.24921057730404822 0.007914342192691087 0.009626864341085284
1 0.27886040098171966 0.3475741219062664 0.00507540656736631 0.013168633491311204
1 0.27452183480027087 0.734292719852554 0.00698205822613406 0.014810426540284341
1 0.4247280123561273 0.4537099162717219 0.007432939404197723 0.011534222222222112
1 0.08074274272173323 0.059235900605581863 0.008726514556533513 0.009977198788836275
1 0.7186402082210241 0.6319457316561845 0.004725985175202295 0.017718861635220108
1 0.9125372588593575 0.7245649437984496 0.007359037098560504 0.011087597329888016
1 0.37413553723764387 0.7388296706161137 0.00875329925524712 0.008204929436545506
1 0.37190845582261345 0.4438709070563454 0.0068601364251861694 0.013933409689310129
1 0.029876662999322953 0.14851104423380723 0.0054125507786052865 0.017172882569773548
1 0.5220659838274934 0.6394724329140461 0.00703885444743934 0.012492503144654084
1 0.07559557413676371 0.839558264612954 0.004953062965470562 0.0173849189046868
1 0.6194140174339878 0.16663891008425485 0.00609410460392691 0.014652011321748265
1 0.9670859330011073 0.35130790740740736 0.004850836101882651 0.015380524547803611
1 0.8712416907530454 0.06843589879414298 0.009316175526024446 0.00982286218776915
1 0.6184183236289778 0.2543508385992627 0.006392872037914746 0.015307669826224371
1 0.668062009986459 0.06736707345971563 0.004854314488828696 0.021482941021590266
1 0.42518510731211917 0.34504547116903633 0.0048261293161814935 0.019048736440231688
1 0.12682932058226135 0.6368585821484991 0.00573540081245767 0.016320355450237085
1 0.8647674869878184 0.2577287284668389 0.006345424695459606 0.012104989233419418
1 0.5273100226811104 0.05781496129541862 0.007922270142180159 0.013434716692996285
1 0.4758017884097035 0.7345690225366877 0.004806463611859816 0.017202363731656116
1 0.9623529695459581 0.26171694013781216 0.0070493211517164206 0.010184767441860476
1 0.9147730775193799 0.2592154401378122 0.003579537098560134 0.017206501291989675
1 0.8184523084163897 0.9332671927217916 0.011074342192691131 0.008869361326442437
1 0.66957352425876 0.8373460235849056 0.006835094339622673 0.016378445492662465
1 0.725217679245283 0.5461037636268343 0.008838563342318041 0.011697084905660323
1 0.07876167687880839 0.3478847211690363 0.00708395836154368 0.010079030542390665
1 0.865235538482835 0.4474152032730404 0.008523939645625539 0.02032893884582259
1 0.28108073798239674 0.15298347814639282 0.008674678402166538 0.008228014744602429
1 0.6751353666215302 0.251728684175882 0.009326423155044138 0.007387155081621897
1 0.02681456990521327 0.742878560294892 0.00919786018957346 0.016348879410215962
1 0.7199630545822103 0.8366061829140461 0.011345791105121248 0.010487843815513523
1 0.22854500338524036 0.153822448657188 0.006687921462423851 0.014778088467614525
1 0.4715285397765742 0.35437087927856764 0.00692599424509126 0.016031148235913624
1 0.326957143534191 0.24887883122696156 0.009592821936357458 0.008972853607161626
1 0.6740859851049424 0.1556575829383886 0.010155721056194977 0.010285018430753023
1 0.7210141497968855 0.2562568238546603 0.007532700406228798 0.01730235229067932
1 0.16185680433310767 0.03593996840442333 0.006347325660121861 0.00699381253291206
1 0.13022596479350032 0.15236637704054765 0.0048662830060934225 0.007816614007372324
1 0.17829162055695896 0.26126515745615597 0.00402470843140339 0.007215293118716973
1 0.3816908199431513 0.5470863216631712 0.0029521448124110554 0.010734544667338536
1 0.17809192896190829 0.5435860336217597 0.003935189695230917 0.008168327107666289
1 0.275156567366283 0.6314425355450236 0.004019972918077233 0.01151922064244341
1 0.17973510494245093 0.935261979989468 0.0027505077860528106 0.010285018430753072
1 0.2261763710223426 0.937936084781464 0.006347325660121836 0.009873617693522895
1 0.5224649962441203 0.3599954252982336 0.0031697699820681584 0.0070149556848735604
1 0.47662567385444743 0.8332514412997902 0.003579851752021515 0.011464884696016833
1 0.5740186994609164 0.8428737552410901 0.005896226415094422 0.0061419025157232925
1 0.6236101752021564 0.925175248951782 0.005685646900269501 0.013512185534590966
1 0.9608596345514949 0.6392657192075796 0.005537098560354333 0.010766580534022413
1 0.9612057032115172 0.7296040590008613 0.006575304540420745 0.009757213608957748
1 0.9175145348837207 0.8340735357450474 0.0050179955703212285 0.008074935400516835
1 0.4260560403138528 0.824214494825708 0.005571902056277013 0.005506195533769088
