0 0.5027688678543349 0.2760164851255549 0.041008264291330074 0.07664702974889018
0 0.738339816012687 0.7033848216086417 0.04038550016855029 0.08040935678271656
0 0.6218618597306744 0.7053728966449487 0.04217169201289992 0.08174019316080591
0 0.4451534142748083 0.7086064303871552 0.04256917145038343 0.08326113922568955
0 0.15226557105547114 0.7093463273424458 0.04191514211094224 0.08345965468489155
0 0.6739369365279219 0.17125503095806002 0.04009041077675112 0.07748654107864573
0 0.21014432062937705 0.819257419447353 0.04145780725888515 0.08387377808080564
0 0.796633189274779 0.9177040156880547 0.04024562145044234 0.07912096862389113
0 0.3858856735697275 0.7091588127222332 0.042534652860544905 0.08215737455553343
0 0.32687193451112656 0.7098487281410809 0.041014130977746865 0.08077654371783825
0 0.03753598890759379 0.7098213273424457 0.04077397781518757 0.08250965468489176
0 0.5043592638084996 0.7076110411948088 0.04272747238300089 0.08145491761038225
0 0.096276 0.6001900000000001 0.041645999999999996 0.08167100000000008
0 0.38676606314733997 0.8193643852558582 0.042871141597256246 0.08281985026171079
0 0.6215889037953158 0.5963859724305408 0.04244464794825843 0.08174019316080591
0 0.9636289550812069 0.9095663896438405 0.03746508983758609 0.07830322071231897
0 0.9607367495097029 0.5911957183389018 0.03835050098059418 0.07876656332219649
0 0.796180145160696 0.8100798611838573 0.04115170967860801 0.08164527763228548
0 0.6229020774093305 0.9237789420325998 0.0417998451813392 0.08026711593480074
0 0.7944220604031013 0.5940210781319853 0.04172987919379728 0.08018478099712452
0 0.38598270341715757 0.5996157158947857 0.0418741383042968 0.08061132092139847
0 0.9087660335261434 0.9124711868875272 0.03841993294771348 0.07819162622494592
0 0.5634402217787446 0.7067392441406302 0.04215355644251076 0.0812985117187396
0 0.44587411551565004 0.8188122529207801 0.042586283513553556 0.08226771792663264
0 0.03766426243140969 0.8183850152034751 0.041281475137180626 0.08212896959304981
0 0.04075358288979068 0.494584730102299 0.04020151006922197 0.08008593003844669
0 0.5638899387302636 0.8164454719325605 0.04223412253947288 0.08220805613487919
0 0.680743986864678 0.7048638843475467 0.04174602627064399 0.08125123130490675
0 0.3275357199902009 0.819789263146271 0.04262656001959824 0.08311747370745824
0 0.21047679707659644 0.7097358094509515 0.041564405846807026 0.08290238109809715
0 0.9040300579076017 0.48726678253140654 0.03985156656235201 0.07724315988011439
0 0.739588 0.919278 0.04066600000000008 0.079772
0 0.5038084176880905 0.5992958174945177 0.04217169201289992 0.0796239422051864
0 0.039441 0.600665 0.040665999999999994 0.08262100000000011
0 0.9623773935057858 0.6972475259545029 0.03870485187186701 0.07895331760296943
0 0.3275867962581042 0.929376753020164 0.04215899638799949 0.08254378409417171
0 0.5642534915029058 0.9259210749920462 0.042487016994188394 0.08168085001590761
0 0.6226704848297915 0.8150994248783817 0.04160529472826554 0.08110315024323655
0 0.5046272854941662 0.8184600570858696 0.0418987360775413 0.08041753631354377
0 0.4463195991172814 0.9287477811094861 0.04283474864510159 0.08159319857521494
0 0.15235966742602855 0.818724484916248 0.0411886651479429 0.08334903016750424
0 0.7372077092227717 0.5949469379250689 0.04085084594230542 0.07992024962767214
0 0.681529 0.921178 0.042136000000000076 0.079772
0 0.9636106921198946 0.8034135759815586 0.038480615760211036 0.07788184803688283
0 0.09420886062220214 0.9273734406687717 0.0418622787555957 0.0825751186624568
0 0.6813301817838763 0.8132235650852981 0.04182659236760611 0.08105486982940364
0 0.38669484862641434 0.9295147861039333 0.04244385447170218 0.08226771792663264
0 0.09435559631541997 0.8184457377239903 0.041876572988772884 0.08225041463408035
0 0.09470456775699307 0.7091392656444888 0.04145780725888516 0.08279153578298878
0 0.15372281602086013 0.6014235354217904 0.04140236795827973 0.08110292915641927
0 0.5039498299054617 0.4898089140345796 0.042454516447642324 0.08021117193084094
0 0.03614715986102566 0.9276169295162648 0.041039041528997434 0.08197985405962609
0 0.8502577386419623 0.5930793303123851 0.040397478433069144 0.08041753631354377
0 0.5048704055964812 0.9277083134447339 0.041705188807037614 0.08190637311053232
0 0.907987918970301 0.805630285667426 0.03821383095020049 0.07909487946628152
0 0.7387212939803662 0.8123517680311194 0.04142141203926743 0.08089846393776098
0 0.6795033580424419 0.5958966879250689 0.04144841610904038 0.08076162414986222
0 0.21131576851816958 0.6008135051345634 0.04184646296366085 0.0804239897308735
0 0.9064866613258289 0.5922857362040278 0.03903269875627625 0.08041753631354377
0 0.8531820880551805 0.91545825971075 0.041494176110361235 0.08162751942149998
0 0.7953935956348887 0.702066254526793 0.040670434368427655 0.07935941083573401
0 0.3864155316534303 0.3827378400417412 0.04245493669313947 0.07972731991651757
0 0.5629222658433861 0.598036329087605 0.042209468313227895 0.08027934182479023
0 0.2686240518897485 0.8197288623975795 0.04187989622050296 0.08134027520484104
0 0.15200567846329732 0.9286991718140816 0.041876572988772884 0.0825209752085345
0 0.09897099999999999 0.386515 0.04115599999999999 0.079772
0 0.445683272358511 0.5995549946332738 0.04248945528297799 0.08104201073345267
0 0.9016416934732141 0.38158650043515413 0.03916917672395551 0.07856581672737659
0 0.2686554083269715 0.9297465297378475 0.042797183346057 0.08162694052430489
0 0.6787404021070834 0.4883298512956747 0.04183319578583328 0.07936929740865066
0 0.5035578774654468 0.3827657412928731 0.042586283513553556 0.07923099008370328
0 0.3274645054692752 0.5998917115495043 0.042768989061449554 0.08226757690099158
0 0.445125 0.4900280000000001 0.04262599999999997 0.08167100000000002
0 0.7342644075136581 0.380973983296828 0.041515184972683986 0.079457033406344
0 0.8530130183733464 0.8078615170754998 0.040175963253307204 0.08038296584900013
0 0.15394351393861735 0.4923189764118527 0.041351027877234714 0.08245295282370539
0 0.7357220804005355 0.48846236698040085 0.040882103586777456 0.07963432877810302
0 0.5614663923920103 0.3810984246228936 0.04218121521597944 0.07920915075421282
0 0.5623763539726689 0.4891475856109484 0.042482424248586406 0.08153382877810303
0 0.2684104083269715 0.7092965958060028 0.042307183346056994 0.08188080838799436
0 0.268741 0.5997150000000001 0.04262599999999997 0.08072200000000002
0 0.44519327235851097 0.1711938802093686 0.04150945528297799 0.07736423958126287
0 0.21302788855457427 0.38473336621455995 0.04136222289085146 0.07953726757088014
0 0.6207754221045175 0.4888048512956747 0.04218246424345483 0.0808483601475555
0 0.0972480121183823 0.49345123110540223 0.040681975763235394 0.0805245377891954
0 0.44519327235851097 0.3821253069579717 0.04150945528297799 0.07905438608405665
0 0.7907560858071102 0.3810282960357329 0.04122182838577957 0.07744940792853419
0 0.33001072492964 0.17338617796329425 0.04159455014071987 0.07677964407341152
0 0.328025 0.384141 0.04262599999999997 0.08072200000000002
0 0.8468662861328831 0.38097423329682806 0.04071142773423367 0.07945753340634402
0 0.26923099999999994 0.4909780000000001 0.041645999999999996 0.08167100000000002
0 0.2117345342480573 0.49263954938203963 0.04100893150388539 0.08214790123592068
0 0.619816845971537 0.3810981746228936 0.04209030805692608 0.07920865075421278
0 0.3861306735697275 0.49103870962808366 0.0430246528605449 0.08154958074383266
0 0.9078825898768832 0.6990504765446649 0.04045977618159219 0.08020567047724095
0 0.9597813077045908 0.4862086570535967 0.03971508859467275 0.07883034809682903
0 0.7924464315808654 0.48732628855676974 0.04078113683826954 0.07947842288646051
0 0.3276781490320522 0.4911767427118532 0.042341701935895544 0.08127351457629364
0 0.3285322232831603 0.27771705129309393 0.040631553433679315 0.07894389741381216
0 0.677364 0.379867 0.04262600000000008 0.079772
0 0.7890657400333554 0.27615505351469605 0.0416625199332896 0.0782698929706079
0 0.27266 0.17284 0.04164599999999997 0.07787300000000001
0 0.5026264388124836 0.1707191302093686 0.04129312237503276 0.07641473958126288
0 0.10141146394626273 0.2813276672957304 0.04117507210747452 0.07932066540853924
0 0.386575 0.276353 0.042135999999999965 0.079772
0 0.271273342308262 0.278269183628172 0.04148131538347598 0.07783963274365602
0 0.15599473034557945 0.38601954793792265 0.04175853930884108 0.07886290412415486
0 0.6186715709581486 0.274929 0.042136000000000076 0.08072200000000002
0 0.8395063810055424 0.07074241353659924 0.04073123798891528 0.07693917292680154
0 0.387372676862687 0.17147044637690764 0.04152064627462591 0.07681310724618477
0 0.16115429846480486 0.0729528831381239 0.03927740307039034 0.07631623372375224
0 0.8447944623914488 0.27681638193832714 0.040935075217102324 0.07800536160115543
0 0.5604470343083077 0.1705815971255991 0.0412819313833848 0.0766918057488019
0 0.216071 0.1751079828004643 0.04115600000000002 0.07787300000000001
0 0.7862712434050435 0.17220717078674275 0.040713777577761866 0.0788248466432292
0 0.8485517640459713 0.4867377197925017 0.0405339564007484 0.0798884735746389
0 0.5609280326618279 0.27505025353916823 0.04252878617412806 0.07857949292166343
0 0.7844444196636091 0.06939586648242058 0.04142742506063041 0.07742045525187354
0 0.6179283980720806 0.1712990569579717 0.0411619930950401 0.0764703284083129
0 0.8963392542181928 0.17410667078674275 0.03920957969289722 0.07839134473199004
0 0.21453062572603512 0.27919789505766995 0.041296748547929765 0.07788020988466002
0 0.102646 0.17711300000000002 0.040665999999999994 0.07882200000000002
0 0.157031 0.28015200000000007 0.04066600000000002 0.079772
0 0.6764751543418069 0.2754643527904768 0.04146369131638635 0.07775129441904631
0 0.7309799108853462 0.1719972021561952 0.04040531042323178 0.0773467839043243
0 0.38811913904492784 0.06736014487952473 0.04101956405318868 0.07674639457585196
0 0.4451220578375853 0.2762154189580158 0.041651884324829365 0.07814916208396826
0 0.7322725355832181 0.27577395265417554 0.040806912336107025 0.07909487946628152
0 0.10536788341771464 0.07569636593858818 0.040122233164570725 0.07652726812282368
0 0.8936414525090792 0.07227528901440904 0.039273094981841616 0.07577242197118196
0 0.6731196517894784 0.06777424413083329 0.04016498980208061 0.0764703284083129
0 0.6161880555530235 0.06732127529318227 0.04052988889395308 0.07666865540316704
0 0.8420682047469766 0.17374029626455254 0.04066872269997086 0.07765859568760962
0 0.44523318482731905 0.06708407871198568 0.041589280220594056 0.07674639457585195
0 0.5596721762246049 0.0661728414607213 0.040871647550790174 0.07658031707855739
0 0.7289080871439119 0.06918539785187301 0.04062895790610044 0.07541232977406374
0 0.21803 0.07106638968027858 0.04115599999999996 0.07787300000000001
0 0.331455 0.06837600000000002 0.040665999999999966 0.07787300000000001
0 0.274375 0.069326 0.04115599999999996 0.07787300000000001
0 0.5027348580837027 0.0667083970052342 0.04066600000000002 0.076923
0 0.852290345486469 0.7003970235988435 0.04091426496242084 0.08184063910778852
0 0.9573963410106741 0.3817678274051854 0.04067722984936936 0.07787034518962933
0 0.9546018443823622 0.27848152310086316 0.04027439936455843 0.07763220475389322
0 0.9515220647055692 0.1760906560576361 0.04011987058886146 0.07706868788472782
0 0.9485658513584334 0.07499594737809735 0.039217702716866976 0.07433070653947998
0 0.0427776172509147 0.38838970462902084 0.03978274433933425 0.0787331271661756
0 0.04530667098740525 0.2832594577555784 0.038735658025189496 0.07735508448884325
0 0.04752599999999999 0.179012 0.039195999999999995 0.07882200000000002
0 0.04973086097501226 0.0772265521789596 0.03772727804997547 0.0753668956420808
0 0.270211 0.384141 0.041645999999999996 0.07882199999999996
0 0.899065511862665 0.2770263505688747 0.03920297627467006 0.07842529886225055
1 0.6202759229880304 0.37449339617184285 0.006425170943674955 0.007620134362401951
1 0.3865493566480179 0.8144723396331632 0.0034244228775223953 0.014753282261092368
1 0.3238353626499778 0.4964164147065968 0.007218009132550185 0.005422432407959546
1 0.43868144890215693 0.37959098036617417 0.006836594008864789 0.006073455685858809
1 0.43927091172532845 0.597208372617549 0.007651674948440672 0.007023215894785613
1 0.6718367750870389 0.5908888847423598 0.005547638303360551 0.010729644006909607
1 0.217539097622667 0.28373833905636586 0.0029381952453339556 0.013687435814914908
1 0.20564556047772353 0.8184390508400445 0.012487234719038072 0.019493735128594793
1 0.9545799496027808 0.4809960785267984 0.005625987334844618 0.00777984335907227
1 0.8995897789538009 0.7987844001982662 0.0077887341661673215 0.006020361224198471
1 0.8395809311451594 0.48984481475331126 0.007705818225677117 0.0070123785510030935
1 0.26187194809622627 0.9113823034844382 0.005637334231416531 0.004791077628563623
1 0.2680629849680389 0.4958036316228275 0.0065286795175644044 0.00609586624042051
1 0.5624462899912264 0.2694849514344398 0.003430289563939239 0.008193241193489274
1 0.1486929849251317 0.6033217068354423 0.0035544383904879168 0.009255807926342705
1 0.559285 0.9188030000000001 0.004410000000000001 0.012346000000000053
1 0.9555419386649767 0.8015528775167822 0.00568640510664108 0.008853972105415194
1 0.6718370250870389 0.8052822766316956 0.005001226432643257 0.006251176829962024
1 0.8982929882608476 0.5822506171463944 0.005742064650978193 0.009488983337169
1 0.7309580161057649 0.705645098760803 0.004403252534737209 0.013475758349271326
1 0.9000918560669233 0.6919570949383246 0.0054198002631295995 0.007520813443219671
1 0.49970372154604975 0.49040430002420465 0.003705619350665124 0.012771223614979932
1 0.09019602750512715 0.8164591467060603 0.007202429007551687 0.006678787780402087
1 0.048151827916598625 0.18976213052653795 0.0038106672110621376 0.010314295452147336
1 0.3824821273087748 0.3881709202720908 0.005247745382450446 0.009982159455818335
1 0.731521906760982 0.5966505037999932 0.00764276619004012 0.006084221497406154
1 0.03420502281365905 0.7063471477051053 0.005280159861025658 0.013701053112393455
1 0.15155574072782885 0.48478385016828873 0.006204241382848217 0.007697094592035269
1 0.44380889440880555 0.7075575874025488 0.004272871255540465 0.012699043706795672
1 0.50196 0.9188030000000001 0.007348999999999963 0.012346000000000053
1 0.5543735047132666 0.5969150351694456 0.006823898383964361 0.007142346975216019
1 0.6148027366319831 0.6980347841106589 0.007157869845738842 0.00859200357117358
1 0.6743157615225094 0.28343172328783767 0.006153523045019039 0.006249917235362972
1 0.7839604808193865 0.16294347548587804 0.005397049768055724 0.010067888232851104
1 0.32253276895456856 0.9185891546096122 0.00812253790913721 0.010018309219224126
1 0.09518634824872174 0.59072466218686 0.007272165037668018 0.006311597480269295
1 0.3811032452713558 0.9236455768844277 0.0057709031197657615 0.0073213597583869005
1 0.3898310761083828 0.2762757601150644 0.003982436049360226 0.013936255559972612
1 0.8428654277734712 0.6929614076772295 0.00686889961158365 0.010273752615553924
1 0.5578736685001345 0.7003853939037423 0.005828601388117402 0.011297662329674869
1 0.038993851463097695 0.5980376616653544 0.004077817159902967 0.0111659598839836
1 0.5075969614309852 0.8159047794985543 0.006207187249818818 0.010401182563679426
1 0.5572536262434056 0.1790289096490647 0.0049850164647972746 0.011318712869100456
1 0.09242349394220477 0.9230347789229254 0.010006102118117113 0.011058225207858097
1 0.043984917786264996 0.2864751276403341 0.006512709591755606 0.006565584252221659
1 0.32609722402663993 0.6009796850416308 0.0069671576347663825 0.00941897307802741
1 0.3794025984156193 0.601410265879326 0.006893332161617135 0.012974870083261533
1 0.7284729093223242 0.07041998362003876 0.007383862709289639 0.009256904501172676
1 0.4985348834167669 0.7061678791746357 0.008499899027458029 0.007668632871461513
1 0.9598962369240459 0.5784760073533107 0.005638694171299014 0.013334763751001908
1 0.09431369965389017 0.4956888722318271 0.006225690694746329 0.008614138719112109
1 0.2024374216925534 0.924796210646288 0.00773642615903888 0.014028815548034009
1 0.955169 0.6942070000000001 0.0034300000000000003 0.015194999999999953
1 0.441493926068675 0.9152564135690341 0.004267392929809623 0.006309271121938557
1 0.3323753048636669 0.27878804319883393 0.006659893559928406 0.009463821727511616
1 0.09715304815770999 0.386106144415765 0.005594903684580031 0.010313711168469977
1 0.04166090863788076 0.3929892343947425 0.006839840254832905 0.006222893212446896
1 0.09476808251883401 0.7056677082795594 0.006154456424634078 0.013977689665668213
1 0.3839085678759842 0.48987398461759313 0.006142277668265698 0.010777439894874067
1 0.32645779090738425 0.06871470014715178 0.0029487237310657347 0.0128681356241474
1 0.6220118044435551 0.9118158965530904 0.007887187198608463 0.016211158861934295
1 0.7864192562233953 0.4736364805959628 0.005798487553209275 0.011890038808074531
1 0.21240179753165522 0.48694554677451213 0.0031624179100519733 0.015819487804482127
1 0.43861023438123126 0.48629055412001154 0.006694164967013415 0.01076658053402243
1 0.9545220115714241 0.8970418119891734 0.008642976857151433 0.012183376021653312
1 0.9035422858245218 0.9031029869936827 0.00631286331407508 0.010464713011315572
1 0.4414217004973622 0.1787641330418075 0.00819268482731906 0.009639736743302634
1 0.03899335146309769 0.4952802433807355 0.004637171466419928 0.012678123314745791
1 0.7932254507080445 0.2620025172625267 0.002595029041198905 0.012687466107640695
1 0.6770843234244642 0.4853301735907753 0.006243734978211208 0.009692908009216255
1 0.7329739999999999 0.9145300000000001 0.005878999999999908 0.013294999999999904
1 0.7291470711865669 0.2753493297112376 0.006660362696340437 0.011695032033426216
1 0.4993050088676321 0.2755860946962168 0.006369301567858958 0.010898527717043248
1 0.32653861429645753 0.17474996762295988 0.0038055124255096193 0.013803141235451323
1 0.9009389298083577 0.2761904542334278 0.007819991810639583 0.009483720250140852
1 0.6716045082295501 0.3855263797014068 0.007018300291694632 0.00966236239757946
1 0.9026136467598767 0.367779272311237 0.005562381649035974 0.015710544622474107
1 0.5576163413870119 0.48474679811296545 0.007980991226513794 0.009801533487026127
1 0.3278831885475656 0.3807616481150202 0.003964944760320436 0.014222634554650051
1 0.789564 0.906458 0.009308999999999908 0.018044000000000067
1 0.275166984968039 0.38219132850769677 0.006255030063922183 0.016243342984606543
1 0.2789187497863564 0.18146389396850637 0.003617783405307495 0.01583499392654431
1 0.9441545804053123 0.17816187732622274 0.00573207464253009 0.011903911625360086
1 0.8395247692744422 0.27902209635158337 0.004269714807449998 0.015988879008642206
1 0.7824071130133108 0.38426246339481046 0.004409446349828466 0.01342980131181111
1 0.21019560754985758 0.3890688707877101 0.008412329333422739 0.013522499277603281
1 0.10185654808372803 0.18414326664556296 0.006369107545320919 0.01047256769019733
1 0.8879222924405537 0.07880931616657012 0.006011761139672778 0.01221050685533045
1 0.1591050437201891 0.2830644756096406 0.007018733133861309 0.006918345474739104
1 0.4422326892419153 0.2751904508790225 0.004182332009410301 0.016292501681186112
1 0.27104246664311843 0.2844861856489764 0.004842587422945846 0.01739216855495924
1 0.9475795402026562 0.2788938738985576 0.006849919594687649 0.01391125220288495
1 0.38711907281542335 0.07100418980101152 0.0057032875471440285 0.028048379602023023
1 0.8392956480966782 0.1781884949930825 0.008003428387280727 0.013437864508355237
1 0.5030937316209565 0.07167234803661741 0.00961646324191293 0.00849169607323484
1 0.4396583407671798 0.07320744354446874 0.008585965366954123 0.012599225413547133
1 0.2217186957509935 0.07886219602722383 0.0069954028798520085 0.01052505397277622
1 0.7845099443992171 0.06887856425533097 0.009484285380207085 0.014083877555042364
1 0.8364613684198854 0.07107276815677187 0.007666957162978043 0.01710234809682907
1 0.05547393923185803 0.08500865302838452 0.008492483014862022 0.013004747335654772
1 0.16235853555204374 0.0738393174041863 0.007825082481952458 0.012615262327629733
1 0.6124022476935176 0.06679115601533961 0.0045286373033323985 0.016619047360523005
1 0.274736996493397 0.07745300596855055 0.008847851070496689 0.01459861493186687
1 0.5585583964284494 0.06744276719892225 0.011206076689493218 0.009221005057532186
1 0.1037620988622135 0.07908579656009287 0.007348999999999991 0.022792000000000003
1 0.940715 0.078822 0.011758999999999908 0.011396000000000002
0 0.158991 0.176638 0.03968600000000002 0.07787300000000001
1 0.1617804051663128 0.18308808040519156 0.0041108103326256695 0.011000160810383058
1 0.2077183803055873 0.5953956390803106 0.0035955834579161684 0.012662157011712584
1 0.204557 0.703704 0.004410000000000001 0.003798999999999924
1 0.2700399882609984 0.7109806207955124 0.007417260354591418 0.006405109255946332
1 0.500424438544717 0.16950462686896797 0.006694164967013472 0.008834117361249134
1 0.5121151721881657 0.37784622176947374 0.005531628208926382 0.007354443538947421
1 0.32237096414776156 0.7081316207955123 0.003595070211820472 0.013207373926102562
1 0.6155385208174287 0.2763199292773692 0.00520704163485758 0.00943085855473839
1 0.7891803232214532 0.684377202820169 0.00587560237826507 0.009983091945813451
1 0.7294723872835288 0.8053061668386121 0.005736774567057842 0.005674333677224096
1 0.848359 0.806743 0.0024500000000000004 0.010446000000000006
1 0.26864680427970783 0.6058382805494822 0.0036518923920102757 0.009088031758651959
1 0.15405750431603427 0.8118066561470413 0.004550840045539199 0.01057255740935597
1 0.15151490163344974 0.9181445710948749 0.005642416233345474 0.00661745340501782
1 0.035045434237029806 0.8182484063298999 0.0038785141675426373 0.013381570361982901
1 0.037841525715007616 0.931640286103603 0.003032342816981288 0.012786451058297548
1 0.37973291608080856 0.7079164553766647 0.003384115994211689 0.009220646083173295
1 0.4421479488508825 0.814361994125312 0.0053158977017649855 0.0050355912453898055
1 0.563204 0.35755 0.0034300000000000003 0.00474799999999999
1 0.6766072385980547 0.0734283279502918 0.003849433563550085 0.004979736245886062
1 0.7310832714909858 0.3805819783071408 0.002787962087502562 0.007035140275623053
1 0.7329838194057627 0.49382166133945776 0.005810764641912822 0.00646556372337862
1 0.7873109646436119 0.5929929226896111 0.002517465214624819 0.005463442634597085
1 0.5052752484578328 0.5913634332854388 0.002116023264649051 0.008193358704036518
1 0.2625806663545753 0.8143268238105777 0.002680696391951137 0.005105931874858089
1 0.6711199880386675 0.913800146974457 0.0057868496564969256 0.011438582126999082
1 0.7937022768525941 0.8050499259709466 0.003928549435306354 0.008303066368174693
0 0.21021411491769162 0.9288344521013088 0.04243492729528986 0.08333265693189722
1 0.21492316806314632 0.18614434342788114 0.004317487680289413 0.00678991927598393
1 0.14220574986960852 0.9275035995466104 0.0068751876847212914 0.005973715651134863
1 0.2620379877063718 0.9306137756243914 0.0057213534433705315 0.005040698600500432
1 0.6201171036081965 0.07521551253917236 0.003910168036509187 0.00643063923999032
1 0.33373942541014917 0.07219437524513646 0.004580075641026055 0.0045787187386342
1 0.7352589158506193 0.0814689227269713 0.0047321149714653924 0.014816508130029677
1 0.43818326604216046 0.9238774918102539 0.004301070576537621 0.004495888238207351
1 0.787804574171438 0.2741015743434389 0.00438746462686428 0.015300548501955592
