1 0.25644393792104264 0.41591415418112065 0.004552951169815059 0.016334218506855944
1 0.8112510638141345 0.19370159574863083 0.0023970132896672927 0.010164802561960484
1 0.6926309512998374 0.42173598666555645 0.007733474866893948 0.01124288207173707
1 0.06941024985197658 0.34796249466742396 0.0062291163059300285 0.008874579531362298
1 0.41818199157948815 0.19457770994707174 0.005687204395641263 0.006168401642268359
1 0.7314684859979209 0.2752166182313081 0.004510323026396027 0.01343103569198964
1 0.2197406720548915 0.9460071417045701 0.003321435552558873 0.013621265157264813
1 0.9539723981204612 0.9256244573702773 0.005340124733020108 0.01072082442216663
1 0.6513157425541103 0.8671014250650226 0.006047095726552925 0.010900649359418988
1 0.8877998874796 0.6385381060610928 0.002064821586216626 0.012911577865604235
1 0.5392391096965247 0.6477978536801334 0.004424921454157666 0.006861597849016124
1 0.6580564586380045 0.6438519896059138 0.006711527894341629 0.005652869700576851
1 0.8472171896550923 0.34541131565569694 0.0032554707529600913 0.009548485296392762
1 0.6504512882754981 0.3471943841002288 0.004611797787661231 0.013990749948582442
1 0.6156080552014436 0.48962750709744585 0.0033828124639956746 0.015970886431765696
1 0.18350396184153095 0.1246025444634644 0.004507144919726893 0.011795997667553036
1 0.07375729747812172 0.06132645518873121 0.006549594956243441 0.012376910377462446
1 0.8421797619223113 0.4878611475861949 0.005512874875176741 0.009311094401763323
1 0.7697230074230889 0.4930391977788516 0.003942236082842745 0.004415267794577287
1 0.061936602517552224 0.7170140930585008 0.0034447283486128072 0.012868971306471388
1 0.14386155554001906 0.8708113715714144 0.005862097643201092 0.005751287457252597
1 0.4971897341255229 0.04300459030348224 0.005836819281599971 0.005146979836337854
1 0.8055006152622005 0.05600017188103765 0.0061139624130900246 0.004865895911181922
1 0.4170649628161531 0.4231550368582131 0.003826406456749462 0.010952909449549743
1 0.573240838908279 0.9434752402862006 0.004731097387975355 0.010312648200875345
1 0.7276304476468076 0.1947645740212914 0.004927337766945042 0.012347002027581695
1 0.8113910635142328 0.3426276970185085 0.006039699295684951 0.005651248022015822
1 0.2961203218384226 0.5694173505368357 0.005235994707399353 0.004182609814296204
1 0.4511850852718751 0.26985245396443175 0.006315483223191128 0.011054707158236933
1 0.8479608085105987 0.6317536761293211 0.004932439538063038 0.0061883102818775185
1 0.49510932646607464 0.4151720541468049 0.005948003962703278 0.009445998782358949
1 0.2178624581885011 0.49566162117166557 0.0031691376136671404 0.013003114580205186
1 0.06375685301711641 0.574572057584008 0.00749695267502355 0.00882675124662176
1 0.7684965749706828 0.7160371415741535 0.004161543460984668 0.011258085536658888
1 0.8058489426431734 0.9346168616894451 0.007259061961677675 0.010556529304379387
1 0.768654757423089 0.41668185890243037 0.0060787360828427036 0.011158626545484981
1 0.8078593060813365 0.41790919138686616 0.009939007665361843 0.011616107591614617
1 0.5342646303397147 0.5658028368479295 0.004322871297762124 0.010683600688358559
1 0.3044406448555121 0.05164043733516798 0.004602510947689148 0.009200765159085078
1 0.4214452246214353 0.11663577068533716 0.005861410891757187 0.005524431859423398
1 0.21788137043086256 0.6468178673690398 0.003689702510611724 0.008821570471203492
1 0.339364519528738 0.2718334904681821 0.01832703905747596 0.013280944432613887
1 0.6128673833713039 0.8715887115687729 0.007747377360940091 0.006294295374420164
1 0.69772336944484 0.27088592202365025 0.005552219714123261 0.00862375278792478
1 0.33335094114772784 0.7977218719026071 0.007832490758906305 0.005872546193566134
1 0.2581810732739487 0.19296069169519658 0.0034983677845621904 0.007218328634767782
1 0.6154766658197762 0.19320053751754113 0.0030872018456630347 0.013290965523831392
1 0.7723644027073974 0.5698934372332428 0.005732377682013996 0.009418746703359687
1 0.8870154898435951 0.8577374149758018 0.004439200923855333 0.010335702188477859
1 0.45476134485965347 0.7142330511045223 0.0021410407498610984 0.009405992697793882
1 0.9301126012439055 0.7006707271337385 0.0038646833122541477 0.009957308252475696
1 0.8438251614021262 0.12709799908902317 0.0033174497525846843 0.010447091026446366
1 0.5779691598850276 0.4182616043394616 0.007372892037274484 0.006543062663922018
1 0.33838259548109434 0.8715889615687731 0.0072618015805211555 0.006657813626295236
1 0.6185751776250583 0.6388721574724756 0.007127316899003178 0.007604132426199908
1 0.537276038896939 0.49764265767541577 0.0038839479999887715 0.013409260595206203
1 0.25816191103158714 0.566476891603555 0.0037228220631743037 0.013339691947734272
1 0.8513837014603745 0.42051565453211825 0.006276364569635405 0.007131217804860724
1 0.45354528955048723 0.5716716507294927 0.0045731513681936 0.0036782101996093762
1 0.6539934660082791 0.49702208466791525 0.0059032830471122365 0.008826114580205005
1 0.10573918184649203 0.7939164033444922 0.006917103615356284 0.00608003296410507
1 0.37497215303987175 0.41819166365805577 0.006487176285854417 0.00959509004173471
1 0.4165584787239686 0.7949248575323566 0.0050255044350076584 0.015106757452818705
1 0.18009242349041754 0.3490309342928854 0.005187938423610967 0.014321850333895702
1 0.6106524880869951 0.2685246583347439 0.0034290676167663295 0.010434134150736272
1 0.7674944425261442 0.78927180424782 0.00858549567062095 0.015492316465637514
1 0.1767911159637475 0.5699679828629308 0.0032285829580491563 0.013273856214610606
1 0.30260050547384454 0.1987968377101978 0.006049232184354134 0.0057385476572695306
1 0.29800923998342516 0.7196303832379606 0.007972701203515271 0.006255711720295618
1 0.2599935924495054 0.8712832800133047 0.0028514061356756 0.012729450515359045
1 0.6928202470641784 0.7109032179180913 0.005493585399320297 0.00769323927752753
1 0.3405016795535956 0.4879894249640077 0.006373969725523673 0.012694722164889293
1 0.37646042624419 0.34455279354284823 0.005744187403888131 0.008717401758964146
1 0.49750788313368405 0.647313233785542 0.004873486505267877 0.008922892393824659
1 0.8879737590191518 0.9328461088005053 0.005314609481079474 0.015190089837884403
1 0.4921444503573227 0.5705091552924613 0.006107732569642865 0.004911146318046409
1 0.45930807421646336 0.49466082097900893 0.004215369669591697 0.011000514194891684
1 0.7321943429311162 0.7148908969268669 0.004919907098897187 0.017554775601858693
1 0.2585341706193655 0.7197262427492114 0.003350562475395968 0.014072394239047178
1 0.1428487282792305 0.7986593181595074 0.007068245446359697 0.00941602607638204
1 0.45576589648368254 0.12487555815237074 0.002365495028473163 0.011613988541615466
1 0.25706679082547634 0.6417796985391948 0.005726932681506818 0.007249324070889051
1 0.4535918219989596 0.6395791300946628 0.005224605646805748 0.005098132426199903
1 0.11771207472492744 0.052106794601411606 0.00735164273143636 0.013586907242126078
1 0.3778720844577899 0.6452751447468525 0.004596039121690812 0.0166392529899549
1 0.49332904201609706 0.9435095482125694 0.002249510900980755 0.010608050600013335
1 0.648719869617378 0.7818223168500366 0.0032139853944815775 0.007314227200468095
1 0.2174459124671132 0.8708444661317417 0.006980305758669709 0.009966895759733517
1 0.5780049880548879 0.6414529531021635 0.0063705867281082145 0.00935888795245201
1 0.578667146612112 0.4912607342826019 0.00895499528533235 0.010884340802077803
1 0.8458782029280077 0.8616501111834597 0.002955367504902233 0.016707021596292868
1 0.7743058149497589 0.8657574205020538 0.004269240517850425 0.0150447314928571
1 0.37347490672500905 0.5692769691740244 0.004456164480572274 0.013199810584922745
1 0.6559190874653611 0.7190011710686973 0.003335047119902607 0.0067527078808132315
1 0.41422301812531936 0.8738105938948679 0.006532219136190217 0.010950987019109109
1 0.5385437630204054 0.724035068750937 0.009167526040810909 0.007395449542660122
1 0.17858671921180547 0.4960796211716655 0.007082568217500107 0.012895151083955406
1 0.29553456225064423 0.2721065041570884 0.0045462159440642835 0.01346295355855148
1 0.49766895699378044 0.7194991031850336 0.009949102807861055 0.009430417841150543
1 0.3362804273360918 0.34451797895929004 0.0040209461149593355 0.006602921414829695
1 0.6160896177731617 0.5689605276808579 0.006142283198342715 0.01092054755625448
1 0.18384064325944913 0.062477479365170376 0.0069979885800065065 0.011187867470964988
1 0.41956081480782415 0.940687727840869 0.0026641726207874347 0.012997359260554491
1 0.14176181957407163 0.49355104347499446 0.0024811324297247367 0.01099667714650342
1 0.616760412134639 0.7181041195490542 0.004800694475388541 0.008944220846233284
1 0.4182857607550448 0.643835280672633 0.008457742746754593 0.008234415330264682
1 0.4594775380828538 0.7986687322036027 0.008343556990151072 0.014535354895954512
1 0.49408155020945005 0.7947289699921847 0.011823119972165135 0.014821576009917205
1 0.2966981234624516 0.9432975686970695 0.007058468161568088 0.011396027882887995
1 0.5361532984847174 0.8653188566204908 0.007060077793878066 0.0104615854778559
1 0.37562385731848386 0.7153952965415535 0.00834797422474622 0.008173556579356965
1 0.41684150369301537 0.04540893998562299 0.0025229471354916663 0.008675038371121633
1 0.34234977689901247 0.11587531631502501 0.0026777750346899665 0.011049541370674335
1 0.5367983898283 0.7897469212825039 0.005053154924923241 0.015415863566148052
1 0.13993288459347855 0.7159024916863501 0.007573139148143251 0.006242573569214885
1 0.45535755872604394 0.8646653657464284 0.00485733868875285 0.015044731492856908
1 0.5774130168182228 0.7269061433271814 0.010346476109775661 0.01063314063936172
1 0.337249 0.9431909999999999 0.008115999999999993 0.013366999999999844
1 0.3788128747360447 0.8669396029097797 0.011415095780530593 0.014032694483121425
0 0.9656604490009018 0.6285621461060057 0.027148891736674778 0.05383829945233455
0 0.9287387280704203 0.7765040357424972 0.02633254385915922 0.05434492851500576
0 0.501503098576898 0.5649261423133906 0.029547375113422668 0.05781853285446729
0 0.5026800683675298 0.7909153136604953 0.029488231979716395 0.05785940895248882
0 0.8107050503464805 0.11916352371669915 0.02745689930703873 0.055740952566601686
0 0.30385507699119324 0.04711195629687872 0.028846494987059306 0.05563797789499165
0 0.3420140372045538 0.26622916360754834 0.029595719094776294 0.05814254502177745
0 0.6566798391496567 0.04429566979312843 0.027947321700686503 0.055101660413743134
0 0.34410824738580703 0.046185701733909935 0.028572505228385885 0.056333596532180126
0 0.382315 0.04427699999999999 0.02904700000000003 0.05680899999999999
0 0.46069403511547957 0.04433294260797236 0.028709578738486615 0.053356114784055254
0 0.5786737999844582 0.04229381940781511 0.02884265961886201 0.057650288176869194
0 0.0346950247849563 0.49450087818467026 0.02698365004194853 0.05701551578787102
0 0.9291830648969446 0.9227769817481248 0.02648400000000006 0.056808999999999873
0 0.8096278305368739 0.04837390060152537 0.0273908359752621 0.05451258352923658
0 0.3431770984163612 0.1186177404176745 0.02894376481616427 0.05559037314964967
0 0.15079 0.053467 0.027338999999999985 0.053467
0 0.5392671716260952 0.043240637852346886 0.029134565305034235 0.05590374254718127
0 0.38200892146555804 0.4902025306221254 0.029549676244440496 0.05871084749637345
0 0.26463 0.048454 0.028620000000000045 0.055137999999999986
0 0.22703999999999994 0.04976098174812485 0.028619999999999923 0.055138000000000006
0 0.5010971132853398 0.48891200780728145 0.029479923705862797 0.058677929629811665
0 0.036523 0.20259 0.026912 0.05764399999999999
0 0.42132273492697664 0.4896400443110318 0.029630530146046774 0.05904194788168676
0 0.11292844647776011 0.055142891565444385 0.026719833530014964 0.053789626672596756
0 0.46080451917555665 0.18989705475562543 0.029046999999999934 0.058480000000000025
0 0.42316608640703424 0.8669094668406673 0.028850118052821797 0.05715086554439833
0 0.42177288877470587 0.04480442435609723 0.02866953990261347 0.05539113303593044
0 0.7728284226007172 0.11787374498064333 0.028512895210787443 0.05665051003871333
0 0.6184337756882382 0.11607471760283061 0.029629708211301894 0.056692637801839425
0 0.5001282836799537 0.11607471760283057 0.029403562433982077 0.05632861954996418
0 0.3826414635018087 0.11800227235845605 0.028395072996382543 0.0547234552830879
0 0.18845972067943892 0.05233213425266143 0.027739948022789788 0.053337694990926866
0 0.18695119469083382 0.19670908213343816 0.02819300000000008 0.05764399999999999
0 0.3425174361739997 0.19165003822737672 0.029485738270333017 0.058231777530245395
0 0.4213884296178104 0.2650298953556731 0.029017400352157646 0.057928118029278046
0 0.4217080648969446 0.11664896349624967 0.02904700000000003 0.05764399999999999
0 0.07608705203176201 0.05664743666370162 0.026997525975289868 0.054394625104928616
0 0.42143521206628265 0.4140596187382035 0.02892483545521295 0.057492598256716626
0 0.694980643023297 0.045259197170941144 0.02823571395340614 0.05484460565811769
0 0.539581694486789 0.11571069935095546 0.029391351438643687 0.05632861954996424
0 0.3822226714655581 0.2657576818594234 0.02960491665666217 0.05829163628115312
0 0.540121421626095 0.26395840448161073 0.029167897160031476 0.05724120928865375
0 0.0726272463447439 0.934991355286698 0.02745347506702029 0.05168797292992669
0 0.6175879836519875 0.04402265610422206 0.029241032696024828 0.05564768779155587
0 0.8482012607385258 0.04898805441845357 0.027837330912715463 0.05499829392926765
0 0.8851750449356874 0.05014840165227885 0.02736276251839217 0.05434859946161702
0 0.5006570565406476 0.2644674090445795 0.028972069804256578 0.05789520016271617
0 0.7331144793454094 0.046276706296878724 0.02763178172140279 0.05396747789499166
0 0.3420165335194167 0.41538766436789143 0.029600711724501877 0.057600561752966406
0 0.9568205727965257 0.05321169335375475 0.02655585440694875 0.052306613292490485
0 0.9652094833641843 0.7742968958507379 0.027338999999999985 0.05430199999999993
0 0.03897258584793846 0.05843343744753571 0.027138828304123074 0.0535591251049286
0 0.38324880018372454 0.7914690609353603 0.02928244427649812 0.0571680097572992
0 0.03624832577031069 0.27585747585540593 0.026607348459378618 0.056472048289188205
0 0.5809479999999999 0.4873080547556255 0.029902000000000054 0.060149999999999995
0 0.9214129029379657 0.050658976306507 0.026935160852437256 0.05425585291933538
0 0.9285145237918082 0.5569482645502645 0.027187043859159266 0.05569547089947086
0 0.4994752423432212 0.04426592970690052 0.0278811922278712 0.054009105658117625
0 0.4214434200300321 0.19057904735331427 0.0283828620010442 0.05754586878962104
0 0.3029550648969446 0.11894003650375028 0.029901999999999956 0.05764399999999999
0 0.3820462595877784 0.1906040273778127 0.03032900000000004 0.059315
0 0.9662060405334851 0.9194744027661746 0.028193000000000152 0.054302000000000114
0 0.46093515532159046 0.11678169022501786 0.029191819150708377 0.05628649178683817
0 0.8927431380631707 0.7778853131203098 0.026931983461437256 0.054923373759380355
0 0.18713739987985323 0.12321734536595662 0.029004032095290944 0.05678118150496065
0 0.2622881426520297 0.566952184792142 0.029811065726494848 0.05791973992696702
0 0.5420764201387928 0.7148819749439236 0.02935529830764358 0.0570511220666603
0 0.7383763613568024 0.48645948955540624 0.028290666668062504 0.05814111214856307
0 0.2253062015038822 0.19547247987206579 0.028470030467120582 0.05786825927837025
0 0.6212784666939347 0.48789449868134394 0.03029358578768719 0.059191039141062614
0 0.6190197852760165 0.18944946978284488 0.030057208211301954 0.05856287791555859
0 0.8488063030993404 0.11979021628144434 0.028667710854810374 0.05588044184535413
0 0.541804797734847 0.6393443224491876 0.02899818329364111 0.057043391605375034
0 0.14690052590435126 0.41870778534966513 0.028283948191297478 0.056486429300669765
0 0.9584935212871991 0.12359602710479904 0.027243817931558237 0.05383829945233456
0 0.4610745026670074 0.4134066278641412 0.029470513841542163 0.05873474427171789
0 0.8858037785846503 0.12081124654228163 0.028193000000000055 0.055973
0 0.30271419469083377 0.19302412776312597 0.029901999999999956 0.05847999999999986
0 0.5006294363345367 0.33850050704693835 0.029289088979813385 0.05926204066174878
0 0.42373072984563304 0.939994165300233 0.028068038076571544 0.05358899893797687
0 0.6219192166939347 0.637871790508406 0.029899917642684737 0.05810252849443862
0 0.8871516420705452 0.19285027124501525 0.026146201762835317 0.05590728665618298
0 0.6996102329984393 0.4866952304294687 0.028374534003121347 0.05752053914106255
0 0.8159359882796395 0.6331814309971552 0.027247023440720993 0.05527413800568971
0 0.1498207893411883 0.12502393773452417 0.02756842131762338 0.05571712453095169
0 0.5828831398561897 0.9381252087006259 0.028327109255644755 0.05506710326988129
0 0.5028249193764839 0.8659522168415773 0.029212940010367422 0.05669243855371907
0 0.2643359714935241 0.12094683624001908 0.027796667631284338 0.05551632751996185
0 0.9655895238976695 0.7018472465422816 0.02648400000000006 0.055137999999999986
0 0.11232216900687052 0.1265435631264412 0.026736538665863577 0.056352283550603094
0 0.07388275335920926 0.20130236392139425 0.027338999999999985 0.05680899999999999
0 0.8919436284753922 0.5573117828021398 0.026449743049215498 0.05496643439572064
0 0.5788875499844581 0.11552844022501788 0.028897900031083588 0.05632811954996426
0 0.30307600000000007 0.7917769269924992 0.02947499999999997 0.05931499999999998
0 0.2263417325168285 0.12291141381048849 0.027749145584675592 0.05507726363839882
0 0.6988191813744103 0.41151659592335965 0.028839858487844254 0.057866826405156134
0 0.6589658907736857 0.2638139181705171 0.028610699277071824 0.056588218414591225
0 0.8146179629204394 0.4115515976783475 0.027775179218436686 0.05684477515950642
0 0.892362420511643 0.9239164908731522 0.02672893774004926 0.054315054757445524
0 0.5792869297783474 0.18937952910143913 0.029510529824972938 0.05878701480462227
0 0.7364055825934674 0.2641033907927044 0.02863009440084343 0.05607510890334047
0 0.42282048124183935 0.7920101234021872 0.028717297104099496 0.05878377144750016
0 0.5808010920207088 0.4123145731085157 0.029374647813579787 0.0583707260198428
0 0.3417074723076093 0.4909842988740005 0.02935484888866555 0.05918232924449831
0 0.772064491182799 0.046967719985785084 0.029218589901621024 0.053529414013428624
0 0.302050765779386 0.34140804811365744 0.029704987616784837 0.05852479426143427
0 0.11059694311855085 0.27318527095366313 0.026973867122107528 0.05673718593546211
0 0.03776817497902573 0.12973368851835823 0.026983650041948533 0.05632162296328348
0 0.10941865221082421 0.4192086378005365 0.027075805461909852 0.05668677028101836
0 0.2625100828232482 0.4165160238678367 0.02904700000000003 0.058479999999999956
0 0.0748402953133435 0.12809707459696404 0.027167409373313006 0.056253850806071946
0 0.4616796744971472 0.4896397943110319 0.029377948944597713 0.05904144788168693
0 0.7779040019535933 0.7083180424251722 0.02805465566485678 0.05557184108916221
0 0.6224511139208218 0.9378058276678495 0.029102414157567213 0.05697646896745444
0 0.6961797824049645 0.11676548129173696 0.028400435190071023 0.05552603741652604
0 0.42148149451475503 0.3395552889877198 0.02864514076437931 0.058459458528310575
0 0.18502902008596409 0.4924563308147821 0.02757921941585025 0.05885022885918515
0 0.9288594131734758 0.7037074788068574 0.026573914065270134 0.05435911539378594
0 0.7354853879026337 0.1904880427903455 0.028464873164178475 0.05736385966368361
0 0.5415445152863746 0.5644384516319848 0.029408267366142344 0.057935206247281185
0 0.500175066128426 0.18947053366440794 0.029124867743148288 0.05896902393055979
0 0.5030879692150061 0.9406408110406691 0.02843613113018768 0.05536607067559088
0 0.4611210351154795 0.26452114079270433 0.0291913191507084 0.05763864540709074
0 0.9226234601072664 0.12194809145549057 0.02669834173430157 0.0561119074074074
0 0.8153739897151654 0.4852599713035311 0.027612064662886182 0.05647011214856309
0 0.4626047722953785 0.791335027403364 0.029552976396057678 0.057797597701728654
0 0.9644144074944231 0.5561357597697948 0.02674518501115387 0.055648480460410196
0 0.540581 0.413116 0.030328999999999943 0.05931500000000002
0 0.46188247021853507 0.5654724196912033 0.029783540387373242 0.05891108761009277
0 0.035669 0.347118 0.026912 0.05764399999999999
0 0.421695244514755 0.5654724196912033 0.029072640764379223 0.05891108761009268
0 0.7007357197255237 0.9344432463994045 0.02857807972450922 0.05534756195681644
0 0.5812858287477931 0.5630199014393281 0.02922734250441364 0.05691819712134362
0 0.5009743257162041 0.41349763242710974 0.029978867743148358 0.05782469864202959
0 0.928877 0.848371 0.026912000000000096 0.05430199999999993
0 0.5423946500571504 0.7898187367539093 0.028930150703083576 0.05745611629413665
0 0.8532683186991109 0.7059240061846701 0.027832026311772933 0.05624404238628532
0 0.5798074946752919 0.2638676499186419 0.029621010649416094 0.05705970016271613
0 0.8923480383511132 0.7043350456296879 0.02691200000000029 0.05680900000000007
0 0.3416688053091662 0.5653239452443746 0.03032900000000004 0.060149999999999995
0 0.7345465309694383 0.11767527692142482 0.028448457236679794 0.05516151916465091
0 0.30224560353702445 0.267610440985361 0.02972240354428347 0.05799295376240163
0 0.657367121598129 0.11571069935095546 0.029135756803742013 0.05596460129808908
0 0.539551324484723 0.18984407300750059 0.029902000000000054 0.05931499999999995
0 0.5428726652074163 0.9390335242055424 0.029086490505998756 0.05579167952408902
0 0.8879274182941391 0.2657414729261425 0.02679316341172186 0.05607510890334042
0 0.5826161075111281 0.8638634668415771 0.02890982332885676 0.05542708456871989
0 0.07229343833980233 0.34624836392139424 0.027339000000000023 0.05764399999999999
0 0.851773 0.33751 0.029046999999999934 0.05680899999999997
0 0.6582323258767412 0.18997928822737672 0.028818737628185206 0.057074387041496304
0 0.07342238444443076 0.2745040553652316 0.026790107790743083 0.05616929907302222
0 0.8161412803158902 0.7809208815648416 0.026354698955998002 0.055534236870316715
0 0.9642959158123309 0.4834537748073888 0.02783716837533822 0.0558335683653578
0 0.9240434434044442 0.19323463861269002 0.02717911319111153 0.05630472277461993
0 0.9275395886887529 0.48402318023681207 0.026167822622494147 0.05618063952637578
0 0.30320543424546237 0.8676375033444177 0.029408507434489327 0.057514883796273605
0 0.4610832106307567 0.3391002661728759 0.02892954038737327 0.05827744940237303
0 0.6217714113847684 0.7869182228242174 0.029418177230463048 0.05770042658843919
0 0.854860876225781 0.851847970441263 0.027480675281218836 0.052873168628725244
0 0.5806450787477931 0.3378632251061568 0.029062621267748563 0.05944354978768631
0 0.3827156161563919 0.717377266273891 0.029846286862772988 0.05949357696346896
0 0.7389155884961084 0.6352164492490303 0.02750782300778291 0.057888101501939404
0 0.8510877138663906 0.26459300912593753 0.028193000000000152 0.05764399999999999
0 0.3818588698415292 0.4144071780567977 0.02943570279027178 0.05891575339765521
0 0.1489325668120779 0.1989454395891807 0.027635866375844267 0.055708484743032576
0 0.3420712739316383 0.6417968407010628 0.029896322342834323 0.0586722638422491
0 0.6610304844339654 0.5623291377504218 0.028645031132069308 0.05662872449915631
0 0.8127462099055485 0.19133484024877004 0.028121875409369355 0.056391020885547136
0 0.6610967404122216 0.6360989543703122 0.028620000000000045 0.055973
0 0.4616416000124242 0.6402500131305933 0.02967405956293004 0.05958280947193685
0 0.7377798974904121 0.41189682310851566 0.028959036874173404 0.05789924427171785
0 0.38186599470102794 0.33999631110056855 0.029263822715380288 0.058249447998382595
0 0.8925227138663904 0.8502029452443747 0.02648400000000006 0.05513800000000027
0 0.6216269791413647 0.5628632219619492 0.029873831919212186 0.057696892922211154
0 0.501924291198756 0.6403783533369762 0.029086851799914385 0.05838341687720227
0 0.6601734881191026 0.48711298042946866 0.028233947059568026 0.0583560391410625
0 0.7742788864671076 0.1908893338570645 0.028249616447452382 0.057074387041496116
0 0.54273295038943 0.8658820261601715 0.028807060870026577 0.05655205719090752
0 0.5411594489539041 0.48856419848868715 0.029941043258425414 0.05907436574824862
0 0.3822500416716689 0.5659436514393282 0.029845786862772963 0.06021756935821774
0 0.4627652000569558 0.8669094668406673 0.0295015723314338 0.057514883796273515
0 0.8128399727892203 0.2645046818594234 0.028127924627670595 0.05687769103677858
0 0.5818439681294607 0.7141057069552966 0.028482323328856893 0.05731867734878216
0 0.8153313164494997 0.5587472919280773 0.027526718131554734 0.05601736138822003
0 0.8917672775999879 0.6310222639521544 0.02605700000000017 0.058479999999999956
0 0.46242169735784117 0.7158674615182655 0.028628437139315458 0.05756602220784354
0 0.3421643388285828 0.34099029811365744 0.029151803167277602 0.05841733076518451
0 0.5816854585416823 0.6385787631305933 0.029282082916635144 0.0584244189831877
0 0.6594399232221579 0.3380994659802192 0.02918650458623808 0.05773192202456032
0 0.38249116187777976 0.6416521043899691 0.02995576768721634 0.05947484597568716
0 0.7773179152304426 0.48551192111087454 0.0291160397452256 0.05952213952637583
0 0.186776094570687 0.9390588102809675 0.02828142147695854 0.05584225167493902
0 0.8167631180735289 0.9280983458214346 0.027970634059053378 0.054306344860881116
0 0.888858067263585 0.3378842889877198 0.02586251444227614 0.05584549503206084
0 0.7778297721636379 0.6341081855601239 0.02827845567272421 0.05676362887975189
0 0.03411309652278176 0.5680046300393269 0.027458806954436487 0.056972739921346036
0 0.11085000000000002 0.19966599999999998 0.026912 0.05680899999999997
0 0.9596920026223361 0.19509435591293045 0.02679299475532769 0.05425628817413904
0 0.6967761946908338 0.18976902737781276 0.028620000000000045 0.057644000000000035
0 0.26395293223200333 0.19428898174812484 0.028620000000000045 0.058480000000000025
0 0.854549 0.9252299999999999 0.02776600000000007 0.054302000000000114
0 0.6198277528275442 0.26341287710379796 0.029997975169354842 0.05797024579240397
0 0.26320364252894335 0.717479986098843 0.028055714942113327 0.05748879579290097
0 0.14755852254514204 0.3453039539851827 0.02816580471564654 0.057530410068937374
0 0.8533480768513633 0.4844034074219682 0.027805412822388423 0.05730511214856311
0 0.5405018891776228 0.33817376160990714 0.02899818329364111 0.058244531535811196
0 0.7760724934003029 0.3375904614172504 0.02885875361161598 0.058534004157998455
0 0.7392610088793218 0.7101086048454469 0.02782640418643141 0.05551278341096022
0 0.7383763613568024 0.5610388649355779 0.027918407080284313 0.056596306632594545
0 0.26262497517866135 0.3423183437433453 0.02921404964267728 0.05888931251330943
0 0.8540565592604691 0.5588590211913225 0.027361079701708403 0.05551278341096022
0 0.9286267509311141 0.6297815943007482 0.0268531087561039 0.05539081139850343
0 0.777578197678915 0.5600748375577651 0.029264345054391704 0.056488343136344765
0 0.6982988664774658 0.3372102342320944 0.029102137251179362 0.05777354978768632
0 0.38319350258673884 0.8673610455882808 0.02987141075402113 0.05696196828399966
0 0.5821505330264053 0.7892845914614057 0.029095453122746022 0.057700926588439214
0 0.7780161519575272 0.782848436320467 0.02865121526050267 0.05684121861844151
0 0.7783968695090548 0.8566295845154824 0.02904039077577971 0.05515603173966124
0 0.6615370062172183 0.7865824850726291 0.028355166141351053 0.057164399737122853
0 0.8161221180735287 0.7071607972513893 0.026502504265164224 0.05471342374909678
0 0.7752921460548859 0.26441392729645463 0.028228707890228095 0.05596814540709068
0 0.2625321602817168 0.49185682168884454 0.029400679436566494 0.06056335662231106
0 0.14841175179267094 0.2716656455617461 0.027823496414658106 0.05650270887650777
0 0.07202197021630878 0.41952596731036224 0.027677059567382443 0.056520065379275584
0 0.7392497735991639 0.857208279759857 0.02799006342000467 0.05485734922090971
0 0.03469425403248523 0.4204443197612336 0.028006491935029538 0.05635336047753272
0 0.18562348763749176 0.34422943956568985 0.028768154518905662 0.0583432851354967
0 0.072405 0.4928989999999999 0.026057 0.058479999999999956
0 0.1860588702061108 0.27038702737781267 0.028193000000000006 0.058479999999999956
0 0.6601558464764234 0.4123416748115751 0.02894318294976637 0.058060911174086294
0 0.22470488885654888 0.2692652320520801 0.028198054141899794 0.05693431687333806
0 0.9271755370647239 0.4105900913603908 0.026742627931660354 0.055285780775468085
0 0.62075815179699 0.4129351461160163 0.029811345375465433 0.057427762523592996
0 0.6224228656633806 0.8625894029600144 0.02997656661213058 0.055791102820595365
0 0.26318311456032883 0.26864901399286156 0.028096770879342294 0.05752197201427679
0 0.8492455310052683 0.1917992135199109 0.027267937989463174 0.05583457296017821
0 0.8139184270678322 0.33830203898771977 0.028051275658224656 0.05668099503206088
0 0.46316863117152446 0.9406872261266291 0.02839939866936095 0.055133547746741556
0 0.965601317053491 0.8465839443284137 0.02665092306231884 0.053977319641697025
0 0.07125180830098841 0.5678183868624398 0.027339000000000023 0.05680900000000007
0 0.6617379497244814 0.9355269073191331 0.02838479356809884 0.05460273778127239
0 0.891004521542197 0.48462318936274956 0.02661895691560579 0.05665262127450075
0 0.42232753655100563 0.7167027115182655 0.029220446073545493 0.05850848570409304
0 0.6614024940217438 0.8602440982043887 0.028644531132069235 0.05510469407997099
0 0.8541521852200846 0.6324909173082489 0.027924591208717577 0.05498516538350234
0 0.7000423317793822 0.7842836954464047 0.028121952801672186 0.05643557260344042
0 0.9637976372276805 0.41054020481759956 0.02797972554463907 0.05444159036480084
0 0.8166153127643625 0.8548470160709506 0.026558244677385875 0.054503040865598776
0 0.6200790773122672 0.33735472054318805 0.029383845375465664 0.05879055891362393
0 0.4219555269632273 0.6408867950713749 0.02903481627965628 0.05903628209412419
0 0.8542643320536476 0.7787842459165089 0.028012533980320456 0.05533077428502267
0 0.7390971195090548 0.7846268998167167 0.027870885033675515 0.05675796309218951
0 0.9611632728890788 0.26694024709922953 0.02726745422184258 0.05425550580154089
0 0.3020321035370245 0.4162974599975792 0.02966766313206187 0.059056134760466804
0 0.22411042130502118 0.4172612373753918 0.02812589780217939 0.058071543501090665
0 0.6999936782709465 0.7101972197676892 0.02709399681535506 0.0553259950035695
0 0.6977046489259381 0.26373937254082913 0.02809983194201309 0.056803145407090604
0 0.7783229668544717 0.9291531277622159 0.02814806629105672 0.05313974447556805
0 0.22405 0.342523 0.02862000000000002 0.060149999999999995
0 0.9259491921501622 0.3384459696809198 0.027081885010874544 0.05551278341096022
0 0.03467384144798639 0.9346908438161752 0.0275559134068226 0.05268967783166948
0 0.7373718097327735 0.33757400248396946 0.029073510328342194 0.05740903153581116
0 0.34247115372552744 0.7175754843331094 0.030137692548945192 0.060254031333780905
0 0.8903530672635848 0.4112268733011727 0.027363476091162752 0.05583130815328146
0 0.8528136984930003 0.41100759136039067 0.028970213632332254 0.056484799027342915
0 0.3431965106587227 0.8674617715972028 0.030099368064222223 0.05752743855371909
0 0.73957550073847 0.9319159325178414 0.028455387904727673 0.05429713496431688
0 0.925103235440695 0.266378754866924 0.027623529118610247 0.05516556327365252
0 0.5017331194115693 0.7153376018305359 0.02907676781331934 0.05723433933613428
0 0.2642702768026904 0.9411311013476864 0.028409797425173567 0.055982633037750563
0 0.699889427689273 0.5615100966837027 0.028188404209232104 0.05717475187696905
0 0.6614577775906101 0.711375320066233 0.02838283868202357 0.05731817734878214
0 0.7005961223801068 0.8598803299525138 0.028112755239786215 0.05510519407997101
0 0.3020321035370245 0.5669611605652657 0.029481533338172727 0.058248386839466135
0 0.6222173236271299 0.7134519660812343 0.02993774212740778 0.057103250356283
0 0.700102927689273 0.6359069629379367 0.027870885033675515 0.05744903762037613
0 0.03375411256904275 0.6411480661640883 0.02796123440747748 0.056782980321553184
0 0.22373816171724278 0.492092562562907 0.028870416977736086 0.059214747111060166
0 0.03452018393828292 0.8608651925577332 0.027248598387415657 0.05369138273341237
0 0.3023466263977184 0.7172487388960782 0.02955218967789308 0.05814446745221795
0 0.18543735784360257 0.4180432556272672 0.028023635343348965 0.05781548874546569
0 0.0719109085561111 0.7889860897212053 0.027045182887777807 0.05778482055758895
0 0.1095038439098358 0.3463222269262284 0.027655942219142287 0.05676218222614889
0 0.9623735800583795 0.33822994036015963 0.027409839883240843 0.055370119279680656
0 0.2245568335473826 0.7918116553429689 0.028832592493013162 0.05802281707718829
0 0.14705689821104595 0.49326440423064183 0.027777186086268363 0.05774802356539098
0 0.262466215590883 0.642032831575125 0.02889653046712064 0.058416209086623594
0 0.07180797772429051 0.7151774544213096 0.02670339342709117 0.0562894031981662
0 0.30219036312480285 0.4912573125629069 0.029425792925951075 0.060092374874186325
0 0.1487389328178636 0.9383971519526232 0.026838845028206416 0.05289001881201827
0 0.7769732758487751 0.411388068545547 0.028612890775779456 0.057245753397655544
0 0.10898277889042887 0.4931642757337989 0.0272284422191423 0.0579484485324022
0 0.10934156307973697 0.715447951787943 0.027536257238549224 0.05655677838481083
0 0.3033168702061108 0.9412639452443742 0.028620000000000045 0.056808999999999873
0 0.3425064713607455 0.7925769705524984 0.030339191382161915 0.05827077318295748
0 0.26347101721491195 0.7924116644689063 0.028672576188508502 0.05813078057343788
0 0.22388646702640908 0.6417266500196569 0.02823637862662274 0.05780384597568708
0 0.14696061839464783 0.7906739077605084 0.028813886531099828 0.05715363702922376
0 0.10892800000000001 0.566834 0.027338999999999985 0.057644000000000084
0 0.26396371190574575 0.8673172852861092 0.028168927219062626 0.05760248418340671
0 0.3838921404169593 0.9409822044305679 0.02929790314511397 0.054797621837078446
0 0.10868433719141728 0.6418435294431122 0.02765594221914224 0.05719957719238147
0 0.03417293901307829 0.7892866011917282 0.028193121973843424 0.05718379761654325
0 0.1109904046007107 0.937094935580358 0.02653153000879948 0.05228899587097229
0 0.1856508578436026 0.7915923734021874 0.02882289493112736 0.05794827144750021
0 0.1467894642441536 0.5671033456277584 0.028061824870902117 0.05797494482308885
0 0.30221823333091363 0.6422521135159067 0.029481533338172727 0.05885477296818666
0 0.0339168431635725 0.7153472812977687 0.02809068363404111 0.05595475544376519
0 0.18489813070429656 0.5674742700765165 0.028806479003628607 0.05781853285446729
0 0.22348633723251987 0.5675442107579224 0.029297416977736097 0.05905046897290437
0 0.1849446631527688 0.716884720644203 0.029085673694462348 0.05778044920034295
0 0.18626423763749173 0.8656254714045462 0.028374486373903086 0.05640296593153167
0 0.0712965285172972 0.6409249269922407 0.02745543624698707 0.056163736212032835
0 0.10985375477874852 0.7902390897212054 0.0269216271997353 0.05748604683270917
0 0.34352150716110674 0.9416846005685071 0.030059014322213612 0.05713720113701445
0 0.22580250537752242 0.9407503741625305 0.028159729657176898 0.05740528817868941
0 0.10960748701337945 0.8641708187334843 0.027658351746624926 0.055895133517246454
0 0.148226741118852 0.86336945481209 0.027863228426229562 0.05429240567445787
0 0.14704531009365934 0.7157652812977687 0.028163763210704403 0.056790755443765155
0 0.0721662738156335 0.862568090890696 0.027965666766031853 0.05509376959585217
0 0.14669564922474662 0.6416429384627635 0.02869370155050673 0.05800044111377565
0 0.2240176064080765 0.7173397434590469 0.029429306359403492 0.05905451308190587
0 0.22496492130502113 0.8661712487823592 0.02834585945106599 0.05676648418340731
0 0.18459156580735195 0.6422518635159066 0.028937868385296123 0.05885427296818655
1 0.2618825105945079 0.12310919864111987 0.005215853044013134 0.006774287770988841
1 0.22108761674572533 0.13829339581206102 0.00267497390367221 0.013171736868496616
1 0.14376799052061212 0.2021068204679364 0.005639474322805755 0.004481958975175771
1 0.18571586081097685 0.20067066071769837 0.00417820244639694 0.009635284931646474
1 0.10703817848728278 0.2734884362439873 0.0028849735765424057 0.011573780723791916
1 0.181708108593473 0.2746497769719324 0.001956568217500119 0.009832480936364196
1 0.1411634154235774 0.34739510780498406 0.005316954167550193 0.003999123845785474
1 0.30094 0.344612 0.005553000000000023 0.0058479999999999765
1 0.1078150893561955 0.3557453823136979 0.0037896719939725155 0.008534718745304534
1 0.1785762649331934 0.4214257001618061 0.0033808808969408646 0.010407382071737125
1 0.21788162043086257 0.42291469103586854 0.004061462098390035 0.0041532360567358454
1 0.33771165691300015 0.42343996604640755 0.0029186861739996977 0.011934067907184919
1 0.3336114118456724 0.5720402739296498 0.002844434309677142 0.011677401844298501
1 0.14352889131189708 0.5705140338591282 0.004068905944189546 0.006124385757559417
1 0.09918133659420177 0.6408956824790792 0.0052816731884035364 0.0035963649581588508
1 0.1035966000310388 0.7253714596262838 0.002392570023263731 0.010544191409779477
1 0.1812918128720851 0.7977168088107887 0.005581106568613519 0.00369856286595215
1 0.217322981049195 0.7965175405589137 0.004248091892279276 0.005005044614077024
1 0.26005903714033907 0.7890103945439124 0.0034650359295648036 0.00691467957657408
1 0.29971798998342514 0.8015927322036026 0.004741330997404447 0.009051373147829628
1 0.21513024432211061 0.5722711598554301 0.00491096946866462 0.003935264955234917
1 0.37329001318743904 0.800020660609858 0.006976967677630639 0.01019152585523639
1 0.2962872893899503 0.8729702389465857 0.004529800016565603 0.007535441389421392
1 0.1057402025989631 0.933375496466486 0.0026126518387169437 0.008841265090183561
1 0.14306816878278664 0.9426785095046768 0.0031464608859686867 0.008666609205868462
1 0.18224983204764178 0.9478223780156637 0.006457015125837733 0.009262756031327582
1 0.2628761079399247 0.9471693871416011 0.004159307322625335 0.011296774283202714
1 0.728108 0.8659149999999999 0.006407999999999949 0.010860000000000083
1 0.6885278878705262 0.8689754980725233 0.003282775741052596 0.01516090488567098
1 0.5783010986732203 0.8708069433168979 0.003544807964773161 0.008585868381920953
1 0.4995060041988554 0.8754227571984611 0.0059027488099326715 0.005542550900672145
1 0.571609661352661 0.7911736901736003 0.007248933323654603 0.006592289087824893
1 0.6100351726874353 0.7907936736506107 0.006135790298555845 0.0101713472006509
1 0.726494256641111 0.7877573945439125 0.0040355132822221225 0.011604789087824925
1 0.7309949535494488 0.6413784074724757 0.00527125812945138 0.004775741937450716
1 0.7299438694769473 0.5622371999588659 0.003836960190559832 0.007622363413981585
1 0.6971269055784495 0.6460523080504456 0.0032086813630099673 0.008168579597140922
1 0.4132819148772614 0.5717091735443365 0.00487795954841192 0.0054232558292973175
1 0.4182750564764327 0.4896229021491637 0.006059463983419502 0.007607676535201478
1 0.732585514761256 0.49274947515666434 0.007301769934733596 0.00645078604645248
1 0.4130873271196228 0.26226615737146064 0.005453264857578202 0.004750223483545438
1 0.4978228780901037 0.2628656664973982 0.004243496592428694 0.004643259987295792
1 0.5407557682537488 0.267593548823493 0.007533887538051921 0.005744024639485427
1 0.6895981341853891 0.34249916964069577 0.005423268370777992 0.005544284525766129
1 0.5782082837762758 0.3419579972111652 0.002427529201438031 0.011722884911079392
1 0.49610317381149155 0.3391579196406958 0.004332568859647877 0.012590802777641198
1 0.4140893824287891 0.33939316051475826 0.0017739860942430547 0.009936211518265499
1 0.45429801668979325 0.4209871362802431 0.006045773791808263 0.004368163049235272
1 0.6167414998922773 0.4138979902652419 0.003163350815108998 0.008353944026733529
1 0.46029898028792426 0.34909350354826796 0.0037225958777833607 0.007644383289378126
1 0.4940858625996841 0.19645128295457234 0.004458465611589957 0.006425456397893805
1 0.539070718440938 0.19907753748307508 0.002342016644771801 0.010637421889642154
1 0.6526738915235563 0.18881635956175843 0.0068672638715553905 0.0067705548566405266
1 0.6915392964277505 0.19412729208050988 0.0022854630616117155 0.01252951115351926
1 0.7730877633257299 0.1963065466434787 0.0026104883003465217 0.008171002027581671
1 0.6209990802796415 0.12133098514487016 0.0032101605592827695 0.013242860778489409
1 0.5335395234065196 0.12363876708565166 0.0031672680497042667 0.01117542466005247
1 0.49272771363023815 0.11682263475955683 0.002707648497141676 0.01461517825973797
1 0.5353351266545775 0.04953087345360497 0.0075796426908226 0.008323637395959036
1 0.577512043364054 0.04145738617922803 0.005495178170883879 0.004449608091579711
1 0.6521014801118584 0.05321452478580172 0.004371193139485093 0.004720918371510204
1 0.5366820713454113 0.3391903375072576 0.0033967149580417205 0.005973638510764914
1 0.9335637095139778 0.1323913105448807 0.0023015999098200397 0.010256829388285555
1 0.8076913387678579 0.12296935041306971 0.004770153638046314 0.012763610507750866
1 0.8911908491148133 0.20240415854450944 0.004271678769756515 0.005012531328320802
1 0.806052532533394 0.27703235454240177 0.0033154160973422287 0.011619654329178013
1 0.846176559861203 0.274376763283026 0.004778340959070944 0.008922435306676323
1 0.8859479708161778 0.2736452556592487 0.00434068145201994 0.005289195027978773
1 0.8892810800997398 0.41535425044417223 0.003258356701571127 0.005077405416997618
1 0.9693030389316057 0.4891628740833565 0.0037262587450756536 0.009235748166713078
1 0.8060167043635338 0.49574802078635216 0.006365149139289273 0.005185932061453512
1 0.8101073171993701 0.5716014600480869 0.0056291152231835485 0.007458774081172415
1 0.8482219912791211 0.5637094818996474 0.0049684633826858155 0.006133872539919261
1 0.8069834315028399 0.6399428983465381 0.004803954448455597 0.005826668929950202
1 0.9661704781313777 0.6203241094634735 0.003346546703687986 0.003851920310034376
1 0.8054777272242278 0.7121399461562403 0.004278896921785407 0.0052197828012296565
1 0.8462890370005091 0.7124664415932714 0.006414684619350826 0.004930810179042465
1 0.887683860049706 0.715651851297179 0.002916330717744481 0.010936611334982417
1 0.9613058518439414 0.6901279520328598 0.0041527369595139455 0.004595112364244108
1 0.8448403425160467 0.7818866337958185 0.003350336290005073 0.014196711823130878
1 0.8889317781947085 0.786627816973443 0.0058182584505254 0.005127506183760023
1 0.9202957819119532 0.9205319298814392 0.0026517850605713776 0.006328768503502951
1 0.22891976197808533 0.05958209477181328 0.003104417710578836 0.006557090400419658
1 0.33757438184834554 0.05326785957140917 0.005091245045349342 0.005585669600357477
1 0.38488570775756736 0.04768218997105169 0.002359357460039933 0.009471352800606162
1 0.8445809836340618 0.05553990488711012 0.004084033965917027 0.004672534048299006
1 0.8843765832530324 0.03147943070423692 0.002712019311961757 0.010094141469090432
1 0.9318294706098568 0.05926044655134823 0.003491849040859136 0.00688521475955173
1 0.3775834977515874 0.1961397615503336 0.0023812656257582703 0.009960645221372478
1 0.3760532068669551 0.26899032928037325 0.0051577545517184015 0.008793914611089138
1 0.25560488240001245 0.27124598514211606 0.003369316630829302 0.010201491765954992
1 0.255990999049521 0.33988104163542754 0.004502909244472665 0.004284214810530561
1 0.934433256612064 0.41010856284334096 0.0024824345376146862 0.005740287818031263
1 0.5745891762865265 0.2660553942435253 0.0025928120131481196 0.006636224288170016
1 0.6611927057595073 0.2693701677680961 0.0037893699413412783 0.006923024024656197
1 0.3753431457665107 0.5016666770833984 0.002023987447016809 0.007916716146142606
1 0.41289450940266037 0.9447370977423156 0.005906837666272571 0.01094351545939526
1 0.49802503344956756 0.05401383345378601 0.00394993310086504 0.004066915540108348
1 0.6131269695839314 0.8025918599075551 0.004276467763593409 0.008060517088137075
1 0.6527229584457899 0.7925894040015895 0.007245643942443795 0.008179873698795609
1 0.6597296713599833 0.7884893522711497 0.005036309926516763 0.004722927558929416
1 0.7280177439401783 0.06052391228601355 0.003316707892693082 0.007389612510985156
1 0.7278907390312265 0.12917423025568803 0.0032157305552153455 0.005237559015742745
