0 0.22901258657243817 0.2539299773262662 0.041253340737001536 0.08211397899489606
0 0.5744604408127209 0.15933614860620338 0.04152562670368494 0.0806471696113074
0 0.129107399545684 0.45106593570867676 0.041783703685007584 0.0819267281115037
0 0.7221697711640211 0.1589868765432099 0.041231076719576876 0.08199124279835392
0 0.5741246922009087 0.3564744233411857 0.04243161559818276 0.08353188555162935
0 0.7707506613756613 0.8410493827160492 0.04050925925925922 0.07716049382716052
0 0.8203388902116401 0.6452767016460906 0.04053915079365069 0.08097437448559663
0 0.3259829497354497 0.9382808765432098 0.04052410052910054 0.0787222469135804
0 0.5253050288995458 0.3565670400471142 0.04101894220090858 0.08433058578720068
0 0.5244867844522968 0.7451570569297212 0.040013447753659746 0.08056735296427162
0 0.17904380312973245 0.4496276851197487 0.04038190206966179 0.0815040942285041
0 0.47600643614336197 0.3550439242245779 0.04022589601211516 0.08128435414212799
0 0.8693906587301587 0.7444925030864198 0.041360682539682614 0.0808059938271605
0 0.47593861976274604 0.7457206736356498 0.040405760474507856 0.08046765272870043
0 0.6234322076719576 0.4551603251028806 0.04117658465608471 0.08213134979423876
0 0.12949816065118627 0.2536076437966235 0.041303237001514365 0.08146931193561056
0 0.5745993185259969 0.45473228307813107 0.04211887935386167 0.08067088731841382
0 0.7220846613756612 0.5509928755144033 0.041060857142857135 0.08089521604938277
0 0.6240382857142858 0.15906488065843621 0.04073530158730167 0.08021823868312758
0 0.9183550793650793 0.7433950164609052 0.041266031746031676 0.08021099588477347
0 0.3761169369005552 0.3549044896937574 0.04078763452801617 0.08345935237534356
0 0.5249433442705704 0.4527852632508833 0.04078721352852089 0.08088412603062418
0 0.5745204442200909 0.5508932076953278 0.04133013629480057 0.07852375343541418
0 0.9668840873015873 0.5493348950617284 0.03713129629629646 0.07802774074074066
0 0.4765816211509338 0.5500934652532391 0.0420072604745078 0.08060506949352171
0 0.6235043320105819 0.6485134331275719 0.03999808201058193 0.08239209259259272
0 0.7711636402116401 0.45280381687242793 0.04001246560846567 0.0793473456790124
0 0.1788555572942958 0.7431289899882214 0.04095190206966183 0.07957855319984287
0 0.7223671944444444 0.4548195761316873 0.040303171957672086 0.08080684773662551
0 0.966848544973545 0.256397890946502 0.03918650793650796 0.07941100823045266
0 0.32796827221100455 0.35510140675304275 0.04008596390711762 0.08262625284648607
0 0.5254629629629629 0.05915637860082305 0.041005291005290954 0.08037551440329217
0 0.6237514629629629 0.8398923189300411 0.040195486772486785 0.07883161728395056
0 0.6725568095238095 0.7454944989711934 0.04121150264550276 0.08152397736625518
0 0.37619503849125935 0.058435484912553924 0.0406283404857999 0.0788360267548291
0 0.9182291825396824 0.3559952582304527 0.04214619576719575 0.0799174711934157
0 0.32677915623422515 0.6463361606792304 0.040231709742554245 0.08168881134668224
0 0.7221553029100529 0.6471561748971193 0.04153282804232816 0.0822495925925927
0 0.525546283064109 0.15812133166470355 0.040870456082786534 0.07944446937573614
0 0.3767133112064614 0.15698358166470355 0.042295880363452804 0.08146323714173537
0 0.5252306587582029 0.6482374106792304 0.039608213023725365 0.07997010993325492
0 0.9191468253968252 0.25736239711934156 0.04034391534391537 0.08198302469135803
0 0.820271164021164 0.8405671296296295 0.04100529100529105 0.07683899176954728
0 0.4759147496214033 0.25695644414998037 0.04130451186269554 0.08325917805261095
0 0.9674908333333332 0.35622250823045265 0.03914833333333344 0.08101497530864193
0 0.5742056935890963 0.7456049402237926 0.040700635032811655 0.08084965272870054
0 0.3270614814814815 0.8409685637860083 0.04069703703703712 0.07957087242798365
0 0.32732836951034827 0.2553555653710247 0.039437152953054014 0.08067088731841379
0 0.771284484126984 0.15873388065843622 0.04091552910052911 0.0814852510288066
0 0.5251119045936395 0.25630986062033767 0.0409481908127209 0.08319294464075379
0 0.6237561917989418 0.9387551255144032 0.04050180158730165 0.0790277407407408
0 0.6236572076719576 0.7457590102880657 0.03964245767195769 0.07948098353909462
0 0.17881192882382635 0.9371024815469179 0.040549147905098414 0.07674716961130754
0 0.42620283909641593 0.5499921986650962 0.040631321807168115 0.07917560266980761
0 0.6729863253968253 0.647333188271605 0.04107847089947104 0.0806746069958849
0 0.4759195580514891 0.4531226305457401 0.04103064664310954 0.08266325873576742
0 0.9669705820105821 0.15754237551440328 0.03943058201058217 0.08103125308641977
0 0.03066207988389702 0.7410436730467216 0.040816840232205956 0.08031565390655673
0 0.7711640211640212 0.9378215020576132 0.04067460317460316 0.0816615226337449
0 0.8208234775132275 0.3571245102880658 0.0411178544973545 0.08217597530864193
0 0.47590862670368506 0.6477644942088732 0.042238757698132394 0.08331854475853953
0 0.37633519106511865 0.6467834770318021 0.04217063452801619 0.08258344405182565
0 0.07971449318525999 0.741156556340793 0.04080203028773347 0.0805414204946997
0 0.5252028769841269 0.8425860658436212 0.04114649470899475 0.0802338600823045
0 0.7711111243386244 0.646434677983539 0.04089949735449748 0.08209260699588485
0 0.8201411494708994 0.45350957510288065 0.04107594973544987 0.0788298497942388
0 0.030709831272084806 0.8367171184727129 0.0405968457849571 0.07964742893600313
0 0.5742703165068147 0.2571577107381232 0.042091869762746065 0.08304824440518246
0 0.7217261904761904 0.9392682613168724 0.04067460317460316 0.08069701646090542
0 0.5749721908127208 0.060622069297212415 0.042549126703685096 0.0801418614055752
0 0.9670138888888887 0.7428305041152262 0.03819444444444449 0.07876800411522634
0 0.5741704642857143 0.8419100689300411 0.04119807142857143 0.07823886213991778
0 0.6723771058201058 0.3567595113168724 0.04118278306878297 0.08144597736625513
0 0.8698591587301586 0.2569391882716049 0.04130561904761904 0.08242261522633743
0 0.6235736759259258 0.35609499794238675 0.04079814550264546 0.08333197119341568
0 0.9664349576719575 0.06086106995884773 0.038359333333333315 0.0779978600823045
0 0.476365876703685 0.059463969179426764 0.04126027435638565 0.07966606164114644
0 0.6723710317460317 0.5505722736625513 0.040178571428571425 0.08134002057613167
0 0.8204895555555556 0.25702494341563786 0.04177276190476198 0.08195112139917696
0 0.91765873015873 0.06076388888888889 0.04034391534391527 0.0790895061728395
0 0.3769806896769308 0.5506653153710247 0.041568648409894035 0.0805218360816647
0 0.7221250846560846 0.059960567901234565 0.04048032804232804 0.0781258683127572
0 0.9183060952380951 0.5484426419753087 0.040371936507936516 0.07981224691358009
0 0.12864399293286222 0.5462922065174715 0.040856890459363956 0.08220455437769925
0 0.9670138888888887 0.6454153806584362 0.03819444444444449 0.08134002057613167
0 0.5248015873015872 0.9410365226337447 0.04034391534391537 0.07908950617283948
0 0.0796630489651691 0.9359970062819002 0.0403836446239273 0.07699008637612871
0 0.5743902492428066 0.6477221386925794 0.04095953180212015 0.08240220867687477
0 0.37590656814740026 0.2567955774440518 0.0406823942453306 0.08109704416961129
0 0.42595534187279155 0.35538047310561444 0.04108281903079255 0.08379785237534351
0 0.6241495515873016 0.5499861255144032 0.041288521164021166 0.08081072839506179
0 0.7716345780423279 0.35680726337448565 0.04194640476190473 0.08154148148148153
0 0.8698206124338623 0.4538450720164609 0.04056715079365085 0.0782148353909465
0 0.12945464399293283 0.9362428648409893 0.039638717566885404 0.07870873714173537
0 0.8199197275132274 0.5498458796296296 0.04096379365079363 0.08117324074074074
0 0.7219516468253967 0.35606925411522633 0.04145620370370366 0.08070846707818931
0 0.4758299933862434 0.8425838179012345 0.040615013227513326 0.0802293641975309
0 0.030772839201083275 0.054942214849921 0.041657391333784696 0.07873316587677731
0 0.9182374338624337 0.45267489711934156 0.04050925925925932 0.07973251028806584
0 0.32728565206966176 0.7447612731645072 0.0406137069661787 0.07977578543384369
0 0.07960899318525998 0.5461674646643109 0.04090652751135791 0.08134160384766402
0 0.5254219045936395 0.5506425481939536 0.042199185259969796 0.07986283490380833
0 0.6731144351851851 0.45344906687242786 0.04100400264550257 0.08063784567901235
0 0.4257095343260979 0.4527834800745975 0.04080707975769806 0.07966075873576761
0 0.7709052499999999 0.5498368816872428 0.04015706084656086 0.0792262325102882
0 0.6726190476190476 0.9376607510288065 0.04067460317460316 0.08005401234567916
0 0.673100607142857 0.8410955627572017 0.04097634656084657 0.07853886213991768
0 0.030933328495709234 0.4481808521790341 0.040728343008581525 0.0810642956419316
0 0.3762222248677249 0.9381851234567902 0.041134925925925964 0.07981674897119362
0 0.27805112140333166 0.2549517107381233 0.04121077385159013 0.08170357852375347
0 0.9666126812169311 0.9339006244855967 0.03899685978835967 0.08050122016460905
0 0.425967578042328 0.8425878189300411 0.03976584391534388 0.07959436213991762
0 0.868971955026455 0.3560099969135802 0.04085396296296285 0.08187596090534979
0 0.7705272962962962 0.7448730041152263 0.04204665608465612 0.07963798353909467
0 0.22827558796062597 0.9368409809579898 0.039779343513377106 0.07745110208087938
0 0.4263504647905098 0.7445024562230075 0.0412420704189803 0.08048508519827259
0 0.03020958266027259 0.934718898017275 0.04117383467945482 0.07750120396544959
0 0.7221753187830687 0.7446457448559669 0.042234235449735584 0.0817554814814815
0 0.7716130939153438 0.2570541913580247 0.041242060846560846 0.08200961728395062
0 0.6724382473544973 0.05917555967078188 0.040313002645502596 0.07977087242798353
0 0.4762497496214033 0.15737758166470356 0.041028020191822376 0.08041083667059284
0 0.22834808657243816 0.7437998401060071 0.0405553351842504 0.0796933197879859
0 0.2287069622665321 0.6452765605614448 0.04064209212518934 0.08141001158225365
0 0.6234714417989417 0.25762169238683125 0.04092436507936503 0.08250161522633749
0 0.4265883390964159 0.059650918826069876 0.04171781903079252 0.08065342775814682
0 0.4259583432609793 0.1575149317824892 0.04077332458354372 0.0788451364350216
0 0.12848624432104996 0.8398360816647035 0.03959490156486622 0.08036415390655675
0 0.8689080013227513 0.5492551296296295 0.04105674338624356 0.07934873662551448
0 0.42615384326097927 0.646813293973302 0.04242631347804142 0.08264307793482542
0 0.5741602447089947 0.9384053734567901 0.0421696957671959 0.079614244855967
0 0.12880602940434124 0.3526386899293286 0.04118096340232207 0.08076815331762861
0 0.08013473902069662 0.44891095229681977 0.04164252195860676 0.08068409540636044
0 0.9667172433862433 0.8375858127572016 0.03845704761904756 0.07765759259259258
0 0.4749344298941799 0.9395976203703702 0.04080801322751323 0.07878371810699608
0 0.672718701058201 0.25848869547325104 0.040543222222222196 0.08037759670781898
0 0.3763056931216931 0.8414278148148148 0.04130186243386247 0.07984637037037047
0 0.12902077246340232 0.7428235065763644 0.04129495229681979 0.07835411955241461
0 0.8203632592592591 0.7444795041152262 0.0408587936507937 0.0801369917695474
0 0.9186303544973544 0.15803862860082304 0.041625788359788224 0.08009474691358025
0 0.22886158657243816 0.35216647310561444 0.04158233518425039 0.08350452061248528
0 0.07997630331753555 0.055481503422854093 0.04104603926878809 0.07898894154818326
0 0.6238779417989417 0.058658805555555554 0.040745301587301594 0.08066637654320986
0 0.8204458677248677 0.06105981995884774 0.04069332275132282 0.07839536008230454
0 0.7219466005291004 0.8411155668724279 0.04177679894179909 0.07793586625514405
0 0.03042858404846037 0.5449725476050256 0.040034351337708225 0.0814056370239497
0 0.22880096504290762 0.5483695316058108 0.040830097677940484 0.08206493678837853
0 0.8695919391534391 0.15789212860082305 0.04176324338624348 0.07915874279835391
0 0.17922755590610803 0.1553868648409894 0.041380402069661794 0.08011020396544956
0 0.4258920960373548 0.2561198274440518 0.04158732180716806 0.08219941146446803
0 0.3273617777637557 0.45240808559089113 0.04076595835436656 0.08031676010993324
0 0.2783382415446744 0.4518725358264624 0.04052302523977786 0.08047259422850396
0 0.17897605590610802 0.8407562689438555 0.04150839651691065 0.08220452846486075
0 0.32761265762241293 0.5488735813702394 0.04032122640080767 0.08061916902237914
0 0.771329365079365 0.05996013374485597 0.041335978835978844 0.07876800411522633
0 0.9178090952380951 0.6438542109053497 0.041365936507936546 0.08446236008230458
0 0.1795084288238263 0.5469262146643109 0.04225764512872284 0.08101870337652133
0 0.03130582176709546 0.15371270405476564 0.04103073628977657 0.07962459189046865
0 0.4254239682539682 0.9399073713991769 0.040993439153439226 0.07940322016460911
0 0.030984077107521456 0.2518739269729093 0.04019884578495709 0.08229614605418135
0 0.27812061723876824 0.3530329399293286 0.041349765522463396 0.08217012014134277
0 0.27811287001514384 0.6449784272673733 0.0413342710752145 0.0814272118178248
0 0.37668756259464914 0.7449841232822929 0.04035139979808174 0.07960801884570094
0 0.030746079883897017 0.3501539891048292 0.040353845784957085 0.0831603535531999
0 0.32718815068147405 0.15665959825284648 0.03947221251892984 0.07958833667059285
0 0.17878693314150307 0.056501413375460746 0.04232335849695326 0.07938315850447607
0 0.1794564260474508 0.253634760502552 0.04120714790509842 0.08275047899489595
0 0.12954101811103588 0.05528926263823061 0.04073403351387949 0.08107286440231704
0 0.3762304391721353 0.45319861601884565 0.04069914184755175 0.08067088731841382
0 0.1292717738515901 0.15410598095798977 0.03990397173144878 0.08000230349430702
0 0.2779506172387683 0.74369060669415 0.04100976552246343 0.08070178661170008
0 0.819940476190476 0.9365354938271603 0.041005291005290954 0.07908950617283948
0 0.9177269854497353 0.8380293158436212 0.04119946825396821 0.07677058641975312
0 0.07953436887935385 0.2523556935610522 0.04107277612317012 0.08141927875932468
0 0.869541205026455 0.9361648652263375 0.041992462962963065 0.07963425720164609
0 0.8686158201058201 0.6449114567901234 0.04153820105820094 0.08106186008230448
0 0.9669738373015873 0.45249434156378604 0.038935923280423265 0.08137962962962955
0 0.8206181653439152 0.15918888374485593 0.04070723015873016 0.07982324074074075
0 0.2772291200151439 0.9380695638987043 0.04082875996971228 0.07929480113859455
0 0.869047619047619 0.05963863168724279 0.04067460317460316 0.07941100823045268
0 0.2779936120514556 0.058077067798841475 0.04016122545700743 0.08006606292785681
0 0.17893743298838968 0.6450849106792305 0.0423776423523473 0.08164017864153905
0 0.07991486332660272 0.8391724022379269 0.04025627889954568 0.08026372870043187
0 0.12873840509843515 0.6451412939733018 0.04136121201413427 0.08236641205339613
0 0.07967899179707218 0.3512471727522575 0.040731027511357897 0.08350632037691394
0 0.2778349929328622 0.8411272357675696 0.041094014134275623 0.08171952846486065
0 0.7219166785714285 0.25755569032921805 0.04105557936507935 0.0823696111111111
0 0.9173266097883598 0.9360198888888887 0.04034678042328049 0.07947771193415636
0 0.22884169702098853 0.057424516324381225 0.04172198578199051 0.0787609599789363
0 0.22808621226653206 0.8398102185904985 0.04066258101968711 0.08031242775814688
0 0.22873496226653203 0.4511322692383195 0.04164458379606258 0.08083246152336082
0 0.07934512304391719 0.15328936425206124 0.0406942844522968 0.07959600372987831
0 0.22925245949015646 0.15526251472320377 0.04236408101968705 0.08047497055359246
0 0.2789269929328622 0.5484950481939536 0.041700528016153475 0.08108903631723595
0 0.0799532404088844 0.6439684272673734 0.04064853028773347 0.08124761228896737
0 0.031008077107521452 0.6419185102080879 0.04024684578495709 0.08266897958382409
0 0.673140623015873 0.16016713374485597 0.04006431481481485 0.08049373251028807
0 0.869239876984127 0.8400048014403292 0.04205118253968264 0.07957236008230446
0 0.3277335815842925 0.057744207477619755 0.03977657413676374 0.08022314375987362
0 0.17934092743563856 0.3530493398115429 0.04097615068147401 0.08281638672948564
0 0.27880424432105 0.1555417813113467 0.040824036345280236 0.07980657008244993
1 0.37196272236244315 0.06011599224577935 0.003802975265017697 0.01534418354927365
1 0.12234644333669863 0.14490240272870045 0.003918925542655189 0.0114074049862583
1 0.41814147755996783 0.8522031355625354 0.005978949641968967 0.005984675376986597
1 0.2244902380111055 0.255676734393404 0.003127045431600171 0.010093331370239501
1 0.963475767195767 0.6398159999999998 0.004596084656084542 0.016021292181069846
1 0.8648465595238095 0.5413600123456789 0.005095240740740589 0.015531004115226368
1 0.27166053811206464 0.34769409570082443 0.0031201150933871497 0.010098655869650554
1 0.7620282896825397 0.9365217716049383 0.006697388888888765 0.007100489711933851
1 0.6663888201058201 0.6472093477366254 0.00518532275132273 0.010236654320987625
1 0.8152184576719576 0.6399698281893003 0.005145095238095264 0.011212606995884913
1 0.1760675802624937 0.36052404711425207 0.005954188288743037 0.008977425991362321
1 0.8607989761904762 0.2526237962962963 0.003997285714285681 0.0161644444444444
1 0.8151630340333886 0.24155653648363568 0.002893374945084405 0.010143044160686947
1 0.9106931481481481 0.34328088374485594 0.004010529100529173 0.012383705761316852
1 0.9100195026455026 0.6304054310699588 0.002712317460317491 0.011051277777777615
1 0.22091601161029784 0.94459320543777 0.004912045431600173 0.013787676285826419
1 0.616696857142857 0.7493261718106995 0.006024275132274985 0.013693335390946476
1 0.7608936202686203 0.06189161918328582 0.00629578754578759 0.012612773029439712
1 0.07451665711761736 0.7391130124656458 0.004613833669863698 0.016179157636435033
1 0.4232703642370601 0.2509233541240146 0.003566147193852842 0.00892497365831583
1 0.3756864529278143 0.451894075480958 0.006766922513881823 0.009050482724774156
1 0.7696738558201058 0.7422051502057613 0.005295145502645429 0.009931263374485392
1 0.9627720767195768 0.5424779547325103 0.00633415343915321 0.016510139917695454
1 0.07452403419989904 0.8395587422457793 0.004283582281675916 0.012824015312131879
1 0.0786907606007067 0.5453562039654495 0.006992532306915703 0.008006673341185728
1 0.7628053835978836 0.45659124279835395 0.005143201058200982 0.015958460905349605
1 0.5196435643614336 0.7436725462308598 0.006270670368500727 0.01196782469572049
1 0.1813104365219586 0.7384041789360031 0.0036714035840484526 0.016369891048292215
1 0.2209280032811711 0.7458599301138594 0.004572564866229176 0.016181592461719636
1 0.1264670509843513 0.24922581615626224 0.005458124179707242 0.011952765017667843
1 0.5746102040636042 0.4446457917157439 0.003921944220090775 0.014958514723203838
1 0.17035173510853102 0.5482751879662348 0.005712481322564348 0.014438041813898688
1 0.3710481008329126 0.25712111709854735 0.005947715547703173 0.009044966431095374
1 0.4710860350832913 0.3532028794660384 0.005266092377587077 0.010736957989792018
1 0.6186428743386243 0.9341575236625513 0.006761870370370307 0.0169730185185186
1 0.029948724381625443 0.8417676089517078 0.006356968197879859 0.01699481743227328
1 0.27317902561837454 0.05328199106792305 0.005446592882382666 0.009994714369846853
1 0.028294108404846037 0.9342023873184138 0.006195730691569918 0.014324907341971066
1 0.9124135833333332 0.2466143117283951 0.005860664021164094 0.010243598765432052
1 0.9647910476190474 0.15739127880658435 0.008909968253968056 0.0080055082304527
1 0.9179883359788359 0.43925568312757196 0.004301105820105785 0.0139783456790123
1 0.22165612342251387 0.5437122371417353 0.0075332857142857024 0.008840739693757389
1 0.3737717112569409 0.15233110414212797 0.004917455830388714 0.01618094051825679
1 0.9587861203703704 0.440298116255144 0.004716119047619064 0.011893479423868314
1 0.7620483835978836 0.345034128600823 0.009302703703703636 0.007591207818930042
1 0.8173894417989418 0.4467854650205761 0.004440693121693126 0.01756590123456789
1 0.7671703703703703 0.6477703477366255 0.008317989417989325 0.00847165020576135
1 0.6149680436507935 0.8369714578189299 0.0035295211640210765 0.015228895061728406
1 0.4688704121655728 0.735947911758932 0.007173360424028426 0.009626555751864885
1 0.22180413313982836 0.056812425304279546 0.004082294043412433 0.017043582842559864
1 0.6685729775132275 0.5462387726337448 0.00842282804232803 0.012203524691358127
1 0.4677538003533568 0.5413685872595211 0.004674125694093842 0.017822307224185232
1 0.9149486944444443 0.05027243827160493 0.008396261904761814 0.014552860082304527
1 0.17820257054517918 0.9394185046132703 0.0073631577486118005 0.013708141931684556
1 0.8177083333333333 0.8400848765432097 0.006779100529100544 0.019933127572016533
1 0.8166282076719577 0.06869024691358024 0.007616600529100331 0.011153456790123447
1 0.7665114166666667 0.8356494526748971 0.00500626719576707 0.013371876543209815
1 0.7672616362433862 0.15361451337448556 0.009127521164021093 0.010415006172839513
1 0.9623711878306875 0.23728903395061726 0.004821116402116437 0.010247034979423869
1 0.8193410211640211 0.35315291358024686 0.004505788359788352 0.011286765432098722
1 0.7202242063492063 0.5420117633744855 0.004326719576719589 0.015513510288065763
1 0.027701608404846034 0.4414069913623871 0.006434239020696619 0.022049582253631763
1 0.07503927309439677 0.9344917208480564 0.00767006562342252 0.014973173930113819
1 0.8593941507936508 0.15407827983539094 0.005418047619047529 0.019132534979423847
1 0.8604337923280422 0.938674529835391 0.008299082010582026 0.008582010288065847
1 0.1272515440434124 0.932897570376914 0.0079906019687027 0.010799872987828646
1 0.37010522930338213 0.5471672045543777 0.0053094808177687825 0.014813608166470357
1 0.17855644901564866 0.15599400461327048 0.004762417465926282 0.01805714193168432
1 0.3196509472488642 0.24843003297997646 0.007467413932357354 0.014771265017667802
1 0.716760783068783 0.9366485329218106 0.006954624338624272 0.019064045267489504
1 0.7194940476190476 0.05047582304526749 0.009093915343915272 0.01157407407407407
1 0.5177334525492175 0.44633594159795836 0.005358435638566407 0.014032082253631728
1 0.8132053002645502 0.7379026368312757 0.009832785714285563 0.010820240740740653
1 0.5213743129732458 0.3371643611111111 0.005648648157496134 0.015821454456223034
1 0.42276627965673896 0.4421562131919905 0.005994447248864177 0.019937671770710656
1 0.5212014134275618 0.050611012956419316 0.005363452801615409 0.022084805653710238
1 0.7160460793650792 0.6498646090534979 0.0070612804232803835 0.01264218106995882
1 0.8630625277777777 0.4431541944444444 0.008663304232804186 0.009396343621399073
1 0.02428466532054518 0.15425236896348643 0.010078669358909642 0.012200262073027095
1 0.32542942642604744 0.33957616146446795 0.004428880615850618 0.01651905516293681
1 0.32427105628470465 0.6424157169218688 0.005483632004038392 0.01694516607773839
1 0.6186243743386243 0.14982926028806579 0.00845230952380963 0.015413495884773684
1 0.9132167407407407 0.542862262345679 0.009545354497354351 0.009954487654320943
1 0.029248222993437663 0.05471622447978013 0.009650954316002018 0.009580114840989399
1 0.3726638369510348 0.34466791205339614 0.0049247238768299235 0.015537556340793124
1 0.32304074206349204 0.8456404866255143 0.007026981481481391 0.015251948559670837
1 0.4233221190055527 0.7491737138790734 0.005198265774861203 0.016915626815861746
1 0.6167669828042327 0.6427493353909465 0.00852952645502652 0.013369641975308629
1 0.47103653091872794 0.05797445848056537 0.007573581272084746 0.01042524872398899
1 0.6155758730158729 0.053853948559670774 0.008927619047619016 0.008032843621399178
1 0.5746130783695103 0.5436502874950923 0.005809178950025284 0.014485840400471121
1 0.17765432470974254 0.44587100853945816 0.005304677183240791 0.019869682960345525
1 0.6639963346560847 0.05380419958847736 0.008978230158730177 0.011347362139917697
1 0.5191506814740029 0.15919464075382803 0.0072564361433619644 0.015950137416568526
1 0.42456085928823817 0.05639052483313702 0.008715232458354448 0.009912315076560657
1 0.42354061206461385 0.5331501524342362 0.009809235234729943 0.00849357027875936
1 0.6710901190476191 0.7435034156378599 0.005372671957671875 0.017622798353909452
1 0.5158219594901564 0.24424778239104827 0.0072884384149420256 0.012706830192383192
1 0.47111622917718315 0.24109246171967016 0.009938162544169618 0.009202002355712618
1 0.7171859034391534 0.4524351635802469 0.008115193121693157 0.021382672839506244
1 0.0757982079757698 0.24784059678052608 0.00457470974255426 0.004907734589713423
1 0.07556158505805148 0.4533519827247742 0.004732458354366477 0.006134668237141779
1 0.029262367491166074 0.6422997644287396 0.003628218071680963 0.007975068708284263
1 0.07832218576476527 0.6424531311346683 0.005205704189803141 0.005827934825284566
1 0.12722425542655225 0.645520465253239 0.0058366986370519975 0.006441401648998793
1 0.2302340989399293 0.8401428150765606 0.0042592125189298505 0.012269336474283458
1 0.3253968253968254 0.9411972736625512 0.005952380952380969 0.008680555555555556
1 0.5326554232804233 0.9193351337448558 0.002480158730158775 0.011252572016460781
1 0.7662863756613757 0.25430812757201643 0.004794973544973402 0.008359053497942427
1 0.618882275132275 0.3594393004115226 0.00628306878306881 0.006430041152263359
1 0.9608134920634918 0.84619341563786 0.004960317460317753 0.007073045267489715
1 0.9130291005291005 0.7447595164609053 0.00462962962962966 0.013824588477366203
1 0.9611441798941797 0.7400977366255144 0.007936507936507959 0.009002057613168683
1 0.6278267311291328 0.40720903081028625 0.01871490954460384 0.042644650655021835
