0 0.878063991685324 0.5852523332020053 0.03490570139804179 0.06780616125937855
0 0.8312120364368971 0.8456565604565646 0.03656809004441448 0.06924087908687067
0 0.877245401952256 0.8444003794751447 0.03537735901369708 0.0676421032923361
0 0.5976737224366206 0.49400931787088737 0.03859055512675876 0.06803736425822511
0 0.30969263156003995 0.39957491885647317 0.03734173687992 0.0686701622870535
0 0.923570147930235 0.5862869280151198 0.0352380193708401 0.06759138546484403
0 0.9231600962754422 0.5005526711889182 0.03535517698649531 0.06787707145385827
0 0.7396652103705577 0.4961927057681546 0.037177579258884465 0.06920658846369072
0 0.7851748937685036 0.8458883621855267 0.036345375381201604 0.068790896376489
0 0.8317958109386552 0.7578560191910194 0.03632974766006976 0.06767796161796132
0 0.7382537782531449 0.8461235691013738 0.03786944349371032 0.0692613102081836
0 0.9220017315895592 0.9295739262507564 0.035147284696520814 0.06760537645460053
0 0.8302091423977596 0.9318442051800334 0.035733878122689876 0.06757800347162751
0 0.7386072646766274 0.7583162174620576 0.036467579258884365 0.06814156507588479
0 0.597320236013138 0.5815809625943562 0.0385865279737239 0.07005607481128735
0 0.9224574005815118 0.8432515863909921 0.035589992217805344 0.06854206871309958
0 0.6433423427539771 0.8458665935797732 0.037607594625277185 0.06829056608082949
0 0.49914892710942843 0.8448500089491311 0.03872348558510412 0.07017508839537491
0 0.5963035600684669 0.7575913300672626 0.03795906747224243 0.06897575570705847
0 0.9677293390099974 0.7569801569650516 0.03428229840120232 0.0668398233343311
0 0.9680223856342502 0.5862937383888908 0.03463407641839799 0.06851859238069136
0 0.5013490662012133 0.49215096675768594 0.038447536125372966 0.06942525177708747
0 0.5476456457331378 0.8457585667413708 0.03894806774956822 0.06854431027349177
0 0.45119203744069836 0.7553326905104082 0.039072437753552486 0.07001402181146854
0 0.6914535975064758 0.846012776017221 0.037760859293117975 0.06812613787157265
0 0.6430166908288832 0.9341115043939286 0.037659236469019995 0.0693718433945016
0 0.8325025337856204 0.5849063332020052 0.03680593242875943 0.06894133359598942
0 0.3086573941949891 0.487407675155046 0.03799321161002178 0.06878264968990794
0 0.5966758691270351 0.6695022625047106 0.03823505512675866 0.06957654414905157
0 0.45061597304463125 0.8433957574006575 0.03893175293054252 0.07022192276102387
0 0.02462413815516457 0.8278668551098982 0.03549875754348598 0.06847312247185523
0 0.7847029861528484 0.9331071965352244 0.03657313630644195 0.06873360692955109
0 0.5471145589415074 0.9337269716305302 0.03842984761588387 0.06899251875601826
0 0.8776048749225779 0.671318240663324 0.03469041356648016 0.06772698345644579
0 0.40369938701754865 0.5782930988453077 0.037766533358057776 0.070040818460705
0 0.6916273203534411 0.7582020191910195 0.037405359293117876 0.06836996161796126
0 0.5954248779510538 0.8460949901218495 0.037607594625277185 0.06874735916498215
0 0.737888538587618 0.9339134605502071 0.03713896416265705 0.06851896262290583
0 0.500751155386738 0.5799988272051915 0.03861268922652406 0.07045234558961731
0 0.44982866913122493 0.9323798379416525 0.038395601689284874 0.07010765425436216
0 0.73978413156273 0.5835291435757763 0.03764973687453937 0.06892771284844754
0 0.6454144412615649 0.49481551614192565 0.03753411747687024 0.06919296771614884
0 0.7862916682702615 0.5844461349309672 0.03647008730292628 0.0689345232222186
0 0.2143535199910176 0.39718871950208384 0.0371999759561131 0.06964635130503999
0 0.9665438068264227 0.9289756276565373 0.033785755884534314 0.06823595160277272
0 0.8778917824148761 0.7575134243779049 0.03596717424500697 0.06836315124419012
0 0.8783019409502185 0.49938903924994565 0.03538159992783092 0.06783377299667677
0 0.5492175786873059 0.5804410262610964 0.03823584262538832 0.06956794747780705
0 0.9677242008655604 0.6722393658227414 0.03380339164970823 0.06682847527036445
0 0.5483667194809924 0.7571301881501707 0.03880241542959747 0.0696292255878484
0 0.6925115432004063 0.5833041522205854 0.03753359836787733 0.06939131630637124
0 0.4527452684882746 0.4911995744469748 0.03854963390176716 0.06973346243519024
0 0.9229878870049945 0.7571776399385612 0.03501075844559968 0.06723478928135031
0 0.7855814182702616 0.7586622174620576 0.03622116345947685 0.06883356507588473
0 0.02430913844140455 0.9154174335737608 0.0358687231171909 0.06812713285247807
0 0.4524050248057492 0.5794317276772389 0.039456950388501534 0.07020254464552217
0 0.6909811898908207 0.9342559896193772 0.03798762021835846 0.0692040207612457
0 0.6450629684145998 0.5821553591364327 0.03823706317080065 0.07029128172713466
0 0.7859985242311238 0.6714365727385887 0.03611811445596103 0.0675068545228226
0 0.4996587107412662 0.7562314393302896 0.039149749395784014 0.07004272322761092
0 0.49862544918032603 0.9333036389003524 0.03828615937422306 0.06899238726812901
0 0.4022965044209218 0.8435886480100727 0.03805102998192212 0.07011514773608837
0 0.40259949442694776 0.7544730263887008 0.0376463692098179 0.06920415224913494
0 0.8323247837856204 0.6717825727385887 0.03645043242875934 0.06819885452282254
0 0.9674588864637262 0.8420980506355132 0.034210023771280226 0.06669179028629509
0 0.26031126361400037 0.57333238404988 0.038837472771999296 0.06994323190023993
0 0.02512412065577705 0.7412398265022662 0.03524876629317974 0.06774209269457582
0 0.4017670952026198 0.9310243877019778 0.03780427841393285 0.06824328774747886
0 0.07115508128215513 0.7426504198547688 0.03731383743568975 0.06763916029046231
0 0.9232792674676148 0.6722393658227414 0.03535920413953025 0.06819885452282262
0 0.5489487986026759 0.6690906830317167 0.03837876982117925 0.06998763865704138
0 0.11863574568640096 0.6576706778839124 0.03677850862719804 0.06874064423217506
0 0.8325608625934477 0.49837268847853633 0.03668827481310429 0.0689986230429271
0 0.5950414179919197 0.934339900936005 0.0380122508635596 0.0689150503103488
0 0.40318189333502324 0.6663615553799043 0.03789420423637414 0.07078352775351825
0 0.307792028671201 0.5752406814536188 0.038303942657598074 0.06889563709276234
0 0.7864068123093994 0.32541569211575133 0.03623174491858156 0.06750661576849727
0 0.7391772723598239 0.6713716354334394 0.03737327939396724 0.06829056608082958
0 0.35412339180250896 0.9298358026355065 0.03864721639498209 0.06835639472898733
0 0.9677224372890432 0.41666261263375476 0.03426849495929376 0.06728322314342171
0 0.3548336418025089 0.7534389938147407 0.038706741664880334 0.06976422086737348
0 0.8317960609386551 0.32702518347094234 0.036095932428759414 0.06752804688981028
0 0.16467946040138595 0.7468419496320484 0.036869157944471945 0.0677372157025196
0 0.6924527143925787 0.6706371848413214 0.037884571214842476 0.06910563031735693
0 0.644298166759807 0.7577452261068667 0.03811335124907599 0.06791316853380845
0 0.6929816872395439 0.49585011095504006 0.03753662552091208 0.06989177808991977
0 0.4046114607114949 0.490175925155046 0.037550249455326624 0.06989715913085778
0 0.8778314400305312 0.32839896791028583 0.035612174245006956 0.06707806417942833
0 0.45158923840364473 0.6675142849199067 0.0389595231927106 0.07081463393656658
0 0.35690436653261065 0.48787882562709356 0.038765266934778685 0.07060934874581291
0 0.6453558624537373 0.4067899835211894 0.0376512750925253 0.06946403295762105
0 0.5499273286873059 0.4928288694904761 0.03874802613865389 0.06901226101904781
0 0.9676032660968705 0.5011270677309945 0.034030152574948715 0.06719869220140012
0 0.7399010391783852 0.4096619662315713 0.03741492164322925 0.06972648136855211
0 0.07034260971865985 0.8296678820483455 0.03793881556145535 0.06963841042448451
0 0.06998785971865985 0.9174301399434669 0.0374793068117616 0.06874107329791894
0 0.5002260335454753 0.6683024839758117 0.03824293290904941 0.07062223582475657
0 0.6444553401027002 0.6698870579099432 0.03795906747224243 0.0685189626229059
0 0.7861159318467789 0.4111470437550675 0.036587244918581174 0.06858549865817042
0 0.8778918892954257 0.4136261377002751 0.03503012708086576 0.0685189626229059
0 0.35402355166770444 0.840935472102767 0.03822070700368941 0.06964635130503999
0 0.9232222022363046 0.4149394230075256 0.035479388908219896 0.06749118856418518
0 0.9229732919483304 0.3297081392714029 0.03545019879489206 0.06649885531259371
0 0.4529871039274328 0.40278536791237823 0.03812598829334894 0.06845807456028835
0 0.692958592983899 0.3212397364303904 0.03702180654700192 0.06874735916498226
0 0.35498757543485976 0.6643874990326896 0.03878777980789845 0.0711940480007075
0 0.3073233641103592 0.6637656877521916 0.03782027177928168 0.07039262449561663
0 0.8321492973621379 0.4124100351102584 0.036099459581794266 0.06791392977948324
0 0.876890651952256 0.9313976276565371 0.035839435170247694 0.0685120207612459
0 0.21208522877418143 0.7482947698906662 0.037653634199480326 0.06920415224913494
0 0.26065150729652575 0.48617752704323597 0.038156985406948396 0.06985994591352798
0 0.11650853287259946 0.9194428463131732 0.03677393425480107 0.06838030737365358
0 0.9669023339794576 0.24829447823380954 0.03426849495929376 0.06491949194331198
0 0.30687733402572925 0.7516127947588357 0.03806235721843988 0.0696494152028035
0 0.1635942235259266 0.8333665596763974 0.038448552948146794 0.06972546790779247
0 0.4050157898331785 0.4021220693285206 0.03745159121195928 0.06890027361619325
0 0.11717577193548225 0.8322067213801844 0.03660846487872922 0.06935520405477842
0 0.21229137039806242 0.6598098417645953 0.03761225920387514 0.06999831647080947
0 0.5979077876679307 0.4059837852501513 0.038121424664138454 0.06830842949969748
0 0.5990243121696887 0.14614764416389736 0.037308375660622534 0.0661827116722053
0 0.3065223340257292 0.8393637027095746 0.038259673705174274 0.07004040496589538
0 0.21365466311764153 0.48573507798733095 0.037843724304513555 0.06985944591352794
0 0.07245754190853321 0.6563109417369268 0.03641888118415856 0.06894529104732204
0 0.2584526116881077 0.837744252473551 0.038295776623784604 0.06989689788518287
0 0.025874370942017028 0.6545419119596472 0.03499932811351601 0.06881870378673413
0 0.3574714393368197 0.4005023690924969 0.03831160869141142 0.0691984655913859
0 0.7861174454232963 0.4973449040391928 0.036355956840305986 0.0692270195850035
0 0.4546222671343883 0.22804758061841535 0.03890119436874023 0.06876195319322993
0 0.7863484835015716 0.23956723701851151 0.0368180329968566 0.0661935259629769
0 0.3555141291675598 0.5765000309815713 0.03870674166488037 0.07052993803685732
0 0.5499695296502523 0.40523156342792704 0.037925111577812066 0.06892847503233582
0 0.6459451776850476 0.32048133015291147 0.03789264462990502 0.06768733969417709
0 0.6926905567769236 0.40816376796053305 0.03718867982698169 0.06947084333139195
0 0.30621931427288224 0.9280486861160551 0.03742680507779669 0.06831975413732486
0 0.9216938625032366 0.16165344561307335 0.03523449221780557 0.0670459710164787
0 0.7397044816302717 0.32318110703803943 0.037256121778312105 0.0685189626229059
0 0.2111277121546952 0.9241930087721237 0.0370995756906096 0.06856798245575235
0 0.5022545573126306 0.31670680712935423 0.03844388537473865 0.06831638574129147
0 0.25960889177273766 0.662064389168334 0.03811321645452473 0.0696432216633317
0 0.5987899969383785 0.23165350444802266 0.03777700612324283 0.06818099110395472
0 0.1175207784977526 0.7447464347434087 0.03654850425235116 0.06890707095862358
0 0.4539017985729046 0.31558695878152043 0.0388212319758744 0.0691720824369591
0 0.2617608064228934 0.3987364161977514 0.03810729244284756 0.06964635130503992
0 0.6461226776850476 0.2333766940742517 0.038247644629905035 0.06888661185149662
0 0.2585093189685286 0.9252023073559814 0.03818236206294279 0.06793338528803747
0 0.2591552335293704 0.749897145466907 0.038566874697891995 0.06975570906618606
0 0.1635419691510797 0.9224107441639455 0.03784406169784057 0.0679805116721086
0 0.21270307767848334 0.5723087347579513 0.03820884464303335 0.06922253048409738
0 0.5017441917888426 0.40376571508009323 0.03787681257052965 0.06909217172800336
0 0.4072790208807548 0.14047369500425613 0.03812195823849045 0.06784060999148771
0 0.2113052121546952 0.8359467548337884 0.037227746568925975 0.06895509694108787
0 0.6928414353682438 0.2352484383386435 0.03725612177831203 0.0685189626229059
0 0.16510695165169223 0.6591960310687656 0.03747414919477826 0.06935458467761593
0 0.16735916009064686 0.39639136160387933 0.03697874106656271 0.06911197901944541
0 0.026624344692935745 0.5676908168039378 0.034999328113516026 0.06910160046785895
0 0.11894823474928377 0.57033222954335 0.036153530501432427 0.06902354091329987
0 0.16560693415230468 0.5709219061357765 0.037974131695390656 0.06922818772844677
0 0.5982612740914134 0.3184155457135679 0.03812545181717323 0.06766690857286427
0 0.2156010801602775 0.311070453364582 0.0371999759561131 0.06809865460937241
0 0.11973097599959003 0.48179516312929477 0.036719048000819945 0.0703206737414104
0 0.8774178612227038 0.24312440935512236 0.03572227755459264 0.06599918128975527
0 0.5038154165189442 0.14160789406016117 0.038163166962111604 0.06834021187967766
0 0.12087846068762594 0.39532884775086513 0.03676409612413567 0.06991107042253517
0 0.9674275296733881 0.3324163385179348 0.03461594065322398 0.06689052987997757
0 0.40554091167444123 0.3144527597256154 0.03804817665111749 0.06867248054876907
0 0.7854698013841587 0.07073890434752816 0.036935190612511645 0.06336619130494361
0 0.5030782218734724 0.22898460059475767 0.038276581522953344 0.06798279881048461
0 0.8317389957073451 0.2414114352895497 0.03621611719744955 0.06714116400013707
0 0.07205997790077348 0.5683512841756421 0.03662371816986405 0.06896047565670843
0 0.033621217822376204 0.13746025376480334 0.033743608103716356 0.06686943291583405
0 0.3580608966172406 0.3128763616138054 0.038583206765518734 0.06905727677238921
0 0.8767203131388751 0.15850720020098893 0.035733072774796086 0.06714858337044778
0 0.07358503972110976 0.4813270748330815 0.03717392930747423 0.06987185033383694
0 0.3600255849452378 0.1396854959483511 0.03820283010952442 0.06803300810329775
0 0.5506078160523568 0.31771610571321174 0.038294367895286625 0.06768178857357646
0 0.5508545220086627 0.2304796754258929 0.03788046332116396 0.06831975413732493
0 0.4554771640966928 0.1412762447682324 0.03856952619819655 0.06767691329582015
0 0.3103878752425654 0.31185271232187667 0.03737124951486923 0.06833657535624664
0 0.693098844855199 0.15005081650050817 0.03730231028960197 0.06668036699898365
0 0.5037587092385233 0.057548180444852215 0.03827658152295342 0.062065639110295556
0 0.312854066082128 0.13949721967343595 0.03731339051695492 0.0676564555534674
0 0.35881234758018693 0.22639840389909013 0.0384983048396261 0.06900119220181972
0 0.02899180531931382 0.3942518179735855 0.035734389361372354 0.06824436405282913
0 0.9226879386597873 0.24565089206550414 0.035348122680425614 0.06739780203729719
0 0.4064706126373876 0.22762930201090015 0.03831977472522489 0.06792539597819966
0 0.21848397810163303 0.13866184665642237 0.03729504379673388 0.06731230668715528
0 0.7388701190056228 0.15185184517359038 0.03652465745425508 0.06708487275607915
0 0.7397044816302717 0.23718980894629255 0.037256121778312105 0.06737697991252413
0 0.45646307234005995 0.05622158327713718 0.03781939322472751 0.06339223627801062
0 0.8761324046035327 0.07579086976829169 0.03549451662935182 0.06159350195850032
0 0.6923926220082338 0.06547216313223017 0.03706144075222234 0.064709329062318
0 0.16669192102776403 0.48332026631414793 0.037644192943246994 0.06947205463229197
0 0.7854662742311238 0.15396079921088995 0.0364595058438219 0.0676484361574566
0 0.40846254087177236 0.055811048343411725 0.03663290315190406 0.06168676829874968
0 0.31149507620551176 0.22491820484318512 0.03799784758897656 0.06780959031362974
0 0.07437239696610619 0.3944880354793118 0.036998705045323425 0.06969150543398799
0 0.966228731499348 0.16364612239770687 0.03479581184955549 0.06554980757591329
0 0.6462398353007026 0.1474140407059737 0.038013329398594926 0.06780191858805258
0 0.7387672207050311 0.06771957472563865 0.03702180654700192 0.06417942832345518
0 0.26285065290494386 0.3112999635019954 0.038018694190112244 0.06944207299600923
0 0.027511844692935748 0.4812687801671622 0.03527438061167859 0.07024261418685127
0 0.8307359489942606 0.07308689346443295 0.03608454562176125 0.062123859444768004
0 0.9208887342408362 0.0791394018294563 0.03549875754348598 0.06280904907099706
0 0.2656318776350456 0.13888294618437486 0.03813724472990889 0.06687010763125024
0 0.5987955376679307 0.06190137004807747 0.036850826657106546 0.06396284607215047
0 0.12362090818946338 0.22266415743944637 0.03674918362107327 0.06816568512110723
0 0.2640071829895738 0.22446165507920884 0.03783663402085242 0.06733868984158223
0 0.2669580295609382 0.054174284693279645 0.03761394087812356 0.06327743061344071
0 0.08074966941282057 0.053533277718212396 0.036253722422215216 0.06325350411813438
0 0.03476895251041215 0.05400111601442565 0.03403914747733832 0.06175241478629558
0 0.551593974295724 0.14319864288004241 0.037998393165184934 0.06709971896039008
0 0.36118161502986773 0.05507303351316091 0.038019769940264576 0.06286393297367815
0 0.831246042118008 0.1562297705077208 0.03616747094401576 0.06670486174128581
0 0.1265308622535711 0.05365511601442566 0.036319310491632784 0.06203512115600172
0 0.9654893882855272 0.0827881109835897 0.03566027773501534 0.061427398780362456
0 0.21690534760995825 0.22395723935129389 0.03685973227358769 0.0676564555534674
0 0.0297112987570435 0.30864311963302304 0.034923454984075564 0.0685752884399824
0 0.16858937946671868 0.30939366429894244 0.03693926731564391 0.06861431821726201
0 0.31420458733771794 0.05494813304111342 0.036838825324564145 0.061729733917773144
0 0.6462398353007026 0.06350695621638289 0.038013329398594926 0.06260608756723422
0 0.12197344100081499 0.3090278994103027 0.03670413549775759 0.06934484799454162
0 0.22027879458836752 0.053717734929303394 0.03725541082326494 0.0628065301413932
0 0.5517295233327776 0.059706028792685994 0.03758900387424135 0.063285942414628
0 0.1716865769685561 0.1372165771723768 0.03788384606288777 0.06881884565524633
0 0.17299394521191758 0.053828159267020836 0.036998705045323405 0.06238120766119207
0 0.031098781257655972 0.22229864255080659 0.035198507482238094 0.0679220085286807
0 0.12500814069007585 0.13776722398752378 0.03602377111801087 0.06748337336127488
0 0.07880995003674872 0.13746025376480334 0.036624134925277614 0.06833149247039326
0 0.17017409884279047 0.2233756723280862 0.03710881106411274 0.06861400852868069
0 0.07565000472233473 0.30843822281787614 0.03680401680441186 0.06865284799454163
0 0.07716223284810032 0.22205496595838006 0.037578551803186894 0.0679220085286807
1 0.7951319083054205 0.2418431410862539 0.005365501379531022 0.02929235133098081
1 0.22217912468910236 0.14778845197165497 0.009299993989028267 0.019677857987773193
1 0.8305251654207955 0.9353955735383669 0.009481756090921839 0.021567807565957726
1 0.7458964884839921 0.49848223058343893 0.011516139886193126 0.02442487499857236
1 0.31222848325263886 0.5823855300004421 0.004767017045074351 0.0070232732182141456
1 0.9726788402424108 0.425866077075268 0.0054935281717200845 0.008409223309009044
1 0.3177528677288507 0.06930074574936154 0.005601264542298497 0.02056750850127692
1 0.4988372228825706 0.9348595181639109 0.014353105562753626 0.025751316578490963
1 0.5991530628099551 0.8635629298051776 0.003439288538118943 0.019194101105439204
1 0.3161436035911586 0.24449694088074994 0.007824574208848413 0.008004692146544735
1 0.4546713673169109 0.937353113879616 0.006292724422340482 0.015185956703825464
1 0.8871420741048279 0.16255922042835771 0.0038767349713140975 0.022044303099341057
1 0.7457278063665792 0.0962611788830267 0.0045897319504047554 0.005725840756220942
1 0.5015483978730233 0.6854730707214477 0.005158650137628613 0.010892743331085475
1 0.4010130433406984 0.7608814279297861 0.007468125505162598 0.016490293421911165
1 0.40377867159491354 0.9309218053110264 0.008824662785051817 0.010268161928128877
1 0.7340106620073084 0.9416215661636232 0.0074042803136543595 0.008337029149108659
1 0.4587051913246934 0.6773218214179112 0.005557313481248605 0.018793459875963116
1 0.9644357313101385 0.8477417750379708 0.005343364613245101 0.01246579157102548
1 0.16979397698080567 0.7607365524270189 0.004400006459773908 0.01364069211462561
1 0.2591816327562801 0.9328284011823296 0.017407119904142017 0.02028900614103943
1 0.6964582478085668 0.41736723240204643 0.006122343304032146 0.00941915471010764
1 0.9737971283206863 0.6828336406380257 0.006303050022201402 0.006995936602829778
1 0.3565954080559497 0.851358640163282 0.004950183138430426 0.016519484102944033
1 0.5517271419958053 0.8520028450197186 0.004282119906742212 0.018240876195584853
1 0.3150880497393734 0.6644080398393711 0.004038124748644961 0.014993686287407337
1 0.9306128163402069 0.7631870453481333 0.003397570853997044 0.018043326824031865
1 0.17148141792037278 0.8429725582508896 0.007774888338908166 0.010482584653248124
1 0.35494857893426607 0.7550332416534927 0.006429208408328741 0.018582488027460733
1 0.6473058468662095 0.77015305251122 0.0043745414193176275 0.016901518854134198
1 0.2648196817933337 0.8364068036166356 0.005450534464983851 0.020333412897841196
1 0.2199057506725484 0.23088605220988975 0.006588210128260505 0.014443113860729336
1 0.21588461656238198 0.49237206628563845 0.013496332740175193 0.02122555468344072
1 0.5092947366241702 0.5859805252799672 0.0055440111531879985 0.013099254336314368
1 0.7909357778428003 0.41539521511242816 0.009540088141189059 0.020215085551634725
1 0.924630893750033 0.9281538535320284 0.0035822656495849902 0.013207362390835205
1 0.6495356187166906 0.3321835358097228 0.006475824195039295 0.0231065200303767
1 0.02952637658431955 0.9155100471148692 0.009694840665576706 0.011613562381207853
1 0.557194587120529 0.06811022686746186 0.004785712145905562 0.014978458455398636
1 0.17576632386116486 0.31918454479994157 0.009204726469573564 0.009761910936205521
1 0.7864558212236292 0.9375837644346614 0.011470544440226908 0.021894149616864554
1 0.22739806565653986 0.32432230614822505 0.0045328400962435875 0.011967612296450192
1 0.4487880168173785 0.8493085992593186 0.00717107245852281 0.012523192324742229
1 0.4603105696410769 0.1566493338741059 0.005748993673735895 0.011684473412781712
1 0.21774855602707663 0.9265084580270183 0.007726991715633411 0.017894124550891625
1 0.792817353999351 0.16222684117589958 0.010463240454290422 0.017684337678577536
1 0.5101110230262748 0.32998954552715654 0.005272413079080679 0.01832109577478793
1 0.6020835167778492 0.7662600957352655 0.006950989854736202 0.01372439838637846
1 0.7360272815446879 0.851399524898078 0.005011247858065972 0.018854084375392485
1 0.2661458337192264 0.4110027567822279 0.004839692708351059 0.020792722061310873
1 0.03670378689995849 0.8204272435182026 0.005589661296854619 0.012198780666699114
1 0.6945059978085667 0.9343828076587072 0.00955821284141194 0.015049063728344905
1 0.6974646690007392 0.6817786147035984 0.004109500919687146 0.018241850154738608
1 0.8391564585894692 0.6802974423669874 0.007527764865836821 0.010241160808295386
1 0.1684992226059588 0.5880085684853062 0.006739523959161455 0.014050605122081984
1 0.7459759802100283 0.32829398422065387 0.004327699494816602 0.01763862376808612
1 0.9749757587833066 0.577915401381228 0.0044144195595811515 0.016300251173387154
1 0.8358086486607127 0.4288386373091461 0.004850775470944337 0.015711102281681575
1 0.4131359754621927 0.32618780142775017 0.004376292681018098 0.016196204743690292
1 0.4101627444146165 0.4103538089064418 0.004652026734080232 0.01766862725383332
1 0.21208082016476867 0.7544416966099914 0.008174665599435629 0.006499606437312879
1 0.26579083371922635 0.673563480634445 0.0053228635866674435 0.015255165045270073
1 0.26408016915838456 0.5810690276402047 0.00806370534330025 0.016731462833169303
1 0.8857685578770338 0.5047906269856223 0.01248164820965581 0.023684702382175918
1 0.2695434603752207 0.3242936047320826 0.007117604263707038 0.014236010408260221
1 0.21857197058791838 0.8385790026725405 0.006306991715633374 0.017315611953745876
1 0.40635565500703025 0.8470860430155525 0.004615368249709118 0.019431086031104834
1 0.3594747910294186 0.6776973740257801 0.005542632598633816 0.016715757492510305
1 0.3683354589022491 0.32808600402401134 0.007555430439447449 0.006651211824402674
1 0.07685485223642173 0.4063183463253569 0.004034774470393528 0.014840279911301789
1 0.8768861227882107 0.9324380318641725 0.009392462800699705 0.00980275363435983
1 0.07489235879869205 0.6663409998659778 0.005709840093096746 0.015288174253131254
1 0.6439404011722791 0.8509563525614672 0.010402487113247923 0.01106136044971265
1 0.36805491467992707 0.06455402781155684 0.017189683751436237 0.018553264119968545
1 0.7402641050499619 0.7666998628849909 0.0040356882494426306 0.018326381096760123
1 0.41356012107061074 0.14342799732745942 0.0076109256544871174 0.012479601263583757
1 0.2708131550206925 0.1482103385945808 0.0061660188245488265 0.017065288518301476
1 0.409313150078086 0.06974031860441972 0.0056707280420904204 0.010833876869672885
1 0.7944292126114901 0.7642880784456472 0.003724794760360018 0.019952398386378616
1 0.2714809540577462 0.2323519005577235 0.005284078993808682 0.015491208668206967
1 0.5004777666379111 0.8543175427124099 0.008190434824901331 0.009682860813526527
1 0.5123645579256364 0.06885537379915316 0.010745824634436504 0.01702575703925616
1 0.1732961416712915 0.23048161134801895 0.006895344590439362 0.013670044032360284
1 0.5979070356569203 0.6763976752172621 0.007102919000739239 0.009361626508844596
1 0.3617871011986785 0.1525834381225333 0.007722885910622555 0.01318327907735162
1 0.7908327288392843 0.8519705162532689 0.004591251059398019 0.0199960670857741
1 0.0764773281747639 0.9233707417028121 0.007289735096771617 0.025620717481358943
1 0.7465031894804762 0.2502518737966357 0.004444857110471495 0.020697161424966002
1 0.3195849991995768 0.14826774142686577 0.006158852790735413 0.016066084741921526
1 0.5487386425441171 0.9379500945244551 0.007911957681200541 0.021818663687243434
1 0.30923311772885076 0.9306030551947332 0.010757748092650623 0.016337916054036845
1 0.4010454847851531 0.6068202007334977 0.005874361866735666 0.015197609963850129
1 0.03381610689750859 0.4105246420269019 0.004365266293179741 0.01763681175983244
1 0.2198930623445512 0.6659844379511812 0.004345295567418684 0.016705079678742383
1 0.9736198783206862 0.510535092406386 0.005017343403030407 0.020874840139550262
1 0.8248692553420388 0.15252554323374873 0.003157886308040669 0.012707543320442364
1 0.3170582982366304 0.3277641995395602 0.00917079262147545 0.014370005687785271
1 0.6423484419018314 0.9336908076587069 0.009368731490561112 0.01734664989665056
1 0.1732957699867041 0.9271862163631156 0.006688026849886114 0.017337651764235452
1 0.45406813281582276 0.23818659253291616 0.003943632658176393 0.017529995450877085
1 0.5603153055331562 0.2465686849801563 0.0035345159976909388 0.016684976568977446
1 0.7022271881999435 0.1592333498207087 0.006768854549405956 0.020930561884043058
1 0.9253248657947797 0.17083124664257082 0.006646268410440438 0.023734506714858376
1 0.972145191089929 0.7589617093197208 0.005857880782753496 0.02146927495517718
1 0.02787402440914568 0.4883035235635265 0.012499562515311969 0.016570008285004097
1 0.12891063758268462 0.14159304596958916 0.00916938016169434 0.0213609132755008
1 0.0793147909885654 0.5747329621935767 0.0071146169759058455 0.016721511647741074
1 0.8368630672016084 0.33700369950152453 0.006490982090115251 0.023515640498132807
1 0.8346742383937809 0.8456623698510853 0.01086863970577034 0.016167808860643815
1 0.5116713822325883 0.15637083151386844 0.005100473248340471 0.015779070580496803
1 0.8826585903326221 0.5918019959145568 0.008391713120832825 0.01730502640835014
1 0.03146863314658987 0.6619500722379258 0.005310345040423589 0.01724708492129249
1 0.9283495508836028 0.5946739786249386 0.004878003760173578 0.015215405660808182
1 0.8822487886778294 0.3373701306228373 0.007571109811247359 0.014103709656605774
1 0.744385784516098 0.5999475302140075 0.0037590471817149974 0.020199267343862435
1 0.6020925846604361 0.07201451547101075 0.003886756082530476 0.020416479352952606
1 0.5542033101827953 0.7691783777481451 0.006305521914669729 0.014052546267055474
1 0.45959588093419845 0.7657956794782598 0.00829476186839692 0.01257246525015711
1 0.6007414949273682 0.5867461253069078 0.004948728929495664 0.02147845752966299
1 0.2271491020586444 0.40895971409896414 0.005484425535401798 0.012055034806593095
1 0.4104956099384046 0.6694688834667301 0.005574099538289323 0.017695771653935027
1 0.12695321851735192 0.5786760664140552 0.004084533281335151 0.020044426458404378
1 0.6474141865992775 0.681684847553873 0.009547112273314555 0.008836729686982398
1 0.8807186853682439 0.7649902940063037 0.007585218423386427 0.0121528640869278
1 0.12199828632747853 0.920612489631561 0.009244563905263344 0.013105153784297593
1 0.6024310816890261 0.23748550374855823 0.010614836621947654 0.013609992502883523
1 0.5066963220633284 0.4126796098505367 0.009833523788137065 0.009921631974308266
1 0.03246859814781483 0.7558139928724598 0.0068102925422610225 0.015688160266094906
1 0.4612178861278114 0.07456942120289195 0.00779045576888843 0.01046185184673376
1 0.9281081813462231 0.8454475940565508 0.009812732229825712 0.010659050355727678
1 0.8379648523084737 0.7659997254074022 0.008131295383052699 0.01955754918519538
1 0.7862320874514235 0.6730683994227278 0.008403283514986263 0.011909040340539035
1 0.8358546324329186 0.5899811339517169 0.009679427784045565 0.008613337061906885
1 0.22600020013275174 0.06705787615939061 0.004152963440249281 0.016198761759731093
1 0.6524819448732413 0.15429558267098337 0.006909683127311608 0.02167023450043964
1 0.7406635752456504 0.6827024164325601 0.007923052484268491 0.013196695107746098
1 0.556398367205159 0.6807683219015664 0.008873272315165454 0.013669255132272769
1 0.0852269272425465 0.14902041404308203 0.007539915732949355 0.009917649422486505
1 0.6002501879700217 0.9362201955559741 0.013195115014802762 0.016399011859490376
1 0.07700982817476389 0.751340256725474 0.006724717597384096 0.018300041156976556
1 0.12828540945691902 0.23648070067985769 0.008419906410775644 0.009956869511184796
1 0.704458223626942 0.07284455005024723 0.007930349246852283 0.006879790006509302
1 0.12274826007839727 0.756769184353526 0.008994572654957057 0.015239836858521321
1 0.9291057846558084 0.6812042181615219 0.009457732229825542 0.013909126229058983
1 0.35592529102941856 0.9345584011823297 0.014683094693786352 0.01594460802922928
1 0.2667672958143789 0.7562391942497539 0.010401642168554484 0.009537596996362991
1 0.7467254096761647 0.41736723240204643 0.010092612733158243 0.010332740878413089
1 0.8393183364008127 0.508035851191088 0.015405042339004922 0.009428771540648782
1 0.1260954488305409 0.3239847660582874 0.00904995890893821 0.00747176619230966
1 0.793401628501109 0.5019183942752407 0.01257510468911631 0.024404443877259582
1 0.03157110471008514 0.575937079231444 0.009605244418945343 0.007490332984063529
1 0.18033602573784918 0.06299792310785128 0.0050651477223297246 0.019186667552024965
1 0.17011392229521968 0.6665018679394707 0.009509914587989445 0.013991731736439424
1 0.9793835279825106 0.34300039777256275 0.008720534114540402 0.01243583012436185
1 0.3112547633372688 0.7595317416534929 0.011704697552854052 0.007816691803840368
1 0.5037515004588485 0.76614431582705 0.010478902466776109 0.009241414733836143
1 0.696749378271187 0.5093926096960041 0.006945973766652451 0.017221495466328618
1 0.08456968161739338 0.3224398979847946 0.009354389483868077 0.006662676860470831
1 0.12545073382931599 0.6729883104561626 0.007339493907713211 0.0166141486183537
1 0.36152363128330844 0.5868362219756348 0.008476654863046202 0.013156657168599513
1 0.36190051575952026 0.23265910433410347 0.00885703151904064 0.008686014332776838
1 0.45692588131307976 0.4984895130808008 0.008662275261108675 0.02358322993798154
1 0.2204011098788619 0.5879172740998486 0.010587732392672928 0.009667955752456927
1 0.6525920481828268 0.4194159909069626 0.009266944052552075 0.019025430224856494
1 0.5004198124338651 0.4966920154410383 0.00696216277257776 0.021871836546646494
1 0.6047301445891926 0.32934560496819576 0.010093082559214294 0.008683486010711814
1 0.12826567258145966 0.4160558930625274 0.008209388911388114 0.013397254276524297
1 0.08777163786892458 0.06297840821921147 0.006950336985705515 0.018250990959598447
1 0.6550667167237224 0.07742660163931617 0.00900391159696366 0.011419479352952587
1 0.8834309462934846 0.2560128651518266 0.007315631661728166 0.010545557967042327
1 0.6956861418477044 0.7685508715298001 0.010009707538858168 0.01325398455468354
1 0.46096154437117864 0.3268798014277502 0.009437284890571856 0.01171681135235518
1 0.648995814410621 0.5048076529200498 0.011070161276830578 0.01679875425103063
1 0.6018099680042551 0.4220768097571002 0.006795141707994007 0.01690134411365009
1 0.6470574230227603 0.5893931166620987 0.009557693732418937 0.012530130146059582
1 0.700398900121668 0.24087008963707787 0.009019539318095831 0.007942006937544923
1 0.40923097546219267 0.5040069064721359 0.010598488829232946 0.022276822385221818
1 0.9744883434030305 0.25500473922824807 0.009372609252405432 0.01667294757157377
1 0.558298970093998 0.3290520004836551 0.009381819849476227 0.0078146122964502
1 0.9730715061320295 0.9336874024718215 0.013377859950957883 0.01598308101796329
1 0.037901238776642816 0.3043640704347191 0.009694530051448203 0.01064902176031974
1 0.9317559396201868 0.25623785650701747 0.009078042158582083 0.010552368340813268
1 0.9793196584451309 0.17818603052234286 0.010254164577160644 0.012259957866547959
1 0.9252166568444651 0.4272364563277262 0.011143791838448991 0.011149981813925233
1 0.55636379440095 0.594526314422875 0.007581443193481875 0.014580036398509785
1 0.08423441849285275 0.22698733053511383 0.00977492448264311 0.008962129221697012
1 0.553134221596741 0.5030119585963496 0.010864981098329313 0.022055722857269137
1 0.6007859651230565 0.15937478958683063 0.009546093164321704 0.008771062163828818
1 0.03701348877664282 0.22808387520103324 0.01172002130175444 0.011642571738388854
1 0.7913443159210756 0.32693382052885217 0.011769109991670324 0.009852710216177306
1 0.31365636518415096 0.4954225808108329 0.010711749798514268 0.016156990790943484
1 0.1717491088599399 0.4994127074053316 0.015739208970186044 0.01189635525610416
1 0.881298932716967 0.08729532556499595 0.011579658814763211 0.010410547951853994
1 0.554978117205159 0.41606785631018045 0.011713772315165535 0.010662523005405853
1 0.046170592219272326 0.06332915718358596 0.010405219437319695 0.009264488888347407
1 0.8363836052798835 0.24613733085237585 0.010730319171906685 0.008370558526613937
1 0.9305169667732215 0.5060740494621261 0.00991578123334186 0.01472275425103063
1 0.6514757736810689 0.24327556370265055 0.011733808287378052 0.008155782732079375
1 0.26905797150742694 0.4927940722857269 0.012851993554650599 0.017728348347833683
1 0.07603705630052948 0.4908497648886398 0.011670156349527762 0.016351057483308198
1 0.12161822507962222 0.4932089712583459 0.015504493907713215 0.01601882340757346
1 0.36596387346309095 0.5024879111926108 0.012525430439447455 0.017797428993886588
1 0.5978257803543666 0.502755489228248 0.016403723626941983 0.010853633783274471
1 0.0723199550453234 0.8382156157341976 0.0028549275900343674 0.01268617191383603
1 0.6933520574171901 0.8523335421876962 0.002259169140449645 0.012874912038781746
1 0.30802982651201455 0.8501856448837569 0.004544823902345579 0.00825269732027368
1 0.5090335846982775 0.24450703568822751 0.00425168203150433 0.01859727987330987
1 0.8882603382808995 0.42139162013087117 0.0030460980070317212 0.00593831009398518
1 0.16615723374029145 0.931212426920076 0.006004439971334672 0.013634474969114723
1 0.29843188221001515 0.5098989730123558 0.0058109348457542846 0.01557679781914254
1 0.4453500846922055 0.9476624707527976 0.005263434106091376 0.011999019342634854
1 0.9255033216694557 0.9444289224641261 0.004777265507922791 0.0067341514610959686
1 0.8347621776592941 0.17116719813646333 0.007347237400067768 0.01070478172045443
