0 0.42435033351862134 0.452206279723303 0.041689827682045585 0.08309014267185466
0 0.5757947534741523 0.8466876046260268 0.04093775597554209 0.08168314267185482
0 0.47501608310172316 0.5532326049502809 0.04053383379655376 0.07978179009943788
0 0.4271296553640911 0.8463778102031992 0.04099499722067818 0.0830901426718547
0 0.32358633615897714 0.2564366627756161 0.04270491245136192 0.08268255598789453
0 0.17648033060033347 0.4529743245784696 0.04205877126181216 0.08462623238218771
0 0.3280208465814341 0.9440750757674016 0.041846306837131815 0.07717684846519646
0 0.22605726528627013 0.4538256338089061 0.041504469427459764 0.08362673238218764
0 0.2752086428571428 0.4528244865974924 0.04148871428571432 0.08365102680501514
0 0.2271879919399666 0.6525448844574147 0.04063918565869931 0.07980064223951573
0 0.9706957654252363 0.6522563252269779 0.03828563868816011 0.0805745830090791
0 0.9705739299610895 0.15227113056636402 0.03873679822123392 0.07836143536532643
0 0.5246962297109504 0.5521289429312581 0.03983854057809891 0.08095211413748386
0 0.7727209560867148 0.35357895590142674 0.04116870483602 0.07903696498054473
0 0.6238306543913285 0.4511648393860787 0.04112295414118949 0.08303385084306095
0 0.724365905225125 0.7501077667531344 0.03999779155086145 0.08104940726329445
0 0.972873223040578 0.3543074274751405 0.03951381684269027 0.07981837851275402
0 0.42411412937743187 0.3539391043017726 0.04191224986103391 0.07908173216601813
0 0.2736589772095608 0.25596492650237784 0.04116870483602 0.08511673151750977
0 0.5243298144802668 0.4516016041936878 0.04049537103946627 0.08188079161262424
0 0.22661343051695382 0.5528356781236489 0.04122713896609234 0.083716643752702
0 0.6242009449694276 0.6492920449632511 0.040821289605336375 0.08140131863380892
0 0.22845417620900496 0.8482454434716816 0.040739647581990064 0.08007011305663633
0 0.7219983324068928 0.05600816039775181 0.04116870483602 0.07971249459576309
0 0.0272323483879933 0.45317101621271066 0.04268732045580885 0.0829930268050151
0 0.7715609566425792 0.05680073616515347 0.03989095163979986 0.07994658690012972
0 0.7730804056420234 0.5509855744703848 0.04049794302390209 0.08271855490704717
0 0.07895619399666479 0.6522112668612191 0.04121561200667043 0.08048446627756158
0 0.8728732074763756 0.45197179496325113 0.04101461951083932 0.08532329161262422
0 0.0257593250416898 0.1593715017293558 0.04008868899388556 0.07702499654128837
0 0.9685762923846581 0.06073686770428014 0.037868260144524664 0.07633484651967141
0 0.5261247297109506 0.8469248842412451 0.04200071011673155 0.08283323151750968
0 0.22480499624791545 0.25636882479463896 0.04073700750416902 0.081871350410722
0 0.47648241356309057 0.847633134241245 0.039992342412451365 0.0808720834414179
0 0.12392301278488042 0.1580131322957198 0.04047387437465259 0.07836143536532643
0 0.5250138966092274 0.6511497514051016 0.04047387437465265 0.07971249459576314
0 0.9238478921623124 0.2522748091223519 0.042213571984435865 0.08381626329442282
0 0.12727940633685378 0.5531180753350626 0.04093318732629246 0.0822548493298747
0 0.37620930892162313 0.6506043252269779 0.04094696692607016 0.0819992903156074
0 0.47708782879377426 0.942830281344574 0.04050834241245142 0.07874043731085163
0 0.8230961645358533 0.452206279723303 0.040821289605336375 0.083765672287073
0 0.4731666297943302 0.0558524269347168 0.04169874041133974 0.08210314613056638
0 0.5257955808782657 0.7482571335927367 0.04134241245136191 0.08005025940337221
0 0.5263717063646469 0.9431250461521833 0.04075758727070595 0.0779789076956333
0 0.12687257017787656 0.45191833754863814 0.039785988048916004 0.0816394381755296
0 0.37545163979988877 0.5531979571984436 0.04082128960533627 0.08106355382619974
0 0.17594844357976647 0.355098897535668 0.04099499722067816 0.07937472978815391
0 0.27467533143413 0.3550903839169909 0.04146433713173988 0.08003323216601811
0 0.17696626486937184 0.5529087957198443 0.041293563646470334 0.08318734932987462
0 0.3270740689271817 0.8473911046260267 0.041689827682045585 0.08038802421098139
0 0.5736351306281268 0.2535941331603977 0.04182973874374655 0.08240173367920449
0 0.07658768760422452 0.35526777993947256 0.04134241245136187 0.08038802421098139
0 0.7229628861867704 0.25332858873757014 0.041013321011673196 0.08119511521833107
0 0.5740862979433018 0.5511713683527886 0.041689827682045634 0.0830901426718547
0 0.7232142857142857 0.45237516212710766 0.04082128960533627 0.08207684824902713
0 0.42478460255697603 0.5537046044098572 0.04116870483602 0.07869920017293561
0 0.5740970034741523 0.4510935745784695 0.04066899305169542 0.08356685084306084
0 0.47424696025569757 0.4519188541936878 0.04108007948860478 0.08251529161262426
0 0.47571168690939414 0.6503447215737137 0.04088279571984447 0.08148008300907901
0 0.7730177594496942 0.25195195633376566 0.04106748110061135 0.08384608733246869
0 0.7242565314063368 0.8480666342412451 0.04047387437465265 0.07971249459576314
0 0.9226306281267371 0.15227113056636402 0.0411687048360201 0.07903696498054476
0 0.4762020566981656 0.7494393104193687 0.041168704836020045 0.08038802421098148
0 0.12974221789883264 0.8480666342412451 0.041342412451361873 0.08038802421098139
0 0.473335881045025 0.25326280804150453 0.041342412451361964 0.08106355382619977
0 0.025778210116731457 0.05938580847384347 0.03734713729849918 0.07903696498054476
0 0.5735651750972762 0.3520590142671855 0.04134241245136191 0.07937472978815391
0 0.5747811284046692 0.6511497514051015 0.04030016675931074 0.08038802421098139
0 0.8716474430239022 0.15193336575875482 0.039257921067259664 0.07633484651967141
0 0.6739479852695942 0.45162233938607865 0.04130202946081149 0.08327332122784249
0 0.6751841300722623 0.6514875162127107 0.04030016675931074 0.08106355382619974
0 0.4236273369927737 0.25477453037181147 0.042328326014452494 0.08273593925637703
0 0.773370674680378 0.6523658992650238 0.04038365063924405 0.08011820146995241
0 0.7724924099499723 0.45243355977086036 0.03966936687048366 0.0842202323821876
0 0.0758925140355753 0.25669619239083435 0.0413417262367983 0.08320161521833115
0 0.17924888827126176 0.846884457414613 0.04134241245136189 0.08207684824902728
0 0.5759102279043913 0.7485948984003459 0.04151612006670372 0.08140131863380892
0 0.27704627570872703 0.7491015456117596 0.04134241245136181 0.08038802421098148
0 0.8736610950528071 0.35363107468655425 0.04050590327959976 0.0811677913964548
0 0.8233095098665926 0.6521288548421962 0.04124798026681497 0.0836972903156075
0 0.22537460005558643 0.35502458949416343 0.04152879988882717 0.07855058408992649
0 0.823356725958866 0.3532411910938176 0.040994997220678085 0.07836143536532637
0 0.8209310375208448 0.05576330933852138 0.039965187882156625 0.08057385170773888
0 0.9704367040022236 0.8476093110678772 0.03950459199555313 0.07947337786424549
0 0.6753578376876043 0.7491015456117596 0.04134241245136191 0.0817390834414181
0 0.5237727954419122 0.25387578037181147 0.04111840911617567 0.08093843925637702
0 0.7737668018343524 0.943728678555988 0.03978624402445793 0.07851064288802433
0 0.6246352140077821 0.7487637808041505 0.04099499722067818 0.08038802421098139
0 0.08080248207337407 0.9443191933635968 0.04143403585325187 0.07834061327280573
0 0.5244059199555309 0.35222789667099 0.039257921067259664 0.08038802421098139
0 0.027949555308504667 0.7497770752269779 0.0420372429127293 0.08106355382619974
0 0.32556714327404107 0.5528580012970169 0.041802713451917786 0.08173470125378311
0 0.028581839772095576 0.6512862372460008 0.041217320455808844 0.0813365255079983
0 0.22311006114508056 0.15784424989191523 0.0408212896053363 0.08005025940337224
0 0.6255906058921623 0.8478977518374405 0.04047387437465265 0.08005025940337221
0 0.029078654808226734 0.8473911046260267 0.04255836575875487 0.08106355382619974
0 0.12892434060589214 0.7505232815607437 0.041443734018899454 0.08120490726329452
0 0.8732803640911618 0.5527658105274534 0.04043927181767647 0.08290137894509304
0 0.17838035019455245 0.7504526048421962 0.04134241245136189 0.08038802421098139
0 0.8731008727070596 0.2516501767185473 0.0418173652028905 0.08391805771725032
0 0.47412864883268474 0.353385471897968 0.04049604141189543 0.08000105620406397
0 0.6726792395775432 0.25437194066147856 0.04084902946081164 0.08328181906614786
0 0.37658073929961083 0.748932663207955 0.04030016675931074 0.08072578901859057
0 0.025691356309060526 0.35442336792044965 0.041342412451361873 0.08005025940337226
0 0.3244684546970538 0.4525440445309122 0.04203724291272931 0.083765672287073
0 0.6240797158143414 0.550311354085603 0.04162107698721523 0.08407223259835718
0 0.22754330336297937 0.7497651343493299 0.041002393274041204 0.08171520168612191
0 0.9204592829349639 0.7497770752269779 0.039257921067259664 0.07903696498054479
0 0.37301596372984985 0.25531814796800684 0.041508581156197925 0.08247211521833114
0 0.9208916655086158 0.9447543405750107 0.039427855753196184 0.07718431884997834
0 0.8232808636742636 0.7494382075226976 0.039453611728738326 0.08038581841763943
0 0.12827638299055028 0.6520407224383916 0.04014781878821576 0.08014337743190648
0 0.872797198860478 0.7501458843493297 0.03912552612562539 0.08045011284046695
0 0.3271307661200667 0.7492680019455253 0.042150637298499154 0.0820719961089494
0 0.9217180764313508 0.8483704286640725 0.038996186214563675 0.08099561305663627
0 0.8236675712896054 0.8479671490488544 0.04092185742078931 0.08154011305663673
0 0.32221025569760975 0.05752810203199307 0.041689827682045585 0.08005025940337225
0 0.07775050972762643 0.4529995014051016 0.04193098054474714 0.08264999718979678
0 0.12609792968315728 0.35552161910938174 0.04100214063368546 0.08089570255079974
0 0.9241071428571428 0.35256566147859925 0.042037242912729256 0.08106355382619974
0 0.723367112840467 0.551327516104626 0.0411269438576987 0.08205137894509305
0 0.1739359577543079 0.1574191628837008 0.04183383879933297 0.08122667423259838
0 0.17516675931072812 0.256302691309987 0.042210950528071146 0.08241461305663646
0 0.7723691789883269 0.15364888326848244 0.04081256586992775 0.07638823346303503
0 0.9701615578098942 0.9413884137483788 0.03860688438021112 0.07518117250324272
0 0.723995969983324 0.6525008106355382 0.040647581989994463 0.07903696498054469
0 0.6756708581156198 0.8484090758754864 0.04162103807670923 0.07972184824902731
0 0.3228831285436353 0.1570779128837008 0.04164591245136191 0.08054417423259837
0 0.9234991662034464 0.4538951037613489 0.040473874374652545 0.08241461305663635
0 0.42573999444135624 0.6506431041936879 0.04099499722067818 0.0800502594033723
0 0.2769939309338521 0.6519517668612191 0.04158513813229579 0.07996546627756156
0 0.9713556142301277 0.5533668396022481 0.038563090605892116 0.08005025940337221
0 0.27617773763201775 0.5523535451794206 0.042037242912729256 0.08140131863380892
0 0.37782759699833235 0.9441398257674017 0.041056806003335264 0.07730634846519674
0 0.47370254502501385 0.1546682508646779 0.041380909949972226 0.07910249827064421
0 0.922039557392996 0.6532032668612191 0.03998656336853819 0.08111740704712488
0 0.030884335464146713 0.9437903109597925 0.04165332907170657 0.07795837808041502
0 0.8723422734852696 0.9448362516212709 0.039605336297943286 0.07802367055771715
0 0.17742495831017224 0.6518252810203198 0.0408212896053363 0.08106355382619974
0 0.17384747679266258 0.05949150097276264 0.0409620464146749 0.08262599805447472
0 0.3263881623123957 0.6509311048421963 0.0417076753752085 0.08130179031560747
0 0.07911809018899386 0.7500827815607436 0.041886819622012295 0.08099943687851278
0 0.7230405780989438 0.3529034262862084 0.04082128960533627 0.07701037613488977
0 0.4279689512229016 0.9438460609597925 0.04058909755419679 0.07806987808041496
0 0.9707218501945525 0.7501014287721574 0.040422299610894996 0.07901014245568531
0 0.124403891606448 0.05974875097276264 0.04108821678710402 0.08246496843925641
0 0.6750104224569204 0.9426407803718114 0.04030016675931074 0.0743082576740163
0 0.2727904391328515 0.05854139645482055 0.0404738743746526 0.08207684824902724
0 0.6264273957754308 0.9444213553826198 0.041452623679822206 0.07651834846519673
0 0.9721981382712617 0.4543510597708604 0.038511062534741465 0.080624406614786
0 0.8222276264591439 0.15260889537397318 0.040126459143968826 0.07701037613488974
0 0.37414883268482485 0.3545922503242542 0.04064758198999441 0.07903696498054473
0 0.5235808992495832 0.15405533884565498 0.04038720150083382 0.08125432230869004
0 0.8233923022512507 0.25108254431474275 0.04210839549749861 0.0854849113705145
0 0.08014246303501942 0.8478971638564634 0.04185107392996116 0.08207567228707309
0 0.37510422456920506 0.4525440445309122 0.04116870483602 0.08444120190229136
0 0.027515286270150024 0.5518468979680069 0.041516120066703736 0.081739083441418
0 0.32395473235130623 0.35354470709035885 0.04170462868260155 0.08099505620406401
0 0.9201987215119511 0.05769698443579765 0.039431628682601375 0.07836143536532642
0 0.8236538827126182 0.9446087081712061 0.03985223457476376 0.07756858365758745
0 0.37274579849916617 0.1563857952875054 0.04131566592551416 0.07848440942498919
0 0.5229153802112285 0.05621307414613055 0.04079323957754306 0.08079785170773889
0 0.7735026403557532 0.7497770752269779 0.04030016675931074 0.08038802421098148
0 0.7225220747637576 0.15307682403804582 0.040826528627014975 0.0786217630782534
0 0.6236657772373542 0.35203305987894506 0.041835445525291705 0.08067388024210981
0 0.07406892718176758 0.05955469087764806 0.04151612006670372 0.07937472978815391
0 0.6226143853529739 0.0573294713575443 0.04181715314063358 0.08032852766969305
0 0.5761007491662035 0.9429275313445742 0.04050750166759311 0.07893493731085183
0 0.42327786033907727 0.15501550086467789 0.04197678793774331 0.0797969982706442
0 0.8721813917454142 0.6514660900345871 0.039978403279599714 0.08169623108517084
0 0.27791481378543625 0.8472222222222222 0.04134241245136186 0.08072578901859057
0 0.2730445009727626 0.15677063326848248 0.04098199805447474 0.08263173346303504
0 0.6733602001111729 0.3532411910938176 0.0411687048360201 0.07971249459576309
0 0.6724916620344635 0.05803474924340681 0.04116870483602 0.08106355382619974
0 0.7736763479710951 0.8480666342412451 0.03891050583657594 0.07971249459576314
0 0.07485061145080595 0.1581820146995244 0.04134241245136186 0.07869920017293558
0 0.2782744075875486 0.9440343109597924 0.04171418482490279 0.07844637808041513
0 0.4265216787103946 0.7484260159965412 0.04151612006670372 0.08106355382619974
0 0.6740305700389104 0.5517637364894077 0.041119783768760444 0.08157276048421962
0 0.5734242768204558 0.15419972124945955 0.04175544635908841 0.08086755750108089
0 0.871908004446915 0.8480666342412451 0.04047387437465265 0.08106355382619974
0 0.3773624235686492 0.8463778102031992 0.04151612006670372 0.08106355382619974
0 0.13027179822123397 0.9447550905750108 0.04101191217342973 0.0771858188499785
0 0.6233263196220121 0.2536922655642023 0.04185136075597547 0.08192246887159535
0 0.17985686492495825 0.943654074794639 0.0408212896053363 0.07836143536532643
0 0.0778036409116175 0.5535357220060526 0.04168982768204558 0.0817390834414181
0 0.4225788603390772 0.056011441742325974 0.04266327932184549 0.08107011651534804
0 0.9232181378543635 0.5530574577388673 0.04025923290717058 0.08078255490704715
0 0.5728703446359089 0.0561770428015564 0.041689827682045634 0.08072578901859057
0 0.870605197331851 0.05567039559014265 0.04099499722067818 0.07971249459576309
0 0.6735339077265148 0.1553110138348465 0.04116870483602 0.07768590575010807
0 0.8230093107281823 0.5521846627756161 0.040647581989994463 0.08241461305663635
0 0.12524712256809337 0.25677169239083436 0.04138501778765989 0.08267708560311283
0 0.025430794886047745 0.2561338089061824 0.04221095052807116 0.08005025940337224
0 0.6228112840466926 0.15564877864245566 0.04116870483602 0.07701037613488974
0 0.7240229242634797 0.9434219433635971 0.04000666008893826 0.0765461132728059
0 0.2233939581712062 0.05896675097276264 0.0413890836575876 0.08157649805447473
0 0.2290427376320178 0.9440085609597924 0.040874524735964535 0.0783948780804149
0 0.3724586523068371 0.05720408895373971 0.041436204002223524 0.08142882209252056
1 0.3257370491939967 0.36254351015996544 0.0037162851584212776 0.012469724167747534
1 0.18991060255697606 0.938084846627756 0.00508012896053359 0.011813985948984158
1 0.07550421234018896 0.07530537808041503 0.004598857142857085 0.01139475616083009
1 0.6252431906614786 0.3561121919584954 0.005384936075597579 0.009119649805447426
1 0.23359251209005 0.3541053472762646 0.004222702334630312 0.014484398400345839
1 0.9735062518065591 0.8335645810635538 0.007858257921067084 0.01414245482057937
1 0.7287551944135631 0.7328597423259834 0.006810066981656604 0.014919836575875539
1 0.47960902279043927 0.7395512283830523 0.0058667237354085395 0.008967690229139593
1 0.6740669335742079 0.5355441240812797 0.006403375764313474 0.00761095201037608
1 0.33075007865480816 0.8356394486597492 0.007239420233462975 0.0072906011673151815
1 0.42310118148971654 0.061269024427150875 0.005972456364646967 0.009068630782533492
1 0.7767845762923846 0.7364288459792477 0.0038585850472484494 0.015212455036748729
1 0.3790570133407448 0.5372198009079118 0.007901815453029417 0.007637246433203613
1 0.278638771122846 0.639970463683528 0.0037633137854362936 0.011550101599654045
1 0.7236653111450806 0.35135493525724165 0.00483030044469146 0.017958633592736785
1 0.4384408165647582 0.9502673483571118 0.006213141745414116 0.009065930177258923
1 0.4304724922178988 0.4582386006268913 0.003736783212896049 0.013605483571119927
1 0.2823372434685936 0.25591646498054477 0.004356919399666483 0.02036281150021615
1 0.9679683157309618 0.436837980977086 0.006427181767648652 0.014523886727194154
1 0.9725853979988883 0.15949530306960655 0.007268058921623118 0.009195191526156504
1 0.8263126805169538 0.929322080955469 0.005205378265703128 0.017179984219628172
1 0.18306001167315172 0.1568570382619974 0.004189871039466325 0.01852489883268476
1 0.03475054849916617 0.940220905858193 0.0037687751528626403 0.012946104409857204
1 0.4268838381045025 0.8335552866407262 0.00813476959421899 0.008756806744487792
1 0.0805108499166203 0.4468894935149157 0.006397699833240633 0.01738886856895795
1 0.8763960157031684 0.4276235492866407 0.007178785714285851 0.009984743190661522
1 0.0836228460255697 0.6476032209252054 0.009901334074485822 0.011146238651102437
1 0.3309348520011117 0.6593912607003891 0.005480212618121121 0.013240284479031434
1 0.6779561135352974 0.055830419909208805 0.005920735686492508 0.011163954820579315
1 0.2338483849360756 0.7487799801124081 0.003710956642579128 0.014829252918287947
1 0.8796595261256253 0.9333673170125377 0.009684560867148357 0.0165203378728922
1 0.926278488048916 0.8357382187635105 0.005384936075597376 0.01722600518806742
1 0.3796521871873263 0.061325876351059225 0.007406298221233902 0.010981515780371813
1 0.8696512172040022 0.8267072126026804 0.005729527793218584 0.016373188283614424
1 0.5237704071706505 0.040710753566796355 0.008109185658699301 0.010612492866407282
1 0.9216765247359644 0.05565172827496757 0.007640558087826881 0.009494749243406807
1 0.5845632840466926 0.639782228491137 0.006144415786548153 0.017330808906182424
1 0.8323026681489717 0.45068633808906183 0.006774596998332477 0.013172827496757447
1 0.17875243551973316 0.25746778815391264 0.006898964424680314 0.008478280155642004
1 0.871472585742079 0.6406653608949416 0.00938251056142302 0.015564544098573267
1 0.9234294399666482 0.14080030047557285 0.005524388549194116 0.018212952875054013
1 0.8187479053640911 0.041281079334198 0.006438319344080107 0.013241451361867674
1 0.9211210671206225 0.6496726709900561 0.00840405808782683 0.014438164288802487
1 0.4838702027515286 0.2538903317120622 0.004640083657587521 0.008877896887159576
1 0.47932550375208455 0.1442318597060095 0.004349270428015473 0.017429600951145676
1 0.8823010642023346 0.5302776676394292 0.008223052251250758 0.012739627972330265
1 0.9205405290439133 0.34547528718115 0.0053961514730405365 0.01688286705577176
1 0.5792034431628682 0.4381743306312149 0.004009734018899381 0.019282013186338067
1 0.6756618678432462 0.631987138780804 0.004603168148971751 0.010628511024643275
1 0.6803847744580322 0.9358236410505836 0.0045375661478599585 0.02038957479463891
1 0.727445402028905 0.5395540953307393 0.010819312673707566 0.01107501297016849
1 0.6736470607281824 0.7494902449200173 0.004463799610894828 0.01611084176394279
1 0.12725768941078375 0.7476433032857761 0.005316472206781496 0.01237389926502372
1 0.8258810152862701 0.8444029651967142 0.00537387826570322 0.018135811932555077
1 0.42374590814341295 0.16303809749243406 0.00642007921067257 0.00954042844790311
1 0.08017824610894939 0.16302727431906613 0.0039361703724290565 0.017668430177258967
1 0.3808443714563646 0.7466525532857761 0.00780125152862701 0.01503092888024218
1 0.4827694951361867 0.05136406625594465 0.005799253196220227 0.014016895590142655
1 0.8789374032795998 0.742836876459144 0.006959823790995045 0.01793357522697795
1 0.32844771011673146 0.9426372447038478 0.005938098387993307 0.016895311716385523
1 0.9226642090050027 0.9342387577821011 0.007749680933852078 0.012750867488110865
1 0.9279475922734852 0.44303661024643315 0.008995032240133378 0.008881924340683146
1 0.5742465979710951 0.3461931547773454 0.0062802893274041234 0.01477160224816259
1 0.5359847602834908 0.9420253919152617 0.006372613952195597 0.020821135754431255
1 0.7726297925236242 0.6435760969520103 0.005219847971095045 0.019876016212710783
1 0.27220357643135074 0.0628653476005188 0.005516415786548074 0.016684458279290944
1 0.9270601723179545 0.7372797773454388 0.011117287381878782 0.015537181150021635
1 0.2814482434685936 0.7421943320363165 0.00856682601445244 0.016516545611759526
1 0.03526996372984988 0.14725750691742323 0.004814436075597493 0.011378306528318196
1 0.48327491036687054 0.6389363312797233 0.007220329349638734 0.01226730717682657
1 0.8290065066703725 0.6394021553177691 0.007808276264591488 0.0207930737137915
1 0.7326586053362979 0.832953845871163 0.004214473596442453 0.018741573281452574
1 0.8238976000555864 0.7484151856895807 0.010035539188437984 0.008803545611759568
1 0.6225122636186771 0.6330165359922179 0.008414883546414639 0.009245246217034165
1 0.7223177687604224 0.6422977877215736 0.008915046136742636 0.01365074967574574
1 0.03180202946081153 0.8459871707738866 0.009665813229571928 0.009563163856463398
1 0.03033203376876039 0.5602533339818417 0.008436821845469651 0.01291043104193691
1 0.3817072252640356 0.6415384201253782 0.005380713451917682 0.01787160332900988
1 0.7820006057531961 0.9422151271076524 0.0076705505836576395 0.019766135754431324
1 0.2822232797387437 0.44996160851707734 0.006532440522512571 0.021180782965845246
1 0.02395428015564196 0.3515523670557717 0.008337965536409118 0.008106355382619994
1 0.7740609326014453 0.4381362391915262 0.009107134797109494 0.019822521616947763
1 0.9721613599221789 0.34957853804582795 0.004294567537520777 0.020835898400345856
1 0.8257653267092829 0.15015414018590573 0.008037162034463563 0.015042454604409844
1 0.7762508219844357 0.06216528837008213 0.011179567815453087 0.013355869433635955
1 0.5250057627848804 0.6434033617596195 0.005053788493607568 0.02157254582792905
1 0.4255401944135631 0.36307413996973625 0.008980611172873916 0.015612720060527458
1 0.03229954849916618 0.7456087292477301 0.010060436075597484 0.009687751188932243
1 0.8784528842412451 0.14020271249459573 0.007234031406336986 0.021434717682663175
1 0.029861178154530262 0.2653009780587981 0.008339643690939471 0.017321043882403804
1 0.778967713868816 0.5381863749459577 0.009567351584213464 0.016512572200605154
1 0.22648687882156748 0.6513685246433203 0.0062744357976653375 0.016450693904020715
1 0.6226349945803225 0.25491800853869434 0.009559082545858846 0.012226780155641985
1 0.1843709883268482 0.8429017448119325 0.004694654808226747 0.023164841547773405
1 0.8754387657031684 0.2520987733463035 0.007703624791550924 0.02056736900129705
1 0.32907170650361306 0.556237840466926 0.009553918843802122 0.01283506268914822
1 0.48532644844357975 0.9454984075875484 0.005896575041689849 0.024683578253350547
1 0.5324620803224014 0.7422075088629485 0.006122254030016652 0.019192310419368752
1 0.28072411881600884 0.5577615665801989 0.009092762367982234 0.012504866839602316
1 0.08405979891606447 0.939338685473411 0.005553275986659185 0.01876372287073064
1 0.577473596442468 0.15412883700821442 0.008164257921067173 0.008444120190229146
1 0.38587971664813786 0.9452090687418935 0.005373696220122222 0.01918248940769571
1 0.5779957122012229 0.7366118015564201 0.009899348249027185 0.0114688958063121
1 0.37190434630350194 0.25141789007782095 0.009352785992217807 0.008418543233895409
1 0.9712677518065593 0.6447634349329875 0.011640427459699813 0.014799221789883256
1 0.028006852001111696 0.06307735981409425 0.011579295997776606 0.011436280371811509
1 0.2788702056698165 0.16037748594898396 0.007469427459699826 0.011484003458711613
1 0.7760622372151196 0.3430761992001729 0.01259898304613673 0.024383161478599202
1 0.5302306270150083 0.2531014353653264 0.004679101723179611 0.021939693039342904
1 0.9250902643135073 0.23795897373540853 0.007177471372984761 0.02005705252918287
1 0.17904057740411336 0.7490603180933851 0.011186493885491875 0.010890928880242097
1 0.8252675097276265 0.34361489407695633 0.007990550305725362 0.014523886727194105
1 0.5236594513618678 0.84869228923476 0.007398996108949417 0.012934811932555116
1 0.22766558212896051 0.16273139191526156 0.00565410533629791 0.01690913575443146
1 0.9702956713451917 0.054156199524427136 0.010110436075597867 0.021267691742325973
1 0.9693717984991662 0.5386755953307393 0.011263351306281168 0.010805424124513586
1 0.6264861555030572 0.8395338763510591 0.00811023485269605 0.017741045395590207
1 0.7271324444135632 0.45233608236057066 0.010750397443023932 0.011899927799394699
1 0.577493504585881 0.8459182744271508 0.00951410255697616 0.01848284154777345
1 0.7217369788771538 0.24433812181150016 0.009726042245691957 0.01930475637699954
1 0.6770688401889939 0.4525790971681799 0.010822019455252883 0.013440487029831298
1 0.5278620232073373 0.3566343472762646 0.010805970261256346 0.00942639840034593
1 0.37941791384102275 0.359623053718115 0.008917090605892141 0.01425745936013836
1 0.027515286270150024 0.6558784587116299 0.007469427459699838 0.017563769995676597
1 0.5747882822401333 0.250746228923476 0.008671073096164557 0.019894809770860344
1 0.036005209421901024 0.4610724516861219 0.008207757921067201 0.01807072568093372
1 0.23033641078376874 0.45919886024643314 0.00941517843246254 0.016687279507133605
1 0.6257401364647025 0.4674025849546043 0.006822951083935586 0.018245521833117152
1 0.3763651914952751 0.15303575778210116 0.010506137298499191 0.010630278642455642
1 0.13469288493607554 0.6492920449632511 0.00781684269038355 0.021279182879377443
1 0.48267355655919947 0.8475008772157371 0.008075621734296894 0.013291047124945936
1 0.6754454483046136 0.15569933182014697 0.00920498999444145 0.01340948594898397
1 0.17838035019455248 0.552184662775616 0.009032795997776535 0.009457414613056651
1 0.22455360978321284 0.25644715575010807 0.009098728182323436 0.011195074578469565
1 0.17810253932740408 0.35472445006485087 0.008198756809338471 0.013246192823173322
1 0.17479392078932737 0.45486649437959353 0.009604765425236193 0.010216751837440578
1 0.17561150555864363 0.05649508192823172 0.00588510450250132 0.019292045395590107
1 0.7282006969149527 0.05891646173800258 0.011883606170094449 0.016625076523994826
1 0.3304351634241245 0.2530954345006485 0.008564081156197847 0.008441102464332051
1 0.8750347415230684 0.3466547773454388 0.01233324068927187 0.012497297881539143
1 0.4282689799888827 0.25638303815391267 0.010228299055030528 0.014025428231733656
1 0.12880297748749303 0.15536394941634238 0.006047463590883747 0.014080250756593138
1 0.23106997401334073 0.8445344068309555 0.006835871873262863 0.02260163597060099
1 0.07489166814897162 0.2524931819066148 0.008072663702056764 0.018726636186770396
1 0.7710098115619788 0.14962758095546905 0.01158654697053925 0.012717924989191528
1 0.6271737973874374 0.752850554150454 0.010556518621456335 0.010065752918287806
1 0.48113451667593105 0.4543155945741461 0.008648966648137803 0.01975581085170767
1 0.13121836506392437 0.5505544359057502 0.009207238743746465 0.021499753350626802
1 0.07897849610894939 0.3497054056420233 0.00598825514174534 0.0205821632079551
1 0.13173985547526396 0.36404966493731084 0.009553918843802122 0.010132944228274956
1 0.5303946866314619 0.4458857261132727 0.009545626737076214 0.01370454777345436
1 0.13236490314063368 0.8417578467358409 0.010388314897165048 0.011266515780371793
1 0.6264255732351306 0.544644976005188 0.011223853529738648 0.01734604798962389
1 0.5251582204002223 0.15413968547341114 0.00579111895497521 0.025986193255512297
1 0.12271725944969424 0.4396367426502377 0.007796442745969933 0.01905930760916558
1 0.4797484146748193 0.5423616850410722 0.00558793996664824 0.025050192390834364
1 0.23324401028349076 0.5501671388888888 0.010713979433018394 0.013528722222222159
1 0.47517296567537526 0.3542552880458279 0.010222439966648064 0.00945580955469093
1 0.77483630725403 0.23473725594466058 0.008102538354641503 0.019487334198011297
1 0.6776397787659811 0.25036049373108515 0.0072482356864924215 0.023368398616515355
1 0.3245583397720956 0.1619114624945957 0.008170320455808877 0.01725407501080848
1 0.32292753265703167 0.06655022741028965 0.010119934685936676 0.01905754517942067
1 0.27410842593107276 0.3526665972762646 0.0065705300166758965 0.02073954647643757
1 0.1289481218732629 0.06370500702550799 0.01091875625347422 0.01066498594898403
1 0.5292697331851028 0.5479626026805015 0.010075041689827709 0.0233057717250324
1 0.08553362979433012 0.75906560743623 0.006774596998332402 0.008444120190229122
1 0.08162520844913834 0.8354004539559012 0.005906058921623128 0.009795179420665927
1 0.279565036131184 0.8384403372243838 0.005732351306281253 0.009119649805447475
1 0.13234783212896045 0.9510849005620405 0.0034741523068371446 0.008781884997838397
1 0.2849499722067815 0.9514226653696498 0.0029530294608115576 0.01283506268914832
1 0.4311249305169538 0.560291018158236 0.0034741523068371446 0.01283506268914822
1 0.42565314063368537 0.6352748054474707 0.0033004446914952825 0.01283506268914832
1 0.43008268482490264 0.7469060743623 0.004863813229571992 0.008444120190229122
1 0.38118399110617 0.8445201037613488 0.007469427459699775 0.007093060959792514
1 0.5818162868260145 0.9382498378728922 0.0036478599221790578 0.008106355382620044
1 0.6759658143413007 0.34614813013402507 0.005384936075597579 0.008106355382619945
1 0.7722866870483602 0.8359071011673151 0.00625347415230684 0.008781884997838298
1 0.8642648693718732 0.04959062905317767 0.0033004446914954347 0.011484003458711619
0 0.9722592155106744 0.2539186972586507 0.03828580178288336 0.08372639149092895
1 0.9267996108949417 0.5472870730652831 0.0033004446914952318 0.01047070903588428
1 0.9742217898832686 0.9355477194120192 0.005384936075597579 0.00540423692174663
