0 0.3264631581632653 0.16253438690476196 0.040362540816326585 0.07779694841269837
0 0.4265940255102041 0.9419625773809525 0.038137030612244924 0.07601344841269843
0 0.7734375 0.06380208333333338 0.038903061224489784 0.07688492063492061
0 0.08044145918367346 0.9415123968253969 0.037796183673469395 0.07511308730158738
0 0.376738362244898 0.5533946468253969 0.03791550000000008 0.07640734920634913
0 0.32770462755102037 0.9417078273809523 0.03965670408163265 0.07674402777777779
0 0.526700806122449 0.45685231150793654 0.03905212244897963 0.0749149404761905
0 0.27729280612244894 0.3585179563492063 0.03768510204081638 0.07541884920634913
0 0.22735969387755098 0.4552021329365079 0.037627551020408136 0.07657490079365074
0 0.3273799744897959 0.8447446527777778 0.03900739795918372 0.07627005952380964
0 0.47633635204081626 0.7477281567460317 0.03876964285714298 0.07568944841269834
0 0.7735120102040816 0.16387866666666667 0.0393709591836735 0.07552519047619044
0 0.17745535714285715 0.4553571428571428 0.037627551020408156 0.07316468253968247
0 0.7737395408163265 0.3582481170634921 0.03918826530612246 0.07549921031746024
0 0.47662163775510197 0.8447597817460317 0.03838358163265312 0.07568027777777786
0 0.4759460102040816 0.35968963690476186 0.03862671428571436 0.07590209126984125
0 0.8233608673469387 0.3579583968253968 0.03926000000000016 0.07553980952380948
0 0.2276071428571428 0.7470118075396824 0.03780357142857143 0.07611686904761909
0 0.37722095918367343 0.35881344642857144 0.03824293877551023 0.07662986904761895
0 0.5263288673469387 0.5534131369047619 0.03862712244897963 0.07706436904761906
0 0.32759019387755095 0.35912969642857145 0.039427836734693855 0.07602228968253967
0 0.42651877551020406 0.8446247718253969 0.03989979591836738 0.07541025793650795
0 0.42663628061224484 0.6503938015873016 0.03917817346938775 0.07509315873015884
0 0.47673935714285715 0.45616305158730164 0.038300142857142866 0.07477649999999997
0 0.47635769387755106 0.5541474563492063 0.037855693877551035 0.07605284920634926
0 0.6748380204081633 0.45522857142857137 0.0384515510204083 0.07538769841269843
0 0.22759786224489797 0.358439626984127 0.0381038877551021 0.0758822301587301
0 0.12712102040816328 0.1614578670634921 0.03899969387755104 0.07750402777777775
0 0.27654495918367344 0.062481232142857154 0.038740428571428606 0.07486325793650785
0 0.5262276785714286 0.2612847222222222 0.039062499999999896 0.07626488095238093
0 0.12996781632653062 0.9416211567460318 0.03767797959183674 0.07409052777777782
0 0.030612244897959183 0.9408482142857143 0.037308673469387744 0.07626488095238078
0 0.4261798469387755 0.2605096726190476 0.03858418367346939 0.0765749007936508
0 0.6253161020408163 0.8442247420634921 0.038578632653061364 0.07585027777777784
0 0.028572596938775504 0.16066788690476194 0.036737030612244884 0.07468398809523803
0 0.9218659132653061 0.0637194424603175 0.038566010204081735 0.07671963888888883
0 0.921309668367347 0.7440870178571428 0.03745352040816355 0.07646768650793648
0 0.9211938214285715 0.5509820873015873 0.0381784591836737 0.07654254761904768
0 0.42594068877551017 0.3586309523809524 0.03874362244897956 0.07564484126984124
0 0.17763315816326528 0.35785408730158735 0.03798315306122448 0.07471115079365075
0 0.1782154387755102 0.6510265416666666 0.038509959183673455 0.07697867857142861
0 0.5258201734693878 0.06383376190476192 0.03984187755102054 0.07446811904761898
0 0.8733118520408163 0.45499334126984126 0.03775890816326525 0.07553727777777776
0 0.9210778061224488 0.6477244543650792 0.03794642857142847 0.07533482142857147
0 0.8734458775510203 0.16257593650793653 0.038983591836734735 0.07601992857142854
0 0.6749098367346938 0.7472514166666666 0.03891406122448992 0.07535600793650804
0 0.47613616836734696 0.16339044642857142 0.039007030612244975 0.07702890873015865
0 0.5760483724489796 0.5532304464285713 0.03857633673469394 0.07731902777777784
0 0.3770976428571428 0.7477659067460316 0.03831518367346943 0.07576494841269849
0 0.6748593979591836 0.2610768015873016 0.03945093877551033 0.07708911904761903
0 0.7244207806122448 0.4561748511904762 0.03780839795918374 0.07542013888888885
0 0.9687221887755101 0.9374257599206349 0.03725305102040843 0.07624040873015876
0 0.773000913265306 0.8424001626984126 0.03866764285714288 0.07654139682539687
0 0.7729830969387754 0.9393862777777777 0.03831313265306134 0.0758211666666667
0 0.7735373775510204 0.2611980515873016 0.039421693877551026 0.07795165873015862
0 0.5757334183673468 0.06349206349206353 0.038584183673469344 0.07688492063492061
0 0.12938456632653061 0.8450520833333331 0.03842474489795919 0.07564484126984124
0 0.17793367346938774 0.8447420634920634 0.03826530612244898 0.07316468253968257
0 0.5758445663265306 0.2613016011904762 0.039125357142857094 0.0775387182539682
0 0.27675958673469386 0.2614716309523809 0.038531928571428606 0.07663869841269837
0 0.625403607142857 0.3590672261904762 0.039710275510204084 0.07651738888888883
0 0.4259006224489795 0.0636232420634921 0.03962012244897955 0.07528715873015869
0 0.9702381785714284 0.550972607142857 0.0380528877551021 0.07590354761904756
0 0.32698607142857145 0.06266925198412701 0.0388573469387756 0.07585933730158724
0 0.6746242397959182 0.06459582142857144 0.03866174489795934 0.07537219841269834
0 0.8729635612244897 0.06345467261904764 0.03801895918367352 0.07619009920634914
0 0.9205143826530612 0.938014988095238 0.037457336734693925 0.0767988253968252
0 0.7234621224489796 0.9402350079365079 0.03876097959183684 0.07627854761904768
0 0.7244078775510203 0.06470506150793653 0.038739224489795984 0.07683075793650786
0 0.12811742857142858 0.6506800218253969 0.03844148979591838 0.07628563888888894
0 0.9220125102040815 0.2598910416666667 0.03854032653061239 0.0765777182539682
0 0.873560913265306 0.2593859027777778 0.03761927551020423 0.07556744047619042
0 0.128364556122449 0.5525834166666667 0.03734135714285715 0.07540492857142864
0 0.4757653061224489 0.06457713293650798 0.03858418367346939 0.07533482142857141
0 0.8727465969387754 0.7441747579365078 0.03758503061224506 0.07602312698412708
0 0.970073551020408 0.3575359464285715 0.0377236326530615 0.07531494841269845
0 0.4761897908163265 0.9417711071428572 0.03911427551020417 0.07563050793650777
0 0.5264969285714285 0.9419851269841268 0.039282122448979655 0.077298626984127
0 0.3768465459183673 0.6506528214285714 0.03876962244897959 0.0749911587301588
0 0.5264109591836734 0.7479094563492062 0.03911018367346953 0.07667208730158738
0 0.37669598469387755 0.2612173214285714 0.03846850000000005 0.0773701587301587
0 0.32716691326530606 0.6511608511904762 0.039219030612244916 0.07662725793650793
0 0.17763856122448976 0.5525152976190475 0.03831283673469391 0.07650876984126971
0 0.4762371683673469 0.2616245615079365 0.038571275510204214 0.07694455952380942
0 0.6255851071428571 0.5532193869047618 0.038160010204081676 0.07543678968253974
0 0.8734617908163265 0.35728169642857144 0.038377663265306186 0.07480644841269837
0 0.8238510255102041 0.0638404523809524 0.03960256122448982 0.07758169841269835
0 0.5260683367346938 0.1629776666666667 0.03906269387755107 0.07620334920634914
0 0.7238806887755102 0.8437975019841268 0.038641479591836767 0.07561583730158736
0 0.625371137755102 0.0644650515873016 0.03836982653061247 0.07449061904761899
0 0.5760394132653062 0.1638132261904762 0.03919617346938783 0.0772544285714285
0 0.9218470153061225 0.45472454166666665 0.03789045918367364 0.07561971825396815
0 0.5261852346938775 0.8440294623015872 0.038977612244897944 0.07607975793650813
0 0.3273705051020408 0.7484631468253967 0.038988459183673434 0.07715942857142859
0 0.9699570459183673 0.2597250317460317 0.038766132653061294 0.07686573809523797
0 0.7732780612244896 0.7453807043650792 0.038584183673469344 0.07471478174603173
0 0.920598882653061 0.8403515238095238 0.03730745918367343 0.07492427777777798
0 0.9218128571428571 0.3571691865079365 0.03814102040816343 0.07644154761904756
0 0.4758450255102041 0.6509796626984126 0.038105867346938736 0.07564484126984124
0 0.4270029081632653 0.5536594464285713 0.0383170408163266 0.0756968690476192
0 0.8223102653061224 0.9385976884920634 0.04034757142857158 0.076104107142857
0 0.7244080663265305 0.1643272261904762 0.039058479591836864 0.0758022698412698
0 0.724184 0.359197996031746 0.039248102040816434 0.07553884920634922
0 0.17897002551020405 0.9406932043650794 0.03778698979591835 0.07409474206349209
0 0.3766059234693877 0.06427976190476194 0.038926132653061274 0.07536011904761898
0 0.6741571122448979 0.9405229781746031 0.03836524489795922 0.07685448809523798
0 0.1774622551020408 0.26043458134920633 0.03796022448979594 0.07642471825396813
0 0.8726351887755102 0.9384155694444443 0.037999969387755274 0.07511982936507916
0 0.12898596938775508 0.7472408234126983 0.03858418367346938 0.07533482142857147
0 0.7238809999999999 0.7466872876984125 0.038960979591836774 0.07670790873015873
0 0.12744964285714286 0.0618239523809524 0.03901918367346943 0.07664889682539676
0 0.576274413265306 0.7469426666666666 0.03870954081632669 0.07659862698412714
0 0.8234311173469387 0.4552383511904762 0.03876274489795922 0.0741671785714285
0 0.27787928061224487 0.747796876984127 0.0379014183673469 0.07582688888888899
0 0.6747849948979592 0.5536164662698412 0.038345500000000095 0.07685098809523803
0 0.2274290969387754 0.5525848968253968 0.03776635714285693 0.07602792857142858
0 0.8230333979591837 0.7448332876984126 0.0395616938775511 0.07610010714285723
0 0.6254208265306123 0.45656514087301586 0.03878808163265321 0.07434059920634928
0 0.5762555051020407 0.9413513670634918 0.038671724489796076 0.07541106746031723
0 0.22660278571428571 0.2608423214285715 0.03834587755102043 0.07600011904761904
0 0.8234037704081633 0.2603119920634921 0.03998356122448996 0.07617953968253961
0 0.03043713775510204 0.8445519325396824 0.037277336734693876 0.0746445396825397
0 0.9220577857142854 0.1623008472222222 0.037993122448979476 0.0767098293650793
0 0.27633805102040815 0.1625159265873016 0.039602122448979565 0.07527986904761899
0 0.029773693877551022 0.6490096329365078 0.03786371428571429 0.07356490079365081
0 0.6255262959183674 0.2611565813492064 0.039636775510204204 0.07848875793650786
0 0.5265133367346938 0.6508337718253969 0.0393149387755103 0.0759730992063493
0 0.873065163265306 0.5512528769841271 0.03758440816326539 0.07522400793650805
0 0.8730274132653061 0.6478002321428571 0.03814666326530625 0.07548637698412698
0 0.029978663265306127 0.747169107142857 0.03699814285714287 0.07581142857142856
0 0.6752769642857143 0.3588824265873016 0.03869168367346946 0.07552775
0 0.9697189234693878 0.45320221230158725 0.03765213265306134 0.07567525793650788
0 0.9692283163265305 0.6477244543650792 0.037627551020408136 0.07533482142857147
0 0.7239970612244897 0.5525464166666665 0.03855534693877556 0.07533092857142845
0 0.7737984234693877 0.6500685317460316 0.038349397959183816 0.07506265873015877
0 0.9689719846938776 0.8405679027777777 0.03743376530612242 0.07535703571428579
0 0.37698070408163264 0.8447989821428571 0.03903793877551023 0.07637871825396836
0 0.9706166122448978 0.06384673214285716 0.037534244897959264 0.07759425793650787
0 0.1773488163265306 0.06218441269841272 0.038052224489795936 0.07860989682539676
0 0.6259215153061224 0.6501645416666666 0.03851394897959182 0.0746346388888889
0 0.42670965306122444 0.7478371567460317 0.039006040816326554 0.07590744841269842
0 0.07772640306122448 0.35692584325396826 0.037786989795918366 0.0759548611111111
0 0.6754273724489795 0.6504145515873017 0.038992500000000006 0.07575469841269851
0 0.22678436224489795 0.1624180873015873 0.03807127551020409 0.07570423015873011
0 0.5760656275510203 0.6500569920634921 0.037973091836734744 0.07503957936507946
0 0.8230439846938775 0.5517253968253969 0.03990174489795919 0.07492896825396834
0 0.07832432142857143 0.5525778174603174 0.03834507142857144 0.07663380952380944
0 0.37728136734693873 0.455510242063492 0.037407122448979584 0.07533099999999986
0 0.2273771989795918 0.8447947718253968 0.03893807142857142 0.07575025793650791
0 0.22759885204081629 0.9422433035714286 0.038424744897959176 0.07657490079365084
0 0.32732381632653057 0.45602496230158734 0.03793844897959185 0.07326024206349209
0 0.27706364795918365 0.5537329464285714 0.03818341836734699 0.07646390873015886
0 0.07766082142857142 0.06195714285714289 0.0389313367346939 0.0775353174603174
0 0.028733505102040813 0.25837649206349206 0.037696602040816325 0.07726885714285713
0 0.9691483877551019 0.7434077380952381 0.03842432653061211 0.07696924603174615
0 0.12800518367346939 0.25944754166666667 0.03821700000000002 0.07507067857142855
0 0.7735094489795918 0.5527616567460317 0.038728081632653046 0.07576140873015881
0 0.12775417857142857 0.3578035972222222 0.03835274489795917 0.07585024999999998
0 0.5258212346938774 0.359561126984127 0.03952512244897964 0.07440499206349206
0 0.7738126683673469 0.45445315277777776 0.03869676530612247 0.0744569007936508
0 0.32716759693877545 0.5534271369047619 0.03858264285714285 0.07461221031746046
0 0.07979910714285714 0.8447420634920634 0.03714923469387754 0.0750248015873016
0 0.5763707244897958 0.35931767658730157 0.0389021632653062 0.07701828968253958
0 0.823318612244898 0.16279590674603175 0.03981324489795942 0.07583982936507931
0 0.32645825510204085 0.2606353214285714 0.040352734693877575 0.07806627777777765
0 0.029083755102040813 0.4548547222222221 0.03712159183673469 0.07588007936507926
0 0.37642683163265306 0.16260044642857144 0.03920570408163273 0.07606894841269835
0 0.22648278061224486 0.06302703373015878 0.038424744897959176 0.07719494047619047
0 0.8232541173469388 0.6486087619047619 0.039684255102040975 0.07400323809523811
0 0.2777423469387755 0.9423983134920636 0.039221938775510216 0.07626488095238097
0 0.6745544285714284 0.16350445634920635 0.039797632653061146 0.07663688888888881
0 0.3766256071428571 0.942384617063492 0.03896550000000007 0.07561744841269814
0 0.6256298214285715 0.746512617063492 0.03824943877551031 0.07511848809523819
0 0.5756536989795918 0.4570622519841269 0.03778698979591835 0.07223462301587297
0 0.0786033163265306 0.4547371031746032 0.037308673469387744 0.07564484126984124
0 0.6253168265306123 0.1627449067460318 0.0388989591836735 0.076357869047619
0 0.8726132857142856 0.8412546329365078 0.037637285714285845 0.07487037698412714
0 0.9707109897959181 0.16219989682539684 0.03804187755102016 0.07650792857142856
0 0.7247085918367346 0.6484562222222222 0.03870289795918375 0.07679835714285725
0 0.42626265306122446 0.1624490873015873 0.039068673469387805 0.07638626984126978
0 0.6254018265306122 0.9402077777777779 0.03875008163265302 0.0756040476190477
0 0.2773937448979592 0.6505613313492064 0.03852473469387755 0.07604825793650802
0 0.7242160969387754 0.26080755158730157 0.039631173469387854 0.076550619047619
0 0.5765568826530612 0.843603232142857 0.03799896938775516 0.07522729761904766
0 0.8225836428571428 0.8422921031746031 0.03929993877551031 0.07508519841269844
0 0.27737433673469386 0.8449610218253968 0.03976142857142863 0.07608275793650786
0 0.6745057397959182 0.8439670138888888 0.03778698979591835 0.07657490079365074
0 0.028778698979591833 0.06085689484126989 0.03651147959183673 0.07471478174603173
0 0.2771794285714286 0.4561433115079365 0.03809610204081635 0.07411698015873015
0 0.17684808673469385 0.1616311170634921 0.03800739795918369 0.07413028968253964
0 0.12802933673469385 0.45458209325396814 0.03858418367346937 0.074094742063492
0 0.17831253061224492 0.7479518373015873 0.03806638775510205 0.07675684920634938
0 0.22756516836734686 0.6505270416666666 0.038038499999999885 0.07473959920634923
0 0.42717806122448976 0.45667731150793645 0.03834846938775515 0.0727048214285713
0 0.07889001020408162 0.7464730674603174 0.038519816326530606 0.07503938888888899
0 0.02907522448979592 0.35729691666666663 0.037742285714285714 0.07545692857142855
0 0.07787135204081631 0.16059412698412698 0.038395765306122445 0.07639658730158722
0 0.07764668367346939 0.25849454365079366 0.037627551020408156 0.0750248015873016
0 0.07870429591836733 0.6493263432539681 0.038467265306122454 0.07419832142857144
0 0.029285535714285705 0.5522368571428571 0.03784403061224488 0.07719196825396817
1 0.2728292959183673 0.44084217261904757 0.005999571428571418 0.011668829365079316
1 0.27647678061224484 0.8452263591269841 0.0028500102040816496 0.013292321428571322
1 0.6166654897959184 0.746600634920635 0.006783816326530508 0.007790793650793541
1 0.8237835102040816 0.6326400138888888 0.005494204081632655 0.010017591269841277
1 0.674191556122449 0.05756459920634922 0.005889846938775532 0.02797596031746035
1 0.7183955153061224 0.8381878115079365 0.00421662244897943 0.007528146825396634
1 0.5239158163265305 0.6457093253968252 0.006377551020408134 0.008060515873016014
1 0.517828744897959 0.7422249761904761 0.004839959183673415 0.008481595238095194
1 0.28325946428571425 0.7478544246031745 0.005547397959183696 0.007763373015872845
1 0.36727945408163265 0.15747155555555556 0.003961499999999976 0.007353515873015927
1 0.7758035918367346 0.43475695436507933 0.004515265306122375 0.013298591269841292
1 0.7738360969387754 0.8407118055555555 0.007174744897959329 0.025421626984127026
1 0.6264767806122449 0.5396829980158729 0.009482663265306102 0.008059599206349095
1 0.12175463265306122 0.45369281944444434 0.005852979591836746 0.013869321428571446
1 0.17898467857142858 0.6402872619047618 0.004913295918367311 0.008984007936508023
1 0.9699262704081633 0.14847734722222222 0.003706132653061088 0.018521496031746108
1 0.07552672959183673 0.16689983333333336 0.007428683673469383 0.010818388888888962
1 0.8733458316326529 0.5458263055555554 0.004902724489795775 0.015614253968253874
1 0.7739896122448979 0.7380154464285714 0.00463557142857139 0.017520694444444374
1 0.8696002193877551 0.4524812797619048 0.007929663265305972 0.009471964285714148
1 0.9678101989795918 0.9276484781746033 0.004749499999999784 0.015238757936507911
1 0.8214541173469387 0.8382268015873016 0.006007581632653114 0.009930325396825306
1 0.9692732142857142 0.4476200515873015 0.010114285714285692 0.008653746031746005
1 0.8251722908163265 0.4518334305555555 0.008137561224489685 0.006427384920634833
1 0.8223822448979592 0.2432615337301587 0.004470204081632545 0.009384670634920668
1 0.7681089336734693 0.9350989761904761 0.005555091836734707 0.015218714285714086
1 0.9209183673469387 0.8386966765873014 0.005102040816326588 0.013950892857142842
1 0.47613436224489797 0.5361164583333333 0.006596071428571345 0.01395259920634917
1 0.8194394183673469 0.7323420178571427 0.004934938775510034 0.017086797619047585
1 0.9713752806122447 0.06702034920634922 0.008780051020408004 0.006584301587301635
1 0.12628545918367345 0.2528239305555556 0.0038066326530612165 0.01754162301587304
1 0.8675631428571428 0.6428769107142857 0.0040318775510203055 0.018065623015872962
1 0.6231864183673469 0.9324904365079365 0.006178183673469257 0.017335595238095258
1 0.6181379948979592 0.6455701408730158 0.008303091836734618 0.010819043650793583
1 0.6717678316326531 0.8282416130952379 0.005954132653061045 0.018739988095237987
1 0.7243665765306122 0.5517264246031746 0.008537255102040677 0.010634452380952236
1 0.4791864642857142 0.9493982023809523 0.003999520408163245 0.0170022063492063
1 0.9134938622448979 0.44125662301587293 0.007833704081632626 0.007119690476190568
1 0.32508097959183674 0.5571916428571428 0.005131408163265202 0.013344888888888837
1 0.37135338265306117 0.834201242063492 0.005379969387755119 0.01364116666666653
1 0.8264752295918367 0.5480773551587301 0.006169438775510067 0.015452432539682487
1 0.9242816581632655 0.6400042718253967 0.00794178571428554 0.010790067460317606
1 0.7738272142857142 0.5592641626984126 0.010062408163265145 0.010439928571428503
1 0.9643818163265306 0.24448730357142856 0.008417489795918089 0.010033329365079415
1 0.5721184285714285 0.5496916746031746 0.0034034489795917214 0.013463873015872903
1 0.320986862244898 0.7303807380952381 0.004072193877550997 0.018529198412698435
1 0.47140549489795924 0.6514829186507936 0.004893091836734495 0.015114519841269805
1 0.37506505735397605 0.042164575396825436 0.00462006122448975 0.010412912698412774
1 0.4780606836734694 0.348699367063492 0.007845469387755039 0.007462376984127031
1 0.9185239081632652 0.5442335456349205 0.003832285714285685 0.018179734126984037
1 0.5744586683673469 0.9384112757936507 0.010521438775510055 0.009834194444444616
1 0.32772405102040814 0.2649392579365079 0.008136081632653053 0.009432000000000032
1 0.7260648673469388 0.9323476865079365 0.010561591836734557 0.016381015873015572
1 0.2760893418367346 0.6654126249999999 0.005219275510204062 0.016396972222222236
1 0.17758213775510204 0.25085589087301585 0.006123989795918356 0.01837750396825403
1 0.9122340765306122 0.3380098591269841 0.007483377551020404 0.013340400793650816
1 0.32903649489795916 0.8414326607142857 0.009018846938775481 0.009098964285714118
1 0.9693771122448979 0.5425545257936507 0.004166693877551048 0.021537773809523684
1 0.32288524489795917 0.93810910515873 0.0037830816326530022 0.01787901190476187
1 0.08160384693877551 0.854713746031746 0.006116285714285701 0.020359214285714224
1 0.13062167346938774 0.855211617063492 0.010759204081632641 0.008822797619047584
1 0.07601676020408163 0.7524021626984128 0.006767499999999986 0.016649047619047407
1 0.6224807244897957 0.4665582956349206 0.0037630408163265776 0.0191403531746032
1 0.12488036734693878 0.6346101031746032 0.009486714285714268 0.012897849206349201
1 0.9197225765306123 0.9386780753968254 0.0046237244897958316 0.01984126984126967
1 0.6779840765306122 0.2526924007936508 0.0078711326530611 0.015324523809523871
1 0.6777987346938775 0.9362223353174602 0.007922938775510195 0.017932313492063576
1 0.3828066122448979 0.6483170793650793 0.005113816326530645 0.015865841269841238
1 0.4216133673469387 0.5497911746031746 0.007219693877551033 0.011404753968253899
1 0.9666239846938776 0.35255874603174603 0.010629581632652827 0.009044214285714286
1 0.8211565867346938 0.045385214285714306 0.00851590816326525 0.012652190476190532
1 0.8675860969387754 0.25337921626984133 0.006536989795918353 0.014570932539682531
1 0.8709235408163264 0.9324123472222222 0.01102281632653056 0.010051297619047734
1 0.7646254285714286 0.6419252718253967 0.010927714285714122 0.008808186507936551
1 0.9649373163265305 0.648034248015873 0.0066687346938774025 0.02511205952380951
1 0.033321066326530605 0.4472423611111111 0.01148286734693877 0.014369444444444409
1 0.6695044795918367 0.16514957341269842 0.007292061224489694 0.012458789682539734
1 0.9230440306122448 0.7397986765873015 0.010735918367346844 0.008373876984127036
1 0.5716677295918366 0.8531125992063491 0.006218112244897916 0.024181547619047648
1 0.025082999999999998 0.7510930337301587 0.011058489795918369 0.008726630952380847
1 0.7216883775510204 0.738654236111111 0.006878346938775337 0.01686315476190477
1 0.17532581632653058 0.461458867063492 0.007766734693877554 0.015078297619047554
1 0.08077299999999998 0.5431270257936508 0.0074591020408163265 0.017292575396825407
1 0.1749463775510204 0.1473339781746032 0.008206734693877569 0.007787400793650848
1 0.325723387755102 0.6418528412698412 0.008629755102040752 0.013913365079364975
1 0.176130443877551 0.93914760515873 0.008070744897959184 0.012701813492063686
1 0.5783478367346938 0.05669720039682541 0.006250755102040679 0.01979012301587306
1 0.7742849591836735 0.2547374801587302 0.005001510204081581 0.01681472222222223
1 0.9702118724489797 0.8299801626984127 0.00823696938775486 0.01650296825396818
1 0.2268667448979592 0.837893871031746 0.010552224489795923 0.013696384920634802
1 0.9145903673469387 0.14368736904761906 0.0085105918367345 0.011980420634920675
1 0.6190377857142857 0.846606359126984 0.009692285714285528 0.011772400793650679
1 0.7238638826530612 0.16092258333333334 0.004759479591836627 0.021532809523809572
1 0.5230908622448979 0.8356350714285714 0.007070826530612249 0.016353865079364992
1 0.8223894336734694 0.9389044047619048 0.006369091836734648 0.020628690476190314
1 0.6721152704081632 0.45080477976190475 0.006853642857142716 0.018405321428571417
1 0.5676414744897958 0.6557194067460317 0.003747663265306045 0.020902456349206348
1 0.9204572346938773 0.25021172023809524 0.005386551020408246 0.025246202380952393
1 0.872736331632653 0.1535686666666667 0.011861520408163224 0.00895889682539688
1 0.47613073469387746 0.8424992797619048 0.006284448979591823 0.01936651984126975
1 0.8231915051020408 0.14293280952380955 0.010185867346938693 0.009149261904761926
1 0.2728334897959183 0.543052476190476 0.005991183673469332 0.016821634920634883
1 0.21988628061224488 0.05240918253968256 0.010801418367346903 0.01100504761904766
1 0.5295149540816325 0.248309501984127 0.008891010204081643 0.014169686507936596
1 0.12844868877551022 0.5544367222222222 0.006495479591836707 0.026915246031745887
1 0.9158289642857141 0.049286642857142876 0.008584418367346863 0.01539000793650799
1 0.37596587244897955 0.7377439067460316 0.00986672448979594 0.013723496031746052
1 0.6712304285714286 0.6433536210317461 0.00989883673469387 0.01277192460317453
1 0.42557116326530614 0.835049472222222 0.009508183673469311 0.011324666666666575
1 0.5315048979591835 0.15372167658730157 0.009056530612244882 0.007412797619047697
1 0.470210775510204 0.7410648253968254 0.004731510204081652 0.01886241269841271
1 0.2759088010204081 0.9465835813492064 0.010363520408163294 0.0164310515873017
1 0.8705223826530611 0.05845563095238097 0.010868499999999821 0.010072865079365136
1 0.4726596581632652 0.4516521091269841 0.0058924183673469644 0.021670980158730035
1 0.0281955 0.15702485515873016 0.01535644897959183 0.016307432539682587
1 0.6759690714285713 0.5571169523809524 0.009031244897959262 0.015974428571428646
1 0.6240572040816326 0.24345037301587305 0.006349877551020354 0.01644746825396832
1 0.7232417295918366 0.35688816468253975 0.008873683673469251 0.007825853174603135
1 0.12953588775510205 0.7368880674603173 0.01133638775510202 0.007994698412698398
1 0.7239385459183674 0.061705680555555587 0.010668826530612156 0.007913043650793693
1 0.7226796581632653 0.45300139880952367 0.004895785714285747 0.020832519841269794
1 0.0823250051020408 0.9441998630952382 0.005949479591836734 0.022438567460317235
1 0.5802503724489796 0.25746682936507936 0.005634459183673458 0.017556420634920675
1 0.5757070102040815 0.15355423611111113 0.007068122448979607 0.013328035714285758
1 0.1275588469387755 0.3532163353174603 0.008594040816326524 0.01392943253968257
1 0.12998294897959184 0.939847974206349 0.006934612244897944 0.019981630952381084
1 0.5258006734693876 0.9390278492063492 0.01174165306122451 0.012480301587301549
1 0.17328781122448977 0.0595684404761905 0.00929172448979591 0.012807563492063552
1 0.6259188061224489 0.3541612043650793 0.007728714285714285 0.01637997222222228
1 0.4794366326530612 0.06473206944444447 0.012108877551020417 0.010540821428571464
1 0.026468352040816327 0.6512176388888888 0.011795438775510205 0.015025039682539543
1 0.3772257193877551 0.5487244543650792 0.0076659081632652 0.02159871031746036
1 0.1754859693877551 0.3545069742063492 0.004257653061224482 0.01878863095238091
1 0.5232581734693877 0.05422515079365081 0.004504061224489776 0.02225406349206354
1 0.31950695918367344 0.4521003492063492 0.014685061224489765 0.020154460317460376
1 0.3711850153061224 0.9433717043650792 0.013050887755101976 0.011074051587301447
1 0.5232503316326531 0.5496082539682539 0.00707076530612239 0.022931309523809455
1 0.03122917857142856 0.25330937103174606 0.0092890918367347 0.012230464285714355
1 0.8222323112244897 0.3469244761904762 0.008277724489795751 0.01969271428571432
1 0.4319993622448979 0.6512896825396824 0.01163903061224494 0.011160714285714314
1 0.026293755102040812 0.0524026527777778 0.010231367346938771 0.009778027777777826
1 0.12497943367346938 0.05635406150793654 0.010882969387755077 0.008075607142857186
1 0.17789376020408162 0.561853121031746 0.005181867346938747 0.017042765873015772
1 0.42662241326530603 0.2515306904761905 0.005492418367346932 0.019508063492063587
1 0.6226084183673468 0.05450148809523814 0.006058673469387798 0.01798115079365079
1 0.4288156428571428 0.939587994047619 0.007164632653061176 0.022981749999999777
1 0.8677229642857142 0.7391227460317459 0.009770908163265191 0.016546174603174535
1 0.07804528061224489 0.3556857638888889 0.008450255102040824 0.01829117063492067
1 0.7739110306122449 0.15439846626984127 0.01244579591836715 0.011639575396825474
1 0.07259869387755101 0.2537911408730159 0.011052612244897946 0.010646884920634973
1 0.5707975204081632 0.7545805813492062 0.005726387755101874 0.02469300396825385
1 0.22952288265306123 0.3466065972222222 0.011617499999999963 0.009787797619047663
1 0.08285401530612245 0.4362237936507936 0.009993499999999982 0.016565309523809486
1 0.03179234183673469 0.8543063869047618 0.011351540816326524 0.014353496031745985
1 0.6699456785714285 0.745242134920635 0.013106091836734635 0.013607992063491971
1 0.4798207551020408 0.15643503571428571 0.009427367346938605 0.011286674603174686
1 0.22709212244897958 0.742183634920635 0.01105810204081631 0.020965071428571253
1 0.4212903673469387 0.7542795615079365 0.0088223265306122 0.022194845238095142
1 0.5238162091836733 0.4505170694444445 0.006257887755101978 0.02208094047619043
1 0.2790339540816326 0.25838435912698415 0.009853010204081665 0.01820151984126984
1 0.3294659336734693 0.3531359543650794 0.006884459183673489 0.022770750000000037
1 0.17137621428571426 0.8461026388888887 0.012158285714285682 0.012779841269841144
1 0.22621028061224488 0.5512806646825397 0.013459540816326537 0.010905932539682379
1 0.43024708673469386 0.35666827380952376 0.008447153061224455 0.019426349206349284
1 0.22946451020408165 0.947021632936508 0.012053122448979561 0.016174988095238083
1 0.07514904591836734 0.0536354523809524 0.011053948979591827 0.008552507936507987
1 0.3722749234693878 0.45548360912698405 0.011508826530612179 0.011527821428571351
1 0.27220782653061226 0.14656260714285718 0.005648122448979567 0.022971015873015914
1 0.7705877040816326 0.34775715674603175 0.012077142857142726 0.010586876984126982
1 0.7748876224489795 0.05142778174603177 0.009217102040816322 0.019788285714285758
1 0.03084068367346938 0.9385562142857142 0.012617102040816326 0.0238052301587302
1 0.42927782653061225 0.06206115476190479 0.0077903469387755764 0.020699690476190424
1 0.37944338775510195 0.3488255753968254 0.010245877551020398 0.02085083333333336
1 0.2294881632653061 0.4515878095238094 0.010092551020408104 0.017459301587301614
1 0.3214530306122449 0.047468251984127005 0.009517408163265273 0.02584722619047624
1 0.27339587244897956 0.351201246031746 0.011881724489795938 0.011139174603174694
1 0.32713555612244893 0.16228320436507937 0.012820724489795968 0.011371091269841309
1 0.23129497959183673 0.26116021825396823 0.009029938775510159 0.018230158730158763
1 0.12960408163265302 0.16029544444444446 0.01311326530612248 0.014726571428571464
1 0.2750430714285714 0.05703127976190478 0.014008244897959139 0.025322361111111153
1 0.37858737244897955 0.2553943452380953 0.0030293367346938484 0.011780753968253954
1 0.7190688775510203 0.6278831845238094 0.004783163265306151 0.006510416666666666
