0 0.5273784974937342 0.15930264498050686 0.04011100501253141 0.08119971003898627
0 0.2302369266917293 0.45025233845029233 0.039891146616541334 0.0775423230994151
0 0.08152501378446114 0.44929649926900583 0.0404779724310777 0.07791500146198817
0 0.5264122944862155 0.9407019841617933 0.039353411027569 0.07921403167641314
0 0.034099688919737504 0.058761752355712606 0.040751119384149416 0.0782616279937181
0 0.13006800939849622 0.938293168859649 0.04162098120300754 0.07820366228070183
0 0.6267855037593985 0.1594035080409357 0.041164992481203096 0.08063998391812857
0 0.4762883771929824 0.9424037524366472 0.038964598997493737 0.08185611598440544
0 0.9704681641604009 0.6494394929337232 0.040873671679198205 0.07920001413255365
0 0.03317696616541353 0.15663546661793373 0.040508067669172934 0.08043406676413248
0 0.4766378878446115 0.6475117906920077 0.040055224310776995 0.07839041861598438
0 0.5272757474937342 0.648643355994152 0.03990550501253135 0.07684628801169602
0 0.329407734962406 0.15854825804093567 0.039689530075188016 0.07892948391812855
0 0.7741091096491227 0.8443624929337231 0.040542780701754565 0.07842101413255362
0 0.8730477568922306 0.8435564037524366 0.04144325814536346 0.0790931924951266
0 0.03327461716791979 0.25521872538986357 0.04031176566416039 0.07886154922027283
0 0.6759327073934837 0.5509875733430799 0.0403835852130327 0.07875085331384014
0 0.724086104010025 0.7457492102826511 0.040355791979949936 0.07841057943469791
0 0.527413346491228 0.06046758845029243 0.04057230701754396 0.07922282309941513
0 0.08286522652700656 0.05890971917942678 0.04142454694598687 0.07855756164114645
0 0.4280323872180451 0.6477424037524366 0.04074522556390987 0.07809019249512673
0 0.9220791685463658 0.8433389753898635 0.03964705889724322 0.0786583357699806
0 0.9705527161654134 0.3546403535575049 0.040259567669172776 0.0835344839181286
0 0.0329641171679198 0.5466955796783625 0.039690765664160396 0.07854284064327476
0 0.8240421203007519 0.2570179037524367 0.03859175939849635 0.07789119249512667
0 0.72522970802005 0.06223642763157898 0.04107658395989974 0.08047614473684203
0 0.9220654094387754 0.061255394841269836 0.03816780867346939 0.07523276388888887
0 0.8234393652882206 0.8440443798732943 0.03934426942355915 0.07854624025341136
0 0.7750571146616541 0.45212479069200784 0.04048077067669179 0.07824141861598442
0 0.6759305563909773 0.06253501681286554 0.0407708872180451 0.07878896637426892
0 0.9214397155388472 0.3533760557992203 0.03993456892230601 0.08100588840155944
0 0.7741416096491227 0.7464406864035087 0.04060778070175459 0.07827062719298242
0 0.18114932706766917 0.44939238620857697 0.03922534586466167 0.07886822758284594
0 0.3288327819548872 0.2557644276315789 0.0397144360902256 0.076907144736842
0 0.8730405689223057 0.25687140375243667 0.03947086215538858 0.07759819249512663
0 0.27989888032581456 0.35348964498050683 0.040139239348370936 0.07894871003898629
0 0.8238383652882205 0.06259615375243668 0.040142269423559085 0.07967269249512664
0 0.8724333139097743 0.3528875796783626 0.04021437218045116 0.08155184064327484
0 0.28020998433583955 0.5489307819200778 0.03919503132832085 0.07996743615984404
0 0.8727029649122806 0.45211606457115006 0.04036207017543865 0.07974687085769973
0 0.2804116802587177 0.15770633770778653 0.039591639482564694 0.08096932458442696
0 0.030728503132832083 0.9371165796783624 0.04070199373433584 0.07813484064327486
0 0.7741706096491228 0.062193290692007824 0.04066578070175453 0.07962841861598433
0 0.9710549711779447 0.45251558845029244 0.039306057644110326 0.08206882309941517
0 0.5267456434837092 0.8432940168128655 0.04041171303258153 0.07780696637426911
0 0.4776519918546366 0.2576082429337232 0.04051701629072692 0.0767875141325535
0 0.18129657706766916 0.3522313057992203 0.03951984586466167 0.07871638840155941
0 0.8723622098997493 0.062217290692007834 0.0416385802005014 0.07967641861598433
0 0.9217106165413533 0.941343597222222 0.04008476691729328 0.07973580555555553
0 0.6753616553884711 0.6478067906920079 0.04002468922305776 0.07898041861598444
0 0.9217160175438595 0.5503119841617933 0.039703964912280905 0.07968403167641311
0 0.32963358897243106 0.06035179702729048 0.0405328421052632 0.07822978801169583
0 0.625719201754386 0.94142107334308 0.039815596491228226 0.0783678533138402
0 0.4779171428571428 0.060368725389863584 0.04065571428571429 0.07978654922027283
0 0.7245738070175438 0.8436026298732943 0.040156385964912285 0.07766274025341127
0 0.47793089285714285 0.35428848416179337 0.04068321428571429 0.0782620316764132
0 0.1325326437007874 0.05970399759405075 0.04016371259842515 0.07908100481189852
0 0.9706291691729323 0.06140890375243668 0.03923766165413533 0.07729819249512661
0 0.9705883671679199 0.1584540557992203 0.03993926566416052 0.08178688840155938
0 0.2797112293233082 0.45110472538986357 0.04015554135338343 0.08000854922027287
0 0.6750869003759399 0.7460057102826511 0.04143319924812039 0.07892357943469787
0 0.5271162944862154 0.35289419273879147 0.040761411027568986 0.0808036145224171
0 0.13145042042606514 0.44932099926900587 0.04007815914786969 0.0779640014619882
0 0.7744797136591478 0.16038768640350878 0.039717572681704234 0.07803962719298238
0 0.3777450795739348 0.2567880168128655 0.0408128408521304 0.07666996637426894
0 0.872519412907268 0.6478672906920079 0.04077817418546376 0.07910141861598448
0 0.031220956140350874 0.7441808949805068 0.04051208771929825 0.0790812100389864
0 0.32877093295739346 0.6483220406920078 0.03919913408521311 0.08001091861598444
0 0.7246259580200501 0.16006112110136453 0.03986908395989975 0.08119375779727085
0 0.7250305620300752 0.35373778192007793 0.039111875939849786 0.08020643615984394
0 0.3788660895989975 0.06002183845029243 0.039138820802005064 0.07833132309941514
0 0.6263782537593985 0.35406848416179343 0.040350492481202996 0.07782203167641323
0 0.6256804517543859 0.7456548233430799 0.03973809649122819 0.07746035331384021
0 0.18061412406015037 0.6459130884502924 0.03932975187969929 0.0782388230994152
0 0.4274717312030075 0.5510014364035087 0.0400155175438597 0.07801712719298257
0 0.971295018170426 0.25665565375243665 0.04096096365914791 0.07716669249512662
0 0.5763785971177945 0.8428782906920077 0.040601805764411025 0.07849841861598447
0 0.08021555576441103 0.9377744427387914 0.04099188847117795 0.07868911452241731
0 0.08208546679197995 0.25473120151072126 0.04042406641604011 0.07636359697855744
0 0.8236073652882205 0.15898287110136455 0.03968026942355901 0.07903725779727086
0 0.8735460169172932 0.7464085733430799 0.04126496616541359 0.07896785331384018
0 0.2798603333333333 0.6467558145711501 0.03888733333333337 0.0784013708576999
0 0.6753555563909772 0.9419089364035087 0.039620887218045096 0.07858212719298249
0 0.971453372180451 0.7454625972222222 0.03971125563909774 0.07859880555555558
0 0.18148332706766915 0.1567568296783626 0.039893345864661686 0.07991534064327478
0 0.1306748634085213 0.8409492253898635 0.04126827318295738 0.07844754922027292
0 0.9710944191729323 0.8442713798732944 0.0401681616541353 0.07900024025341136
0 0.5767458991228069 0.35368953192007796 0.04055320175438593 0.08010993615984402
0 0.8228775112781954 0.9408098711013646 0.03978697744360906 0.08019125779727096
0 0.8721521109022555 0.9413021211013645 0.04082677819548885 0.08117575779727085
0 0.3780981835839599 0.3532544188596491 0.039952632832080275 0.08000116228070173
0 0.9216613665413534 0.4514762015107213 0.03998626691729348 0.07922859697855747
0 0.5765555501253132 0.6489542429337231 0.03978089974937343 0.07822951413255365
0 0.08104531077694235 0.6452742253898636 0.040693378446115286 0.07772254922027293
0 0.22994852568922305 0.6460629515107212 0.03970594862155389 0.07777709697855763
0 0.031198706140350873 0.8405589992690058 0.040467587719298245 0.0791900014619884
0 0.2792950783208019 0.8415357253898634 0.03971484335839602 0.07962054922027285
0 0.42810763721804507 0.25666387987329436 0.040895725563909885 0.07566024025341124
0 0.6258330037593984 0.8430407906920077 0.0392599924812031 0.07882341861598441
0 0.1822200632733408 0.05937675174978127 0.04146487345331829 0.07705949650043743
0 0.5269000964912279 0.7458921211013644 0.039545807017543864 0.08098075779727093
0 0.0322284611528822 0.6463591600877192 0.04056907769423559 0.07913096637426904
0 0.626403305764411 0.060770838450292415 0.03961738847117796 0.07982932309941511
0 0.9224405745614035 0.6479339037524366 0.03841185087719308 0.07847319249512669
0 0.4281871372180451 0.05993397538986358 0.04105472556390986 0.07891704922027282
0 0.626800159774436 0.25680662987329433 0.03884468045112795 0.07594574025341123
0 0.8230765112781955 0.4525626537524366 0.04018497744360912 0.07835569249512665
0 0.7746978646616541 0.2569144037524366 0.039762270676691816 0.0776841924951266
0 0.2308536217660293 0.059767124671916014 0.03960375646794151 0.07852375065616798
0 0.9217173195488721 0.15756982967836258 0.038923360902255816 0.08154134064327476
0 0.626768659774436 0.5496517341617934 0.038781680451127946 0.07836353167641322
0 0.8234787142857142 0.6480651537524366 0.039814571428571505 0.07873569249512671
0 0.477225439849624 0.45238390375243664 0.0404471203007519 0.07799819249512666
0 0.08160316478696741 0.5475637819200779 0.040242670426065164 0.0772334361598441
0 0.0325072111528822 0.3525126688596491 0.04112657769423558 0.0785176622807017
0 0.476551835839599 0.8438974037524366 0.040666328320801984 0.0797751924951267
0 0.3786065845864661 0.5499408711013645 0.04057783082706773 0.07970325779727094
0 0.47660133583959896 0.7452882341617934 0.04076532832080204 0.07901153167641341
0 0.032666664160401 0.4492040231481482 0.04027067167919799 0.07925295370370368
0 0.3773768295739348 0.9407102580409356 0.040076340852130396 0.0807534839181289
0 0.08134665977443609 0.7440340080409356 0.04168768045112783 0.07802598391812873
0 0.9711808201754386 0.9406775080409354 0.03994935964912299 0.08068798391812868
0 0.42643452819548866 0.8432800406920077 0.04107394360902258 0.07930191861598443
0 0.37858058458646615 0.45118072538986354 0.04052583082706777 0.0801605492202729
0 0.23108993170426065 0.1574923296783626 0.039639136591478726 0.0813863406432748
0 0.4776890388471177 0.5495360080409356 0.04176592230576454 0.07965498391812866
0 0.675519504385965 0.35383825804093566 0.040731991228070336 0.07888448391812858
0 0.47795771344396343 0.1603361163486719 0.03963957311207307 0.07749976730265619
0 0.9217266685463658 0.7452089841617933 0.03933366290726821 0.0788530316764133
0 0.37799538157894735 0.647625677631579 0.040530236842105286 0.0793796447368422
0 0.7252052449874686 0.25709662987329435 0.039852845864661646 0.07576428801169587
0 0.13124421741854636 0.5477986688596491 0.04084056516290727 0.0784646622807018
0 0.4268175802005012 0.9407312580409355 0.04105683959899754 0.08079548391812885
0 0.1321215244360902 0.15742241885964917 0.03985395112781953 0.07896216228070169
0 0.22934181766917294 0.9394208949805067 0.041625364661654174 0.07893621003898646
0 0.5761956961152882 0.9413827102826511 0.04062760776942359 0.07905257943469794
0 0.5770687011278194 0.060807975389863586 0.04041559774436091 0.08066504922027283
0 0.774150510651629 0.35366639498050684 0.04023397869674201 0.07930221003898631
0 0.7744264636591478 0.6484818798732943 0.039611072681704225 0.07804624025341145
0 0.18184332706766917 0.25421572538986353 0.040613345864661685 0.07685554922027281
0 0.3773500795739348 0.8423307015107211 0.04002284085213036 0.07968759697855758
0 0.3282251259398496 0.7458408711013644 0.040848748120300774 0.08087825779727106
0 0.13190097243107768 0.25531167763157897 0.04019605513784461 0.07600164473684204
0 0.42812663721804506 0.3537090080409357 0.04093372556390982 0.07862598391812861
0 0.6262713577694237 0.6480996298732943 0.038570284461153036 0.07728174025341131
0 0.3282418289473684 0.9388217819200779 0.039707342105263214 0.07849943615984421
0 0.27995068233082704 0.2555633145711501 0.039459635338345934 0.07726637085769976
0 0.23045742669172928 0.3523590557992203 0.04033214661654134 0.07897188840155935
0 0.08063550877192982 0.8411421123294346 0.040656982456140356 0.07959477534113052
0 0.6761557073934836 0.8433249037524366 0.04082958521303266 0.07863019249512672
0 0.3284290789473684 0.5486346688596491 0.04008184210526322 0.08013666228070172
0 0.8731804699248119 0.551606210282651 0.039359060150376025 0.08074957943469781
0 0.6758724573934836 0.1589400080409357 0.040263085213032616 0.07971298391812857
0 0.6762032593984962 0.2577746059941521 0.0401414812030077 0.07635878801169589
0 0.4270791322055138 0.45165454069200783 0.04079673558897246 0.07730091861598436
0 0.17972121804511276 0.9389458949805068 0.03989356390977447 0.07798621003898651
0 0.5276655964912279 0.5505182341617934 0.04107680701754392 0.08009653167641319
0 0.5763454981203008 0.7450915080409357 0.04014400375939857 0.0801409839181288
0 0.7746070106516288 0.5510975972222223 0.0411469786967419 0.08049380555555559
0 0.3286395789473684 0.8432414037524367 0.04050284210526322 0.07846319249512677
0 0.9220471215538846 0.25642751681286546 0.03879975689223047 0.07594896637426893
0 0.0817794147869674 0.3510153535575049 0.04059517042606515 0.0793302928849902
0 0.22954357268170422 0.8410306123294347 0.04007085463659146 0.07937177534113053
0 0.8235123652882205 0.35381914498050687 0.039490269423558995 0.07960771003898627
0 0.18049332205513785 0.5478439188596491 0.03987135588972434 0.07855516228070177
0 0.872879865914787 0.15860478192007801 0.040324268170426135 0.08056543615984399
0 0.3287340269423558 0.35270330579922027 0.04147494611528824 0.07966038840155937
0 0.13220982644110277 0.3520294427387914 0.03924734711779449 0.0790741145224171
0 0.577274257875227 0.5492270894979047 0.039260295199075604 0.0782756945903514
0 0.822857959273183 0.7458390733430799 0.04053108145363414 0.07782885331384017
0 0.3787164805764411 0.1588110080409357 0.042364038847117765 0.07945498391812861
0 0.23013252568922304 0.5487707580409356 0.04007394862155392 0.07812448391812873
0 0.23030237468671674 0.25427824926900583 0.040805250626566446 0.07850350146198827
0 0.5775021021303258 0.4511808384502924 0.04089079573934841 0.07939932309941512
0 0.6752247023809522 0.4525686298732943 0.04092559523809527 0.07684474025341137
0 0.18029932205513782 0.7437015557992203 0.03948335588972436 0.0804068884015595
0 0.1799920200501253 0.8414881776315788 0.0396519598997494 0.07647964473684214
0 0.27978052277840265 0.059870124671916 0.04078995444319463 0.07872975065616795
0 0.13088191541353383 0.6463294515107212 0.04089916917293233 0.07831009697855752
0 0.2786777243107769 0.9389385319200778 0.040046551378446135 0.07873293615984424
0 0.5273681954887217 0.25734560599415207 0.040873609022556476 0.07550078801169581
0 0.8238907142857141 0.5506100972222223 0.040638571428571475 0.07951880555555559
0 0.2793507293233083 0.7438620319200779 0.03943454135338347 0.07920493615984409
0 0.7246441090225563 0.6493622429337231 0.039513781954887355 0.07904551413255372
0 0.7732976046365915 0.9415930972222222 0.04087779072681721 0.0802348055555557
0 0.32915138095238095 0.45193211232943475 0.04035163408521305 0.0801404186159843
0 0.6260045507518797 0.45151306457115004 0.04077789849624074 0.0785408708576998
0 0.22953880200501248 0.7442779044834308 0.04083199999999995 0.08104399999999994
0 0.08268941979949873 0.15684244273879144 0.0404571604010025 0.0793251145224171
0 0.724565319548872 0.9420230263157894 0.03974780701754383 0.07881030701754375
0 0.9711621221804511 0.5501201211013644 0.03912875563909799 0.08006175779727097
0 0.4272840852130325 0.7460625080409355 0.040031829573934884 0.08056007943469781
0 0.5275518984962405 0.4529757906920078 0.040066203007518904 0.0799434186159843
0 0.576850399122807 0.25699926681286556 0.04076220175438599 0.07709246637426899
0 0.377511126566416 0.7456337580409357 0.04151974686716799 0.08122548391812866
0 0.7249203070175438 0.45185254069200775 0.040849385964912395 0.07769691861598435
0 0.4280289392230576 0.15904589498050686 0.03995512155388471 0.08068621003898625
0 0.72513995802005 0.5499042341617933 0.04089708395989981 0.07886853167641325
0 0.13121801942355887 0.7443521211013644 0.04000496115288222 0.07790075779727099
0 0.5771335501253133 0.15971775804093571 0.04093689974937352 0.08126848391812858
1 0.03566765350877192 0.23725890716374268 0.005027474937343352 0.011882648635477671
1 0.034409983709273166 0.4599803589181286 0.004018378446115304 0.009604949805068368
1 0.8301833176691729 0.6333036030701754 0.003558803258145206 0.01322649269005834
1 0.4783706271929824 0.9378250928362573 0.0034717781954886917 0.008015140838206609
1 0.9235829448621554 0.1462000640838207 0.003946265664160161 0.012774701267056585
1 0.33419553634085214 0.2497985489766082 0.00712584461152877 0.00964693226120862
1 0.7306797644110276 0.14886471856725153 0.004022676691729186 0.015059914717348934
1 0.7242369323308271 0.24334362694931774 0.005551824561403354 0.009612088206627708
1 0.4808041322055138 0.3480873969298246 0.004087224310776958 0.009523914717348949
1 0.1824202073934837 0.2514161795808968 0.004833770676691706 0.014026193469785545
1 0.973904611528822 0.7399706055068226 0.00551157894736828 0.008530402046783594
1 0.5797372374686717 0.3376851420565302 0.005155850877192896 0.009769213937621856
1 0.4251981535087719 0.5447864208089669 0.00917449498746866 0.009035223684210416
1 0.8795971303258143 0.7255846245126705 0.006548220551378339 0.009890083333333423
1 0.8747403624837817 0.3415244863297042 0.004079219910709294 0.012992024125157443
1 0.5255986127819549 0.1580748014132554 0.007308413533834417 0.008061532651072184
1 0.6759963847117794 0.5411569032651072 0.006089937343358339 0.00867973635477585
1 0.42491940350877183 0.9317284271442494 0.006599162907268153 0.007263784113060327
1 0.5278595238095237 0.8382927687621832 0.005136215538847162 0.010625110623781549
1 0.23047855200501255 0.9331031293859647 0.005443271929824535 0.009844545321637414
1 0.1831235294486215 0.929593724902534 0.0053851466165413696 0.009248831871345212
1 0.6793617537593984 0.7353769749025341 0.00601646741854641 0.009341688596491081
1 0.8282257136591479 0.43661658552631577 0.00786561528822034 0.009883909844054628
1 0.7770277550125312 0.24532582919103316 0.008052885964912295 0.00793204044834312
1 0.8282855156641603 0.9246621659356723 0.0073544072681703 0.00692871393762198
1 0.4290995745614034 0.6378776444931773 0.007245713032581438 0.008647123294347026
1 0.13278750375939846 0.45048106018518513 0.005023363408521294 0.014135954678362544
1 0.8763191572681703 0.4453917273391812 0.004097274436090105 0.013654288986354679
1 0.07946843107769423 0.05326873367446396 0.0074948421052631505 0.006751397173489357
1 0.12874743170426065 0.6393582989766081 0.006837843358395977 0.011015980019493159
1 0.4754599561403508 0.7382796946881091 0.005377080200501284 0.01343512816764135
1 0.28342867167919794 0.15320289692982456 0.004492907268170398 0.01628243713450302
1 0.5775765747850333 0.7332111526547701 0.005848228473112118 0.010031338849087825
1 0.23339867105263154 0.357876610380117 0.007826718045112813 0.008981793859649133
1 0.7739895369674185 0.05714084039961016 0.007472053884711625 0.010428967348927946
1 0.026464806390977445 0.5346985704191033 0.004636176691729323 0.013981879629629526
1 0.6260029780701752 0.14628463572124759 0.006217728070175558 0.014128462475633609
1 0.32806625939849615 0.048839546783625794 0.005678258145363405 0.007233796296296298
1 0.4822272462406015 0.6374249183723197 0.008289868421052659 0.00802967105263155
1 0.7256594373433582 0.839560631822612 0.004664834586466172 0.013419550194931733
1 0.8220421835839598 0.7404171644736842 0.005351723057644112 0.014490354288498923
1 0.32785155325814536 0.4525401493664716 0.006107670426065072 0.010779228557504893
1 0.9763878715538847 0.34091949878167643 0.005635911027568698 0.013960831871345064
1 0.32865366541353375 0.14782833820662775 0.0068530701754386004 0.005710891812865511
1 0.23052511591478694 0.05321093737816768 0.005614768170426057 0.01521512524366464
1 0.874549655388471 0.045222648635477654 0.008419486215538846 0.010660331384015594
1 0.03069072744360902 0.6444674295808966 0.005191226817042601 0.009935145711500917
1 0.9264501679197995 0.9193014700292398 0.007610315789473328 0.007751226608187167
1 0.1787776453634085 0.7378266946881091 0.006244834586466169 0.012056771442494865
1 0.38093237593984963 0.6394610489766082 0.008028731829573843 0.012333384502923945
1 0.07797352506265663 0.7404000338693956 0.0073518220551378275 0.011478806530214294
1 0.8255975626566416 0.14462359429824564 0.008422669172932221 0.007551666179337286
1 0.3830209799498746 0.05062239449317741 0.005809543859649123 0.014328432261208642
1 0.5310408358395989 0.049699620614035114 0.003864443609022418 0.013128171052631655
1 0.7761667568922306 0.6372228243177388 0.006672486215538953 0.01212535136452253
1 0.7234157813283207 0.7394403316276802 0.007585730576441055 0.007306593079922072
1 0.18193171428571425 0.05490288961988307 0.006720571428571428 0.01555322076023384
1 0.031686093358395985 0.15689446369395713 0.00737281328320802 0.016990072612085714
1 0.6271030350877193 0.04862835307017547 0.007542050125313133 0.01070199269005856
1 0.5277517838345864 0.9300170402046782 0.0037852794486214845 0.014493819200779572
1 0.0766728170426065 0.8303498944931773 0.006037197994987472 0.015850527777777696
1 0.07994038408521302 0.6350811030701755 0.0069425401002506095 0.01195584941520453
1 0.7763124949874686 0.7386035338693957 0.005175761904761751 0.013548902046783457
1 0.3763122518796992 0.5383216357212475 0.008653691729323348 0.011304462475633572
1 0.3293539122807017 0.7305865942982456 0.007410596491228054 0.010546475146198652
1 0.08235684210526316 0.9332640338693956 0.004067644110275673 0.014091449805068181
1 0.7726778289473684 0.5447033077485379 0.007745845864661557 0.00996290204678364
1 0.28000300563909775 0.33925434429824564 0.00742819924812024 0.011199522904483474
1 0.7273099899326537 0.33910681096700507 0.0059957081276810495 0.012375164705389992
1 0.07909472807017544 0.3470134924463938 0.005892624060150364 0.010910271442495123
1 0.526878320802005 0.6398980250974657 0.007490225563909649 0.014505241228070273
1 0.7783356610275689 0.15478209917153998 0.007395093984962285 0.007793866959064378
1 0.9725724454887218 0.24849293591617938 0.0038682669172930314 0.013781062865497122
1 0.9747985208680867 0.44612845624533826 0.0037791640516082175 0.015355181114182374
1 0.17627442731829573 0.8366815012183235 0.006552022556390976 0.011563288986354713
1 0.6289706541353384 0.8349172750974657 0.004981624060150328 0.012807384502923982
1 0.07756217105263156 0.2551626795808967 0.00817453007518795 0.00729464571150097
1 0.9763666979949874 0.6349674098440545 0.008811090225563792 0.013706140350877187
1 0.18466757330827066 0.1503249222709552 0.008667853383458634 0.009181155458089618
1 0.03151118546365915 0.7305169334795322 0.005508330827067656 0.012970153508771867
1 0.8718350902255638 0.9368852122319689 0.008366160401002328 0.014463615497076136
1 0.02936702443609022 0.831848370614035 0.00744702882205513 0.014376480019493085
1 0.5205396303258145 0.7413803606237815 0.007636278195488748 0.009518153021442544
1 0.8264698076441103 0.8351243467348928 0.006678179197994995 0.008585980019493079
1 0.18362156700198123 0.34499793064852485 0.0043724698435615595 0.016467147846757364
1 0.6770645927318295 0.6408376381578946 0.008261165413533635 0.008057301656920163
1 0.12659241666666665 0.9335333969298245 0.004882209273182905 0.016598532651072005
1 0.974097465538847 0.9323807902046783 0.00865030701754372 0.007481962475633312
1 0.9220599968671678 0.5473934383528265 0.008558577694235632 0.01143571101364513
1 0.5810439505012531 0.05434504897660821 0.008808088972430994 0.011451836744639447
1 0.7280601033834585 0.05429943591617936 0.008087186716791957 0.00773580165692014
1 0.27766219862155384 0.8327140728557505 0.005844149122807047 0.013406527777777733
1 0.4792968302005013 0.04931669225146202 0.008276640350877074 0.013132575536062445
1 0.23187251002506262 0.4519017624269006 0.006962999999999957 0.014340359161793338
1 0.8780180733082705 0.8301137400097466 0.00931473057644102 0.008708314327485311
1 0.6241074730576441 0.7303858681773878 0.009225530075187902 0.007902118421052644
1 0.8271067556390976 0.05587215570175441 0.005012679197994783 0.017535050194931845
1 0.9746429085213031 0.8357509773391811 0.004034984962405831 0.016470145711500923
1 0.9221160438596491 0.3522525752923976 0.007271671679197717 0.01185388937621839
1 0.133770055764411 0.3511299383528265 0.005016279448621549 0.01562206773879144
1 0.9228465507518797 0.8323274612573099 0.009461898496240906 0.012471077485380158
1 0.6759595827067668 0.05021798367446397 0.005380333333333149 0.016660158382066328
1 0.1344780156641604 0.06089167470760237 0.008930968671679196 0.013824650584795236
1 0.5753553264411027 0.8363745250974658 0.009220424812030054 0.009131432261208456
1 0.18158699937343353 0.44984107772904475 0.004542166666666679 0.016177371832358664
1 0.9726790494987466 0.15044230774853803 0.00600468295739347 0.017996354288499106
1 0.5798847184450487 0.6443377277228236 0.010411667466538736 0.009603208856953316
1 0.37456923558897237 0.9332663255360624 0.009790100250626566 0.012563961988304229
1 0.17906570238095237 0.6538058803606237 0.012325988721804494 0.027046499512670488
1 0.8267383026315789 0.2522871318226121 0.00457477318295726 0.01685300243664721
1 0.28223001566416034 0.44364979897660817 0.00571540726817048 0.01333088450292398
1 0.878156771303258 0.24660170979532164 0.007470918546365875 0.012994801656920104
1 0.23236066604010022 0.8416255363060428 0.004811875939849638 0.014619906920077912
1 0.7774318609022556 0.8304702729044834 0.008027882205513797 0.014086866471734873
1 0.38188248496240595 0.244790483674464 0.00926134586466161 0.012809992690058544
1 0.12373060246462801 0.8309981806886758 0.018113874942948423 0.03244808306709264
1 0.13206845238095236 0.5420702363547758 0.005678258145363405 0.009137426900584857
1 0.1810189536340852 0.5462582236842104 0.005286654135338331 0.009137426900584758
1 0.23143796992481197 0.5466389498050682 0.004699248120300784 0.008375974658869289
1 0.27901785714285715 0.6404879385964912 0.00548245614035083 0.005710891812865388
1 0.3337445175438596 0.633063779239766 0.006069862155388504 0.006853070175438643
1 0.12932722431077692 0.7309103923001948 0.005286654135338356 0.006853070175438643
1 0.2794094611528822 0.7427129020467836 0.003524436090225588 0.009137426900584758
1 0.32405231829573933 0.9245096247563351 0.004307644110275685 0.010279605263157915
1 0.4268483709273183 0.250243664717349 0.004307644110275685 0.010279605263157915
1 0.5325814536340852 0.25271838450292405 0.005482456140350779 0.009137426900584758
1 0.5738118196999776 0.23855743870135318 0.004923138146822278 0.01051217272434367
1 0.6290729666552035 0.2513165129324669 0.004290954126480426 0.011342488110580114
1 0.6795308583959899 0.25214729532163743 0.004503446115288259 0.009518153021442493
1 0.3819118107769423 0.34390229044834314 0.0060698621553884535 0.008756700779727072
1 0.6275454260651628 0.35018427144249514 0.004699248120300784 0.012183235867446393
1 0.674048402255639 0.346567373294347 0.007244674185463598 0.00799524853801175
1 0.38230341478696733 0.4508863304093567 0.005678258145363405 0.007995248538011701
1 0.48221625813057084 0.4510858296126182 0.004008823175138636 0.005407505099290333
1 0.629111842105263 0.5422605994152045 0.00548245614035088 0.011802509746588658
1 0.573797775689223 0.5394051535087719 0.004895050125313308 0.00913742690058466
1 0.4264567669172931 0.737192373294347 0.004307644110275685 0.01256396198830403
1 0.5751683897243106 0.9357410453216373 0.005286654135338356 0.011421783625730974
1 0.6738526002506265 0.9306012426900584 0.004503446115288259 0.011041057504873287
1 0.9202694235588971 0.06197459795321644 0.00548245614035088 0.006091617933723184
1 0.9732338659147867 0.04484192251461995 0.004895050125313308 0.009137426900584795
1 0.823402834860463 0.3454854867692409 0.005410683058127777 0.0045117881621255206
1 0.7251527255639096 0.6340155945419103 0.0060698621553884535 0.010279605263157915
1 0.8753328634085212 0.6458181042884991 0.00685307017543855 0.007995248538011701
