0 0.031402 0.662763 0.033677 0.061862000000000056
0 0.030747104931086476 0.2091829681902611 0.03189843197269913 0.06069764138252698
0 0.6233945851917716 0.36056854408616534 0.029303829616456917 0.058454603707668085
0 0.07201780224729504 0.6626216659916045 0.03077801871643606 0.05996442910212666
0 0.03176758630724054 0.9685966765818952 0.03162464114705958 0.05985825239544728
0 0.662842051500547 0.9508507104604603 0.029585059905473596 0.057555116342961475
0 0.07230658018306393 0.967477669632848 0.029536839633872127 0.060238660734303784
0 0.468392501785667 0.13790622910990008 0.029732280098410082 0.056593239000580935
0 0.9689694193635381 0.3600015930777716 0.02811341988640133 0.05734733302349967
0 0.9688176693635383 0.43301334433923716 0.028360301851484956 0.0565573553996173
0 0.5463403955589733 0.21176520955609074 0.028847041238104425 0.059066945737817005
0 0.6240344401585527 0.8030654896677251 0.028656061057949718 0.05753202066454939
0 0.11206172628369618 0.8143673421173216 0.03067618926747968 0.05939149908764348
0 0.03128477470172747 0.8154049407275122 0.03181639472500728 0.060157485189549394
0 0.7014487800924307 0.7289570858898468 0.028802661346650767 0.05737694390433618
0 0.5469442896760549 0.9527995929964618 0.029904632413726748 0.05836581400707645
0 0.9317848062215176 0.8741712082337438 0.027908163397397937 0.05608553373441451
0 0.9310543652389758 0.8004661461546579 0.027823236345023483 0.05821270197067803
0 0.6235610175257851 0.6551134941254203 0.028582303729831657 0.058615664697071176
0 0.8933776536281178 0.8743631363966006 0.02800973783105479 0.05701415250965242
0 0.03141451284357556 0.2856166793496494 0.03124917330229358 0.059732757280441244
0 0.6629992534457871 0.8769459079061076 0.02917189051477285 0.05579083713569694
0 0.9688188941615481 0.652637490367919 0.0286379424300465 0.056454731915589
0 0.8928697351892212 0.6532661091431569 0.028645046848512885 0.05771196946606468
0 0.9311031686205226 0.7251636199941439 0.028884011547013765 0.06014113551646893
0 0.7777410499871947 0.5806802060315711 0.028305782775721326 0.05579441441081377
0 0.5852431080217244 0.8783991372164243 0.02839979866384692 0.057931090417149875
0 0.5853583616985484 0.6552670056938126 0.029080897193117492 0.05884668049237351
0 0.779281707963726 0.9506471092369347 0.028622320260296596 0.05945237663202782
0 0.9318358878314823 0.13841834120631422 0.028295416556075457 0.05589631758737151
0 0.9685781020518239 0.7256926214241454 0.028431549193139997 0.05684103878027684
0 0.9691897171091737 0.13755161419242373 0.02662767849987898 0.055339246716103824
0 0.5469393808516774 0.8040676672538875 0.02869323829664521 0.0579316654922249
0 0.7394251007077831 0.5807766048080455 0.029378710647016176 0.0565633276477917
0 0.031642949128329934 0.5888633532844835 0.03137536678923837 0.05875214617751257
0 0.6237314735570766 0.9515110327629788 0.02979630372983159 0.05772352957993959
0 0.46947084636643277 0.7310882837763507 0.02951051903297131 0.057960470267296935
0 0.7787115866277852 0.8013373926156372 0.028209650869595416 0.05638028929649064
0 0.4698523007786215 0.9551216652989623 0.02967263962318563 0.05855005316207289
0 0.8930900329348566 0.7264293120365263 0.0290856423397837 0.05749727633075236
0 0.03042944912832994 0.1341151943646644 0.031097780825904083 0.059157555678294116
0 0.9691206693635381 0.8728616363966007 0.027452751447504604 0.05646258353251207
0 0.19163996619137058 0.8880172763499193 0.030776030369566918 0.058095905605878434
0 0.9684812452887303 0.5062453925387972 0.028513026649494906 0.05838702145002146
0 0.46977409636643264 0.8054234267088871 0.030267216091512016 0.05885922222222219
0 0.7400557586843147 0.7275885611402768 0.029475909350189854 0.056944357141314
0 0.893478074544248 0.0637455139023916 0.026956381911946256 0.05634074082715808
0 0.3907616332067672 0.8820684500639253 0.029949201240026962 0.058431194422144866
0 0.8927787182814872 0.43261763025780886 0.02832541754177401 0.05549354601199847
0 0.9313439607302466 0.9474151141890189 0.02716406790612683 0.055215103048626875
0 0.9694634326222397 0.21127590175209224 0.02813827796490773 0.05733624781243829
0 0.03132585958704796 0.8915093958072514 0.031567885413084314 0.05853408892816532
0 0.854731086635625 0.6534546640722356 0.028231285989476634 0.05876246609875176
0 0.03132610958704796 0.739545295376439 0.0315683854130843 0.05932477589169532
0 0.8173679479697794 0.8761781331565378 0.030000266967008825 0.058864213108792224
0 0.9309022961935582 0.5066733400066733 0.028207075710543046 0.058425772711486954
0 0.3107796347914076 0.1366249881270917 0.029643711793338797 0.05730378483115272
0 0.46966455445544547 0.8802038101864239 0.0295975410939152 0.05797251199714555
0 0.3904161751177545 0.9572860551764635 0.030610058588868623 0.05990556261707255
0 0.31217231387397154 0.8849608381467298 0.030279655921800992 0.05951099313073285
0 0.5853946080217245 0.8033243496788868 0.029003192780928666 0.0576343384622245
0 0.11168996231581174 0.9674511168532293 0.0305940194968387 0.06051285795468505
0 0.6234225537088516 0.06356508575351535 0.029059372533535303 0.05761511189296116
0 0.5852516756704796 0.9525078619064609 0.030669889839469378 0.05897165994707576
0 0.6238522968382575 0.8773184223666112 0.028873833042303912 0.05624780821468959
0 0.9307716096030645 0.35970134307777163 0.028083298020826403 0.057291595473024086
0 0.7402927366999604 0.875853248840567 0.028931262787827833 0.05648609742476284
0 0.07178338247665404 0.8908541228919654 0.031631895505409895 0.05853275421606897
0 0.9305927063381986 0.5804205566110328 0.02731270501728199 0.05529338862672195
0 0.8932964261717631 0.9479472688828285 0.027434496444532632 0.055462268761959296
0 0.43026513390368154 0.8813187865489251 0.030403141017014308 0.058121175512145885
0 0.9687422817625431 0.7996174804413256 0.02765914468441097 0.05624298931925131
0 0.9694495872304156 0.0643584548346056 0.026101798043430113 0.05471924788528984
0 0.5471320359992309 0.8789876953364254 0.029378942708833965 0.05554028229714861
0 0.778900498690368 0.8752649409985526 0.028732989650997697 0.05703782879282158
0 0.9681623659819913 0.9466381970456851 0.026224122140765607 0.05556793733529419
0 0.8933588840620389 0.8004382773794201 0.028522580663980602 0.0567950582963916
0 0.07183830690325653 0.8151046907275122 0.03058436756964102 0.06053889352840576
0 0.31159362547948466 0.959864960582517 0.030610335004365007 0.05875995937763378
0 0.31192430456204867 0.8095100712701802 0.030114316380519205 0.05916873800230748
0 0.8175493078915509 0.9498779459999567 0.028471296279481362 0.05762599231605703
0 0.43049173243295197 0.7322064331088514 0.030105352782851137 0.05871013378229715
0 0.07065280224729502 0.13403336866975973 0.029370735046691833 0.059321207068103614
0 0.623719002869549 0.7294257491268248 0.02875275976112314 0.05773815469426274
0 0.7395646300202556 0.6534920995203837 0.029075710647016414 0.05767733822311528
0 0.8557241359773682 0.8752360176213629 0.02865541371111563 0.05794277128489034
0 0.8167913412900746 0.8014811715366446 0.028847053607599298 0.05839619419059347
0 0.8557929337230037 0.9487399470456851 0.02769224527221898 0.05677524386291041
0 0.8933021665677164 0.21124317685311209 0.028350741833717368 0.05895735708370241
0 0.5470895779102182 0.7299645385038505 0.028843435355186 0.05779426893229859
0 0.8549517314686391 0.7273148010170034 0.028486559606366958 0.058178729392658134
0 0.6625442534457869 0.8030659896677254 0.028989463795953397 0.05753302066454953
0 0.5087172139767374 0.8792194595189248 0.02990078381236185 0.05749044581214865
0 0.7015823240611393 0.8020331529047033 0.02936077859654035 0.05719569419059337
0 0.930929699458424 0.6533463122050623 0.0283994777315456 0.05787237558987557
0 0.8165481279306651 0.7272162966797732 0.02865165620125254 0.05850429095642405
0 0.11190991002222164 0.8897903888582042 0.031199254450940454 0.05771449726702179
0 0.3514291949948414 0.6584963710304309 0.030257136054601667 0.057932591992537474
0 0.7012429787956042 0.8762135711430854 0.02824554409676142 0.0560545106617408
0 0.15174779215496945 0.965213852955135 0.030685341194677432 0.05931135795468495
0 0.3504104599746038 0.1368963506353765 0.030369080050792245 0.05653729872924691
0 0.8546481343812606 0.5808509846479132 0.028534785989476653 0.05633920112629637
0 0.4303399824329521 0.9567625599039633 0.03040264101701433 0.060047880192073244
0 0.43030994787561283 0.8063183307688878 0.030943360136499162 0.058567741132221365
0 0.19137861733816566 0.9642312772602302 0.03124536991084891 0.060619234361064006
0 0.893513953208307 0.13797406228530687 0.028192256489953577 0.05529581758737153
0 0.9312717518393052 0.21095461901109744 0.02833126182161066 0.058380241399673065
0 0.9311930091674233 0.2859030619990494 0.027737232509138347 0.05733481815988655
0 0.508721872801115 0.8053371530713882 0.0297599044025762 0.05838934791722408
0 0.7778081053700728 0.4334004749497699 0.029167466822658458 0.05591812462822539
0 0.3908067384408343 0.5837718907025837 0.030039411708161143 0.05589748164005583
0 0.8556649412178994 0.06354191267886593 0.0280163390957138 0.05737382759018012
0 0.3516647285984497 0.5845497248099598 0.029901505555408554 0.05699824760046136
0 0.8168035619776023 0.13826212012732156 0.029162524295127078 0.05443164406132751
0 0.8159359259854252 0.5802600614265345 0.02830034024818969 0.05553024088476971
0 0.43030243316831684 0.6572084002988137 0.029876951312121473 0.0588642183123718
0 0.8547858679367185 0.13803363458782522 0.026985765814533 0.05397467298233486
0 0.5470160323224069 0.6552611597538133 0.02914693535518595 0.05764568049237348
0 0.8548421949948264 0.8003420632979918 0.027029127237302802 0.05578548645924828
0 0.7410990526530231 0.9506703550654971 0.029234262787827873 0.05863469476310841
0 0.7783537853309584 0.7274689165352403 0.02851265086959559 0.0584334149833285
0 0.8928006874435856 0.5804707515559777 0.02864454684851263 0.05648330341566053
0 0.66243511745361 0.7289690280478319 0.02920773578030778 0.057688886062321185
0 0.3515959646305653 0.7332683502242023 0.030590675326049522 0.059208391212738534
0 0.031670378210893885 0.3607656602822168 0.031099545871802328 0.060780651639377785
0 0.5085685698596558 0.730710779048851 0.030054086753821152 0.05809744190229827
0 0.9311158483312417 0.43264524903304663 0.02835898900336834 0.055548783562474044
0 0.8543734819445414 0.28663539876207145 0.027616140392540497 0.055918913265783805
0 0.7401350013561965 0.8015886239836959 0.02934336538148109 0.056594694190593355
0 0.23194605534245122 0.8114748053039414 0.031033191608687605 0.05949787549402258
0 0.3123645824978175 0.5848770275895787 0.030002835004364924 0.05667094482084262
0 0.35152713440120625 0.8831590881467297 0.030618354408613536 0.05721670424920837
0 0.9687503464159126 0.5801578938002628 0.02863844243004648 0.05612996912899301
0 0.3121610539403719 0.6589054995049545 0.030753154678447643 0.058423546161965705
0 0.8171675986181928 0.06420248498138426 0.028435451013946157 0.05667856730111406
0 0.4695083956310679 0.6566822320563138 0.029435420503700883 0.057217227767371454
0 0.35141703554800136 0.9585818848876123 0.030728835784767584 0.058812230224775185
0 0.3122278045620486 0.361255947095597 0.03005995821539114 0.059142803029187146
0 0.23168203222136977 0.9641153414995377 0.030505145366524707 0.059732757280441105
0 0.15202354681093092 0.888971631909157 0.031071510965318377 0.058040800046640605
0 0.3514583041718473 0.8085004427956566 0.029984675326049582 0.05813138939211686
0 0.7403351007077832 0.06390198498138427 0.029307020115946044 0.05665368298514343
0 0.6619193308130196 0.5812081915710674 0.029194765092780194 0.05627426980577702
0 0.3893929502724795 0.06139264555563739 0.02996311807888674 0.0596894977702498
0 0.6619461712183651 0.6547554748993597 0.028666387278526675 0.05789962624495006
0 0.2711627154109679 0.13651519229651993 0.03076489009550008 0.05708419317000917
0 0.8163846906416613 0.6527475705993764 0.029052354904425957 0.05906885880124735
0 0.5461523992357973 0.06356529799601583 0.02907183682591552 0.05880484449796329
0 0.5463375396760549 0.1379477159560551 0.02839073829664522 0.05563556808788986
0 0.15240915032009733 0.587170231759007 0.031016020277241346 0.05798432536351072
0 0.42961700217586835 0.28659663438847566 0.031048242070315667 0.05776503400266746
0 0.7784566859793716 0.13847816350883257 0.0288639668226583 0.05457567298233484
0 0.5466016874699605 0.5822793533062764 0.028919033884456404 0.05618300417744473
0 0.9698589249994495 0.2856524012039251 0.02865407173678536 0.05709671677119313
0 0.15209206077881537 0.3614746214006922 0.03087785981852332 0.05925284885975887
0 0.2722796398375704 0.8103840184905613 0.031180003994603335 0.05928011854497562
0 0.7781656566668995 0.653767965204413 0.0288639668226583 0.05794101174915927
0 0.7393718328094805 0.21145897023462312 0.02839908691299383 0.05823671247866576
0 0.8162391759854252 0.2117592202346231 0.028033752310772642 0.058837212478665746
0 0.1117862216277347 0.7382896898172013 0.03128255674453056 0.05877738145093319
0 0.2320564041956562 0.7362424627324873 0.030427191608687596 0.05893786341654997
0 0.07214124064178196 0.738671765512106 0.030363537340281996 0.059541532840742546
0 0.42999893316831683 0.5088513063137394 0.030020936604825573 0.05947706034252072
0 0.11222681582497818 0.5880430116233398 0.030841028808761675 0.05743876563484433
0 0.6620448233922906 0.06377952435851694 0.028802229693357533 0.058043989102964315
0 0.7787001493387814 0.06407039821836227 0.028477805604060484 0.05526216240701137
0 0.3907183721762953 0.6578834820563138 0.030313270354705477 0.05843041964737014
0 0.7005876294440175 0.5074842444116778 0.029554109205839247 0.05948062686067357
0 0.8158933119776023 0.4332916340153103 0.02850614154501633 0.056564616285350075
0 0.11196546697177322 0.6630305444661282 0.030814349726197707 0.05980027771231719
0 0.7011785432086898 0.2112422142835905 0.029417790060559355 0.059210263312817736
0 0.5075098529270402 0.06292926589956295 0.029438623473997862 0.05931674248505931
0 0.5848988873401902 0.06344958820206348 0.029663919061809076 0.057978770850057974
0 0.27214197937885237 0.8854520423161581 0.030408664453321372 0.05754767645301989
0 0.9319452738236594 0.06373357174440628 0.02764110060301285 0.056892972195216794
0 0.27152170609904497 0.9620767564130889 0.03115219238909023 0.059255917683350916
0 0.7019406587564899 0.9503346670789494 0.029640904018532904 0.05796331879001291
0 0.5847966756704795 0.21176520955609074 0.02945949572238773 0.058769618707816676
0 0.07055635919684666 0.05858260179321012 0.030335225734768965 0.06028816305815352
0 0.39094366776410644 0.7325066831088514 0.030313270354705477 0.05752667160229528
0 0.11091818903600432 0.1351502909067105 0.03119988697388958 0.058936629305054326
0 0.23062302275072089 0.05937288860659024 0.030701880003174517 0.05990492000720063
0 0.5852863690521964 0.7295156249888501 0.029237306017495034 0.05808575002229955
0 0.8162329406416613 0.28621600415703474 0.028748854904425938 0.05709652894981313
0 0.7010969307408442 0.5814247349525784 0.029263079893366968 0.056707356568798994
0 0.6235061828304347 0.5077249221091594 0.028618148995366858 0.059097808729592874
0 0.8928894795533099 0.5066537143759405 0.028959726559232145 0.058658902674783645
0 0.38976528050183856 0.13741619229651997 0.029881080831194867 0.056922376492296096
0 0.5074347543977699 0.2118157761722118 0.02928842641545701 0.058870751940058856
0 0.03154637355493241 0.5128666093232197 0.031843573807571225 0.06026366189622864
0 0.8549680112570137 0.21192763347160107 0.028368655048776465 0.06003821247866568
0 0.701519592473325 0.13795356189605448 0.029949691531288965 0.05475527887788775
0 0.8919343757677828 0.35954964144586765 0.026911923496906794 0.05589866731016735
0 0.8163787052978976 0.5069081287276485 0.028749354904425917 0.05890451117664423
0 0.1919154045858575 0.8124308282192274 0.03000419082828494 0.05846419630802479
0 0.39086831923483606 0.8071328071313888 0.030162573296164574 0.05841273167722166
0 0.19161272084733205 0.1358599193812341 0.030556200140207906 0.05741016123753178
0 0.5080011720657502 0.9535601983914608 0.029820473517254555 0.05869771667707309
0 0.1905923719941271 0.0593738059626384 0.030995595553027642 0.05925214916005925
0 0.1510028816962514 0.13509643534747282 0.030683576148779118 0.0581743126273412
0 0.661664421921561 0.36102355354116494 0.029092806161684196 0.057877987467665724
0 0.7777293626981909 0.2862999607755237 0.028718952166422073 0.05755250002880574
0 0.46817192155630805 0.06259272819958923 0.029787138263538057 0.05783472692310835
0 0.8545934911443541 0.5069908176731153 0.028919263445831327 0.05969748595193839
0 0.3110450120367186 0.2109098199016455 0.029678447660114786 0.05956910589063177
0 0.07194903827941063 0.588616958843721 0.030475151239385247 0.05858666007560681
0 0.46858533667098745 0.2116931793087365 0.029621931245205024 0.059826613586338326
0 0.23212555068648977 0.8871710492652052 0.031226842755482646 0.05934917645301973
0 0.8548768438676442 0.36001395083348653 0.02806159342183475 0.05737204853492956
0 0.5085612323368258 0.6559480272351559 0.029438623473997862 0.05783010733505778
0 0.15228514566413587 0.8142314108631791 0.03159470867172825 0.059446939358977526
0 0.2730379915279264 0.510765587803583 0.030645365461995613 0.06058163290857402
0 0.2324007390809767 0.5858333005048645 0.030289163672918732 0.05661967397370107
0 0.3123240638739715 0.7337870245292977 0.030252476839236923 0.05762731758597849
0 0.7392439907860118 0.13863438458782523 0.02814340286605664 0.05373588377226145
0 0.3106278847914076 0.060791895555637396 0.02967089087590276 0.05783339221101211
0 0.7009501417379602 0.28653415115362885 0.02971197241180417 0.05726537066274187
0 0.5081974860376814 0.2866889106086284 0.030062904402576238 0.0572775625427407
0 0.35089295531864234 0.2864059302190474 0.030507373032459435 0.057056322884192115
0 0.428766765429486 0.062150706564875514 0.030505145366524742 0.05760528921291864
0 0.7779413993387814 0.3596150670004537 0.02899751079136702 0.057273213051180674
0 0.35009337043332184 0.061446501114875096 0.030230919592074322 0.058160694990630944
0 0.507472303662405 0.13763268218713764 0.02951372200326829 0.056492135700056484
0 0.27219021983545405 0.6598874078438111 0.030835824449088656 0.058423546161965705
0 0.19250831504457555 0.7372252884273919 0.03019797449802918 0.05926700090826493
0 0.6234365432807842 0.13809662947105522 0.02923754873594137 0.05504141402788922
0 0.4690205051908103 0.5084796475262391 0.030262004325675218 0.05932839682752059
0 0.23227698442501518 0.4359143424466701 0.030041654360995707 0.05724570954742208
0 0.507696369124291 0.5083283110412392 0.0295112617514179 0.05962037791752149
0 0.7388978767781891 0.5071961865696631 0.029051836069008834 0.059192569018658964
0 0.4693584485725271 0.5829483391237772 0.030036708737864074 0.05633166769244499
0 0.8932286258410748 0.28640741322257507 0.028349175036669762 0.056327115712835135
0 0.27091520609904496 0.06068326708111383 0.03109656917806409 0.05892534638044039
0 0.43011468684514076 0.5833258438512771 0.030102246899932687 0.056492023087443846
0 0.6233251984283378 0.2119197190110903 0.02931525314813033 0.05997061870781668
0 0.03153253401365042 0.4367885396670512 0.03198123426628923 0.0589941039881843
0 0.6233669035179621 0.5814244849525785 0.028485105026658047 0.055842683042755054
0 0.27269380495224993 0.7352328342579637 0.031181636517552472 0.05822781758597857
0 0.8546904449948263 0.4327257020949521 0.028927155097637908 0.055982070911047115
0 0.5850115351340959 0.5815419379775816 0.029288426415457078 0.056492135700056484
0 0.35144480578228365 0.5103765840375775 0.030317870006014165 0.0608817922745755
0 0.3900773127695034 0.21156442546088322 0.0300091267426788 0.05891450033139407
0 0.8163547973213661 0.3603241579349133 0.02870153895136323 0.05725110571002654
0 0.31216825720609687 0.5100286202873857 0.030151067458121697 0.06035660729900873
0 0.7780144066668995 0.2115910569976451 0.028415952166422308 0.05850088600470976
0 0.469059405940594 0.4341420628549341 0.029739017591079504 0.05634347218505635
0 0.15216139100817436 0.7378530912070108 0.031016520277241326 0.05888609256940863
0 0.5466423426175141 0.2869915835786282 0.02930073829664523 0.05728825442273966
0 0.7007986417379602 0.36041963057116516 0.02940897241180427 0.05815677667766769
0 0.07114832087114094 0.20948205083421292 0.030361772294383683 0.05998659555195521
0 0.23234581465437423 0.6610383402966999 0.03067533344355973 0.0590888971696493
0 0.19239814992989604 0.3615014241803111 0.030639002433798048 0.05865184885975892
0 0.6623061153032778 0.13801912474355543 0.02947501057387293 0.054589077542889365
0 0.27262440846141633 0.5852325505048646 0.030712164453321318 0.05672738509217672
0 0.11213080651305521 0.43659691814157475 0.030649010184915716 0.05861086093723138
0 0.1099125622470305 0.05809006291168553 0.030015331102351817 0.058975782515485485
0 0.6231787748539032 0.43350742739682124 0.02912745029219345 0.056708145206357446
0 0.508411035278285 0.5825825825825826 0.029288426415457078 0.056492135700056484
0 0.7011987497380736 0.6543233881363377 0.028884659262881054 0.05818768408696467
0 0.23129822045713075 0.13569601799142467 0.03006820092061053 0.05773696401715063
0 0.7389282700984844 0.43350742739682124 0.028530564084654552 0.056132029522328104
0 0.5846392139046428 0.4336190863512027 0.029144572190714226 0.05648682729759467
0 0.46892985529483344 0.28676003577828507 0.029980289410333087 0.05710992844342976
0 0.4289550114877913 0.1376057291099001 0.0307162979418534 0.05631954178019979
0 0.19252215458585747 0.586569731759007 0.030390993121875043 0.05743793092274832
0 0.5463359867345957 0.4338415816237029 0.028688026530808413 0.05603983675259414
0 0.5843401227290205 0.3610145346311658 0.028846783956551054 0.058454603707668015
0 0.11200680185709372 0.512184533628315 0.030897019496838703 0.06053602440451349
0 0.15223638263538 0.4364214350590373 0.03050514536652469 0.05695068365368096
0 0.4292724172905478 0.2113931793087365 0.031020430464802524 0.059553916365957235
0 0.19261725990205344 0.5112374726673575 0.031096492482171976 0.06100905466528472
0 0.1919015650445755 0.21051923208835538 0.03063786991084889 0.05944253582328926
0 0.35125137974524473 0.4351779111925277 0.03006684509669058 0.056100149818756016
0 0.19187463596201157 0.2857783774394285 0.03091469082828496 0.0590742451211429
0 0.35032810646543744 0.21101018625778364 0.030204373032459396 0.05944253582328919
0 0.39054389358838787 0.36092528171736094 0.030414904354513144 0.05887075194005889
0 0.7012058167330213 0.4332071773968213 0.0296263665339573 0.05610764520635743
0 0.7013391569739498 0.0642672375345643 0.02988921464962029 0.05693812624505695
0 0.7395586780750157 0.2861911198410641 0.029354836069008874 0.056182586791827804
0 0.7780505353309586 0.5067765419646265 0.028488209494540503 0.058065221966570824
0 0.6233220925454193 0.2865399970936283 0.028558056089589164 0.0572770625427408
0 0.029424388600830652 0.057355216369639396 0.031237073807571205 0.060451814447962916
0 0.6620653454692557 0.43356724969933963 0.029341279749016222 0.055963616285350064
0 0.15155439100817436 0.2101119383259281 0.030629217983651223 0.05993715941691009
0 0.5846827249351149 0.13831962474355547 0.029381791310198975 0.05519007754288945
0 0.23146355999841273 0.2108192320883554 0.02990286137932857 0.05906062748443269
0 0.07134222201793602 0.2853963017445238 0.030253555964127928 0.05863739651095233
0 0.15242305612285392 0.6627023243304612 0.031043831882754485 0.05914383744098314
0 0.6615316361958977 0.5076407154906705 0.030165551733370544 0.059505511176644175
0 0.6619275167740074 0.21146178658609102 0.02931860174949518 0.05846009979781759
0 0.42992588758050554 0.3605656211161657 0.030926224838988693 0.058448757767668655
0 0.11102803788920926 0.21005574805459407 0.0317502637628634 0.060479384433479784
0 0.07193456621517949 0.4368150924466701 0.030280867569641018 0.059701815106659756
0 0.1925912348152165 0.6616381729406519 0.030694493121875062 0.058979351339077585
0 0.071741731329859 0.36109229570578755 0.030060537340282002 0.05979740858842485
0 0.23264899839289963 0.5107925794588867 0.030455003214200634 0.06069784108222655
0 0.39064612952994326 0.4347455045937026 0.030318982120542185 0.05695570160259264
0 0.2717768709822491 0.2861076335190777 0.030505145366524707 0.057114335043490436
0 0.6619875276362588 0.2868165194897868 0.029138229356916154 0.05604614515505603
0 0.5467894337931366 0.3605656211161657 0.028994132413726833 0.058448757767668655
0 0.23195989488373323 0.36079229570578747 0.029903493902277714 0.059852014147662606
0 0.54607133894069 0.5078820704962388 0.02860932211861963 0.059025223857520834
0 0.5844540734643853 0.28653097818362916 0.028624094251658242 0.056961697692742286
0 0.31213066272717654 0.4351233882772418 0.029700335004365 0.05697301232704088
0 0.3901925351578 0.28695165730376154 0.030074231977990036 0.05683856593514495
0 0.1119099762836962 0.28583198299866625 0.030868707891325654 0.05885415345999959
0 0.27148752678500565 0.2108279942067408 0.03124917330229358 0.059405454500822324
0 0.3906039214409305 0.5094488833437397 0.03068515711813898 0.0588882522225195
0 0.15041085376048255 0.0593460858269714 0.030822236607497246 0.0595240116683441
0 0.5081482632413726 0.4344391586537032 0.02921347351725466 0.05604568269259357
0 0.15181630612285388 0.28594177882923794 0.030657029589164296 0.058746442341523986
0 0.3512106111213989 0.3604915457057875 0.03031598693156267 0.05892321136804377
0 0.07200396270601306 0.5124574808486961 0.03025432101002619 0.060100010506419166
0 0.4689842588676343 0.3604944623286653 0.03003931462078247 0.05800911316266763
0 0.2318908146543742 0.2856963017445239 0.030261352067405625 0.058255488172095894
0 0.429769228756128 0.43436507689620313 0.03031251307315206 0.05649217323759403
0 0.5082684257425742 0.360262198146166 0.02990438969528021 0.057841911827669276
0 0.7396252000593698 0.35955499469793534 0.02948788003771734 0.05744112628815872
0 0.1924394848152165 0.4361598195313843 0.03055633266315707 0.05675475537799378
0 0.5846798690521965 0.5076561522537388 0.029376079544362197 0.05916804143252153
0 0.1523955607788154 0.5118019579334102 0.03065816211211345 0.06042547857394177
0 0.2727275733446205 0.4356031781099901 0.0297611174307558 0.05760528921291866
0 0.27239689426205654 0.36081449296708157 0.029926456972037756 0.05956910589063183
0 0.31167629525012563 0.28654161147318974 0.029948976839237043 0.05667307983323916
0 0.11178597162773472 0.3613922957057875 0.031116717203248587 0.05941550024956828
1 0.07325008983889314 0.37076252014344047 0.003793463347530488 0.01447073750726204
1 0.8225035431014411 0.7305394613048302 0.0033829396405205873 0.015217517715557271
1 0.8612918816150962 0.14067436956920948 0.009186160636539329 0.007285218560286904
1 0.19449494002142798 0.9812944517310225 0.02154820096029204 0.021119600682426163
1 0.6730176417021723 0.5066627313392529 0.00841513684198268 0.021954421522241727
1 0.47339142648755156 0.7458832415038801 0.016118473565317776 0.026028539737757584
1 0.5516153550898779 0.6642316836663397 0.017227330769970153 0.026396442972675713
1 0.1899773630261104 0.23476076906743257 0.0037983492632470057 0.01350372145715197
1 0.9799242463509675 0.28738228999918286 0.011069324263038412 0.011624530200268364
1 0.23586511047988148 0.4387080390881345 0.010565220959762993 0.016701472617031192
1 0.15614990889791275 0.5267640497602507 0.00581345963069762 0.01831486060583758
1 0.3133762898600566 0.6617593417859275 0.006497863389857399 0.006238866894142125
1 0.4295257493271172 0.2981238243986561 0.007423316302989511 0.025403705527309476
1 0.4342243162308949 0.9707130615689946 0.014848253052004153 0.0336578717479857
1 0.8275807002339874 0.6603312805521347 0.005015312530558212 0.023991445420240603
1 0.8240797629449838 0.511083024720764 0.00925240864007824 0.013978008285263624
1 0.4369819949053157 0.8185116769839146 0.01323801922522346 0.018731410697826602
1 0.23256982788815111 0.2128485273400103 0.012526278987328384 0.011178512985737746
1 0.9453090937575677 0.4395656421183088 0.007098828093696782 0.01777242219089834
1 0.9806093335479822 0.4335785564016397 0.004745712183255231 0.02266468178041979
1 0.9013539331891333 0.3518651116677902 0.004884102448098801 0.01830473679461769
1 0.27247520894288507 0.22193301418652983 0.01819605972064236 0.02508521169534659
1 0.7873759121731742 0.5068435867342161 0.013249619159041652 0.018136016628138987
1 0.5878981866769201 0.4432164169937263 0.009396599826972942 0.017084544777450802
1 0.15052571692547814 0.45464266830727185 0.004992057061982487 0.021162822716449474
1 0.7841870604235058 0.583760804471738 0.0068220329095946925 0.025325914839299638
1 0.234210266282638 0.6030903485692777 0.011890834858866134 0.0073843665627480745
1 0.6661314891019121 0.3020513114014223 0.01649459172792613 0.026171215391785775
1 0.15093899951720854 0.6686290307337309 0.007472282704161242 0.03537615312860547
1 0.8266216008824008 0.5879282279977819 0.007370055202439932 0.021599993259446587
1 0.6680072565539801 0.7443582110257739 0.00854091051430717 0.021858901473415817
1 0.23502394070924046 0.6778016821235404 0.010428825546943195 0.014412428112035667
1 0.7081075771693324 0.5142286651543629 0.005754066401248087 0.018920983256637967
1 0.27764654848416703 0.594000190230421 0.008184059720642362 0.02360086656274814
1 0.9362093778922572 0.5817794607583774 0.009061991854346894 0.01117363416818178
1 0.3893546023022205 0.29432680882615286 0.014319248726328887 0.0178340581423007
1 0.9759019684906324 0.5116834499073903 0.009619791086013716 0.012178850016683266
1 0.034225698394222376 0.4531971085786059 0.0038019827517790546 0.019471703259117363
1 0.9397688410992228 0.6564010338569862 0.011987536303194327 0.010378255466350567
1 0.2771894671767942 0.665193518903781 0.01438908765641124 0.018354073876328612
1 0.3542596186212005 0.3696151257026782 0.01236116274701729 0.014474406931454605
1 0.23347976162667652 0.9064132952946135 0.011698448757969342 0.037996985029989085
1 0.8602351094984918 0.4355012359944979 0.00456445506681636 0.025084090764233555
1 0.23257134293404935 0.36819453404153474 0.005744327702970853 0.027461976421926024
1 0.9371775008614467 0.28217797467791533 0.010641855160531908 0.012623908199566495
1 0.43072440258855577 0.22362705306805444 0.006749126094547778 0.0171148950176334
1 0.863722817473461 0.054795025346247424 0.011308992419146176 0.012546474321728018
1 0.3543024022909447 0.07933226931495528 0.00814210687547949 0.007858933070672881
1 0.39310750009612616 0.5882882987987987 0.008315423723925632 0.014753346207593816
1 0.9403328775730356 0.5108473919497729 0.011685036303194406 0.017936684303350995
1 0.9809472324208001 0.8792217560128155 0.005445869350328984 0.02587822467705812
1 0.11238224882939604 0.754176164999468 0.012993762704690342 0.031206302202747713
1 0.271719422773207 0.37261587363453375 0.005653771051030441 0.021237719472878985
1 0.19519996437924922 0.592908236060993 0.013359231052088536 0.022184444325797165
1 0.5116990624819763 0.5244994890137662 0.013850745554167102 0.01269638069752921
1 0.8233219249842845 0.43748784755979 0.009603967311587627 0.018291672967931952
1 0.35416512435517583 0.426999708512327 0.005771230086505562 0.02375299478770331
1 0.7057172392319153 0.5891771081423149 0.006896875870177596 0.022558927074556687
1 0.23313612552577975 0.5240065268449648 0.009078930134123439 0.028739448130692027
1 0.9031685548241017 0.06795748636946299 0.0063389630858420075 0.016467625686837916
1 0.8630682467802653 0.5836546072926667 0.012107347665279728 0.021859546011998437
1 0.39586257288762855 0.9753784169639936 0.00821237224838994 0.020759236597984124
1 0.786303258282694 0.9526355486115612 0.010738457940443865 0.020683634487004957
1 0.18952116424168672 0.7552967566606115 0.009670933070553707 0.02667399942312879
1 0.6309276484540522 0.8839629173580055 0.012562062408325692 0.035604314137879
1 0.2800162264887172 0.742746953136379 0.013530415729742614 0.014461089595044552
1 0.9030827934099322 0.21262006255716148 0.01014835232008541 0.013760026116044074
1 0.3109079549747361 0.44582779190089267 0.010773174995370585 0.02537316156483457
1 0.35310041052485375 0.9683868732233595 0.02079714196714377 0.020423232548624888
1 0.9752342353983664 0.9592362213557095 0.00916651588402345 0.012390392913321521
1 0.7869941695012922 0.8856942913849101 0.01634133900258433 0.022347599455570598
1 0.2315080778881511 0.7512872976102805 0.01547647669373827 0.01767317298361038
1 0.6266523553293287 0.5885749696549066 0.010926622721240316 0.028948245205637255
1 0.7091804810598122 0.9533080630720647 0.008992300901026795 0.020778894776071113
1 0.902955050904828 0.9579726772776178 0.010487978458049689 0.02635749250951615
1 0.9422646388448582 0.8112558639370664 0.008647086707174794 0.023440346649370468
1 0.6661612174853409 0.08339409693604499 0.009976661443814155 0.010359250602087236
1 0.07690178181132774 0.745640407305807 0.00872520545752758 0.011619906272757738
1 0.31252033176370997 0.9729979996297387 0.01350064490357397 0.022983879802145443
1 0.3516687941258167 0.5235139879634403 0.010598551003941819 0.03299755368992975
1 0.6694031498742753 0.8134948400540829 0.00502155059253581 0.026462333056077647
1 0.47133658752282986 0.5190169842862664 0.00686061328462949 0.023661390152528838
1 0.8251063941897069 0.9546161079671114 0.015202452243621607 0.014706110881802036
1 0.9025032505008475 0.5101228090931067 0.006575737071527678 0.023471568388116062
1 0.1120660418110632 0.5189046962691576 0.009658027750588619 0.022250667521745128
1 0.7842423951188563 0.7403467585787226 0.004965187644059654 0.02527288089528366
1 0.279242371901537 0.8953372716347135 0.0218570460966641 0.022836515473238943
1 0.030549250086324642 0.9139009988234328 0.016115065606033815 0.01091137512645265
1 0.19196080499854498 0.4498961106467503 0.010413195960424317 0.015600010175025263
1 0.9786135327917574 0.8062926872450682 0.009838077625872464 0.025195263290501393
1 0.8244071709215152 0.8880139732538292 0.010052739249377175 0.010218731825350548
1 0.06336360954075289 0.9652759121048842 0.016952842292531946 0.022062915870911737
1 0.2361949070394963 0.8153020137753557 0.012881739583608892 0.02580169697490397
1 0.7479634010267513 0.9641988542283291 0.008258199459849628 0.020313592772628643
1 0.9362979275802659 0.21701433313529356 0.008908649973225137 0.017069914324396314
1 0.35300679878177826 0.8955818313633798 0.00858389985714663 0.027911543269427425
1 0.2733039879566678 0.8169423644536906 0.010586278206925752 0.013356517788906102
1 0.3977144103864269 0.8928965179139535 0.006761653128905099 0.025166438497903804
1 0.5119212521868691 0.8930451814289537 0.0141573514370855 0.025761092557904458
1 0.7077427571302181 0.44368390792771184 0.007938853041838511 0.028656121751247664
1 0.6711680317804009 0.43949348857310544 0.0081854609671486 0.02983551441009363
1 0.8221322043200391 0.28827759647957313 0.010382747421480145 0.014827556696984724
1 0.7877898649623989 0.07595222997277853 0.005582524737491488 0.02467499720943965
1 0.9759808056876471 0.2143881977215311 0.005884633918939779 0.025780201970678204
1 0.43846119564068053 0.37199176599619427 0.010279617754493847 0.03138589684238696
1 0.5891373124098818 0.5889721494662981 0.012175245409977926 0.010412374572592375
1 0.6648586686165632 0.6671543239336459 0.011054705327000466 0.009769242973188957
1 0.15512716247586042 0.7492945934408521 0.01662194816274703 0.020676672983610252
1 0.9407844279770159 0.885744399687102 0.016973732602426055 0.016918655699917823
1 0.3946848192108045 0.75076549623138 0.010567879602037922 0.013588087012755391
1 0.19247129568662205 0.5281564212857272 0.01038425183196216 0.01683932867336007
1 0.4357457250552725 0.672193693121339 0.009402282466596062 0.01076975109267687
1 0.8641895050745217 0.9575430431928528 0.01550624621887595 0.01659389291332142
1 0.4680423485533019 0.4574764150462343 0.011496529462655026 0.019783886822466096
1 0.7431478798863822 0.2945076665568446 0.00639358389793022 0.025412043903615816
1 0.7862978063374542 0.3684108306237892 0.006820466112547086 0.0273957936173584
1 0.5897140278525425 0.06403544482353642 0.007266888061136152 0.014883946377070167
1 0.7889789235873437 0.14887207590864246 0.005678156643617143 0.02401645771310879
1 0.9780305835479821 0.365532711263985 0.009490425709442345 0.014394322931775332
1 0.7446817691206259 0.6646753940109174 0.01045602358501544 0.03690755665377617
1 0.7492010590032826 0.880146400951311 0.007383544725384776 0.02912251269254867
1 0.5506085396520234 0.5215678978012666 0.01233189695280201 0.02034352530253028
1 0.19690923300309515 0.8267337277065894 0.010932731052088532 0.03501394151508448
1 0.35181966160286765 0.8142391970976425 0.01426496504060737 0.021381274737953117
1 0.7404044091988545 0.44787596576972655 0.01158949596051311 0.019983948225203663
1 0.9780042493285338 0.5883042523969547 0.008579925709442427 0.021276454995812058
1 0.19094165492976375 0.07736161378885699 0.006995291235681577 0.028165383103812273
1 0.6309884350946426 0.9634066951627887 0.015787326220576815 0.01901733248356273
1 0.4303357507930404 0.4532246400187316 0.015265728059213715 0.01788099082746123
1 0.9004328528788619 0.28894847245266847 0.00977316178901526 0.023279771379293
1 0.5134172852782851 0.5932894873413017 0.0056079940882437385 0.017238704382600403
1 0.5516270286215514 0.890443819916451 0.01344905724310294 0.023530639832902246
1 0.8619877272141866 0.8076436594451595 0.011791667954560372 0.01813521929412405
1 0.39733400891569737 0.6694763282713407 0.008573835480149986 0.021259040302678753
1 0.9624296584998672 0.12179260080201937 0.007944548883187824 0.008047383361879629
1 0.3124650910756329 0.7482040566274721 0.01294976811460009 0.01598438823837462
1 0.39084468557048757 0.15289445636031126 0.009129654810719335 0.030604701602147125
1 0.192578180709505 0.9074513112608522 0.022570947382344372 0.026429172488564856
1 0.5075171176343362 0.08367655911604675 0.010349067624723662 0.01722750199209113
1 0.23120571041110022 0.2951742373006522 0.012609081280918491 0.017379144025496885
1 0.862224154266561 0.8867311539771063 0.007190949111683553 0.028836589582780126
1 0.7849070815638751 0.6659132204848733 0.014258384659262872 0.0278065733395266
1 0.5134408580697875 0.9692949122364939 0.009616169085840618 0.032628919022983455
1 0.9010533234484732 0.731031311447502 0.012365096492966077 0.018281666973095523
1 0.7048732278177458 0.8183594123566011 0.0120772504481852 0.017021246293055587
1 0.9023214666853794 0.5947992772960033 0.011479955914404654 0.014278792142482627
1 0.3944789375901182 0.815214272923914 0.018940086946073246 0.024434237727826793
1 0.39476277362299333 0.4498351163812327 0.00906019725079308 0.028227962462462484
1 0.07290437243062352 0.6025666701278934 0.008453047154837185 0.03199752357807397
1 0.7435285557612162 0.5958066039708773 0.01349002358501539 0.014196918731681352
1 0.9009825509048279 0.8758012296837654 0.015808933370759334 0.023730696918006538
1 0.06969144334805957 0.4553806842735106 0.012398812200735432 0.013795340750832585
1 0.8235694282496333 0.3642583762305471 0.0121647685618497 0.019569463251020814
1 0.46601241724425274 0.07256070056909772 0.00776511815824973 0.022711281680863435
1 0.5919625749062769 0.5166415410162637 0.014635361578390911 0.019195138762524988
1 0.5464480365982104 0.07396992968695303 0.007735956025918945 0.015530541720257505
1 0.9011816294883649 0.4389704433464076 0.01788749504656233 0.03666759934424224
1 0.902635921598089 0.8145280918980204 0.01360295591440457 0.01580636582841341
1 0.6249656826965612 0.7354240024610942 0.011971733486996788 0.025324426502041482
1 0.2772600624520515 0.4423622252231796 0.009287710867437378 0.022157908752076315
1 0.5511013389166586 0.4378170129337258 0.011045904306450091 0.0266940447774507
1 0.4362279037296934 0.8972762456664585 0.011742260405652153 0.03721987509291469
1 0.47540954340094194 0.8936281436089555 0.008928101509180077 0.0326229980079088
1 0.47170276252042675 0.29489782912615586 0.012887130923772083 0.03036906092230845
1 0.19601155749847884 0.6705144411407319 0.02049904050157408 0.0208043405871813
1 0.3941008390608478 0.36329227739868575 0.018194313419205976 0.01607890073737112
1 0.429516931678362 0.5865664764962982 0.012097060415264867 0.018196990812594713
1 0.5111733727770834 0.6675973235438408 0.011898183793136681 0.024125068667677628
1 0.8670602667632884 0.21946118630501002 0.007835416276687374 0.03118802555793205
1 0.7468156396125817 0.8124052079633591 0.015355705943982704 0.012798415926718088
1 0.5877826830000961 0.739833139446377 0.010378592473324998 0.02623566265275195
1 0.9026905648349954 0.6575552507984176 0.016933556722365177 0.018420308124450866
1 0.8637460193239107 0.739230616965605 0.008412679226383049 0.03429642168358843
1 0.9413382595381193 0.9522369105380891 0.012838968672258543 0.020941390053318777
1 0.5097597029222339 0.8160791972839175 0.018480449966355884 0.03281350802782992
1 0.7466155402609952 0.36919243601875257 0.016774507240809318 0.024104235775343652
1 0.8979086875742124 0.1420780823053269 0.011911199273590897 0.01311952834849237
1 0.6289813732276315 0.5190029768887592 0.009906453330539463 0.037313970463269015
1 0.15478131254464167 0.8300628631301601 0.023431211052617668 0.03097409290489399
1 0.351351005800111 0.14615452717431326 0.016359653435094372 0.031319751569007674
1 0.5920076388782082 0.29520125209615555 0.010339715995386021 0.02916756092230842
1 0.7475738562140579 0.5146729440753702 0.016167507240809283 0.01803242541462328
1 0.03073493334832411 0.22514809964323995 0.018554471283828467 0.04385735481257823
1 0.5142897117418053 0.3721611403011923 0.018131861722579922 0.019748721092379514
1 0.66954656433494 0.9580009451627887 0.016812438138809255 0.025796022695357138
1 0.6675507902768433 0.13798089114857431 0.013505792319523157 0.01803518496714542
1 0.03594754151345203 0.1474405222934106 0.011766724861776143 0.012382622349870311
1 0.5500833499471306 0.9604643054514911 0.010228138133230842 0.04196497575298075
1 0.46966555800111104 0.14667295147940856 0.006576399671966367 0.028319086281104
1 0.7504431355265303 0.21343357896385592 0.012029609834462433 0.026823943245403686
1 0.7851970850504061 0.21625942489251843 0.012659775092547296 0.032982622910680486
1 0.432748929446311 0.1507428549373624 0.013116463479802134 0.009705590417392874
1 0.07148331548107194 0.6780162696483949 0.0124525378429142 0.03296681428022028
1 0.11396599775138223 0.9013907883455663 0.01991197687891856 0.04378706279303815
1 0.07910435522869766 0.9012293890239013 0.01853925917303775 0.030363144692376328
1 0.39437405450350854 0.5221686478012666 0.013742759011823523 0.02003400639253123
1 0.39284348213010234 0.221550271135577 0.009761568847385025 0.027487211695346545
1 0.5119163433624915 0.43206081493622334 0.015518942612707892 0.02542137848244287
1 0.5888848381476496 0.13846221484107868 0.008324479236758615 0.03491215938215446
1 0.2736346670392317 0.28971554909746255 0.011247636372053648 0.025678098194925173
1 0.9399891388448582 0.7341200657375062 0.011271749829381556 0.02871941310357969
1 0.3547278919010079 0.22935710377952884 0.01572344426073392 0.019074207559057726
1 0.7131390200984843 0.7301517277115245 0.017954922947079257 0.027515298582755365
1 0.3145469399288378 0.29721921231722187 0.011431503068701969 0.026708607956730596
1 0.9356727215489744 0.07241132925011343 0.01248729653558697 0.019082253606124103
1 0.03287252288960609 0.7610520254396086 0.015932687614084288 0.03643814254036055
1 0.6656596005719504 0.2168107726786192 0.01353324526578865 0.03579836960723101
1 0.7097817277543926 0.07917350212901803 0.01756927315754049 0.019304331288036335
1 0.5911784491733153 0.8095263107439121 0.011096913053926774 0.02837698633782309
1 0.4698100198740748 0.811705815471412 0.015170645631067878 0.023423322822823042
1 0.5478946220080745 0.29398221427615734 0.010550273430741062 0.03666019607230993
1 0.47078214193021245 0.667165947848839 0.01562955445544548 0.01606800915767255
1 0.5525673131788907 0.8122829317114143 0.013671246947995637 0.03208088233282793
1 0.706231209075458 0.6584087474596899 0.015181874182207655 0.031005147867291725
1 0.07048982944895636 0.8314827874352554 0.01708494256765694 0.03075266653165406
1 0.6676421531163418 0.8772888183597267 0.015382732951502916 0.02878846319340919
1 0.1098316266963837 0.6777705425636809 0.013796178897383667 0.03313096567002962
1 0.6259842852902143 0.8095326562389727 0.01400893867430335 0.02574496542585741
1 0.6286105678447532 0.4384974782840394 0.014722474470908832 0.026354435989946773
1 0.231397346511997 0.13278621670103344 0.017847353482712096 0.015179708385497231
1 0.15704537057220708 0.22913526005024093 0.009313401603132196 0.032282703422768844
1 0.6313262491348648 0.3675525788436952 0.012358315918485104 0.04264288738738735
1 0.310824402681146 0.15349378900426314 0.01639648444485593 0.029733339093862266
1 0.5480031109776026 0.7374959522938781 0.013487433721041869 0.03596459646775503
1 0.1512268949300283 0.298777069944604 0.014006092153646727 0.013119203754162846
1 0.6681090904053455 0.5867729696549067 0.015030916998439952 0.036008939309813394
1 0.03179636708684955 0.30292246024907743 0.017092961971905508 0.024139287142728564
1 0.47120114560703635 0.36633086054618974 0.014791547101797592 0.022192142672375386
1 0.47090503829925134 0.213364032220913 0.010545681185682967 0.02782185332335056
1 0.028378844885055952 0.07253072836528628 0.012188898944472363 0.03422682337514626
1 0.4686705654618859 0.5939433583088038 0.016097780928578356 0.02217483007760243
1 0.6283373131067961 0.1419884601135789 0.01458126151110268 0.028751649927154888
1 0.02869353685749054 0.8298169686893978 0.024952017843443287 0.03277509290489403
1 0.9385048054003399 0.13728413597590397 0.014826434925845735 0.027892462163602427
1 0.10324219403587205 0.225014670457242 0.016889332200206355 0.03037749644058227
1 0.2652733512412057 0.14759850823839574 0.009948257968370275 0.03399593669436332
1 0.7029747037755641 0.14125818319778874 0.011748612250852043 0.025454971278730514
1 0.07390753538927541 0.22201575723748274 0.021327279952911293 0.018046367221444863
1 0.11138932905875505 0.44790048705312946 0.014979602245972327 0.030392249089689155
1 0.03166939860056612 0.673866792563681 0.03073940178831247 0.03799274065345985
1 0.1089617627972805 0.819118266588114 0.021488130181741224 0.044026110939276934
1 0.03076331121531176 0.603903351382036 0.01568694334805957 0.031942583306739936
1 0.14777954607682336 0.07100534500986 0.017428659493135115 0.020257845545818318
1 0.7061437909737575 0.21601408413611634 0.015924231952321562 0.026985300642226397
1 0.10842504181106317 0.07125265680667045 0.016113330044178743 0.014853680257914609
1 0.06749861311870056 0.5247977310143931 0.016784472659453462 0.026175131452978975
1 0.5486220102374315 0.3751317376311955 0.02186224694799566 0.025700607632384857
1 0.5072892161636066 0.22392907607112064 0.011555855858886884 0.03404949808224065
1 0.06702945731594402 0.29610162272422286 0.019872198301632234 0.021743125991113766
1 0.0683684107563292 0.15030258690297926 0.013226142430094436 0.026296659907864266
1 0.11508147339356099 0.1396602424290776 0.02181451412661041 0.022051732045396916
1 0.11178795584772888 0.5944361214845636 0.020299911695457785 0.025347426291414083
1 0.14551876814105447 0.15300558690297927 0.019139443162879292 0.017290329332056858
1 0.6289352454580408 0.2227278260711206 0.015938746803806733 0.0331814007522374
1 0.5498386161203499 0.21334691728362026 0.015974502835720366 0.052240545357238446
1 0.06530666541229067 0.07553214365318998 0.01703487954022381 0.035424653950953705
1 0.10963790928811405 0.3774174542103412 0.017159725456998495 0.026690486183731474
1 0.10780438600830666 0.2919791984191276 0.01900803706251156 0.029333369042066564
1 0.4323647382966452 0.5183986889587607 0.0036979001249638926 0.0037877616775190987
1 0.8604883313189353 0.36255202881112397 0.006947516742619472 0.007553770273675062
1 0.8653235024161766 0.516240534194058 0.007734431884727971 0.007967543489067171
1 0.7861517582826941 0.43892153835130093 0.010604913971735281 0.00764672965051377
1 0.5096473294001729 0.2907652304061487 0.0033850970393156372 0.010388190512294495
1 0.5901705807940016 0.3617456753411828 0.006353782178217836 0.004603080382362595
1 0.7077630924492933 0.3664407679436863 0.0038240025473423585 0.010079246677370398
1 0.7813851198924355 0.2929380675585657 0.003986063910037012 0.005218556696984756
1 0.8199681905077879 0.14500881784482325 0.005397837046867382 0.008122230795543736
1 0.26852257974437443 0.5211984725474581 0.004937856833570657 0.004898306560008328
1 0.1557085130023015 0.5981090081907521 0.005208195550382258 0.00425493613504516
1 0.3140304199789024 0.8861694661405767 0.0045282449870379105 0.004186912364582201
1 0.1181302881428627 0.9722257795039384 0.006457870316216326 0.013400025546704861
1 0.7459041618014156 0.7414700874493143 0.00393682784882274 0.00689498400127844
1 0.981256742179072 0.7390100985339081 0.006202804746494174 0.005320286272667313
1 0.9770549268667008 0.14423770443803563 0.005471040063381655 0.019573097645717644
