0 0.6749274356385663 0.8445904495484884 0.03927940434124173 0.07821702002355715
0 0.17828331284704696 0.4520183859442481 0.04043840762241293 0.07647002669807614
0 0.2279265837960626 0.9427251989595602 0.03718835184250376 0.07572326796230852
0 0.6745567576981322 0.2558161277974087 0.03759155678950015 0.07607081075775422
0 0.8230488496971227 0.5502113817235964 0.03990133392226158 0.07900050196309384
0 0.3762266882887431 0.7450457068119356 0.03911415396264515 0.0778907854338438
0 0.9698663257193337 0.9413401651943462 0.03602240408884398 0.07356666725559474
0 0.12863940093387177 0.5493701648998821 0.038323728672387675 0.07609113466823715
0 0.7235147925290257 0.7455194734000784 0.04054296214033327 0.07699791813898699
0 0.12843615509843512 0.7459630569297212 0.038232734225138794 0.07849855202198656
0 0.7232449126703685 0.8452048696505692 0.0387412135285209 0.07699199293286213
0 0.9697455743311459 0.25457431026698074 0.0370428902069662 0.07481410934432668
0 0.5755115665068146 0.45170973606203374 0.03921091696113074 0.07585272693364745
0 0.5258549974760223 0.45120484884177464 0.039594901564866294 0.07668335296427174
0 0.17780606007067137 0.7456014402237926 0.03916840484603737 0.07838878543384374
0 0.17809818273599193 0.5490528072241853 0.03849066128218071 0.07729681978798592
0 0.07994199318525998 0.4515949191205338 0.03936404694598687 0.0768500266980759
0 0.9217497881120645 0.942775715547703 0.03948645153962634 0.0770512347860228
0 0.22741071504290764 0.7461889070475068 0.038365094901564915 0.07833678543384377
0 0.32673266456335187 0.549108965253239 0.03856124028268551 0.07679566902237923
0 0.32614525492175667 0.8444370828425598 0.03896390711761737 0.07729681978798582
0 0.4757307482332156 0.9436247824892029 0.03872802852094911 0.07445510090302321
0 0.1286439929328622 0.6469007656065959 0.03833291267036851 0.07668335296427169
0 0.3268431520696618 0.9434129323714173 0.03878221529530538 0.07525833431488019
0 0.4764979982332156 0.6476830445622299 0.03773855073195358 0.07702097722811145
0 0.5257202747349823 0.9430428156654886 0.039009958859162044 0.07513156772673746
0 0.6257124687026754 0.4515942526501768 0.03960010146390707 0.07746216058107598
0 0.2279467440686522 0.5496662740478995 0.03785966683493184 0.07729681978798582
0 0.8729808177688035 0.7472025912838633 0.03912165572942956 0.07606988614055746
0 0.3762775653710247 0.1594355319002748 0.03890041090358406 0.07716513525716527
0 0.7734423190307925 0.45105976923831953 0.03880790913679968 0.07823359422850408
0 0.12932277107521453 0.45107311876717704 0.03779748561332659 0.07641989281507659
0 0.8232769712266531 0.844919169414998 0.03909558808682486 0.07642059246171978
0 0.27688112279151944 0.7454614396348643 0.038870776627965696 0.07872225107970157
0 0.9697120715547701 0.3525611395759717 0.03792237632508833 0.07815918531605806
0 0.8725586317516404 0.5499569652532392 0.039539272589601125 0.07849166902237936
0 0.5261026490408884 0.7459133235178641 0.03882821580010096 0.07655868472712996
0 0.5755458101968702 0.05843271495877502 0.04022589601211511 0.07944395367098546
0 0.9219617617364966 0.8444370828425598 0.03896390711761737 0.07852375343541418
0 0.27797561585058045 0.45097938594424813 0.03916677940434126 0.07623242716921874
0 0.6747721195103483 0.647977760797016 0.03865327486118133 0.07761040969768364
0 0.6745330641090358 0.550126374165685 0.03849066128218073 0.07760355319984293
0 0.8230995955325593 0.6478889942088731 0.04000282559313482 0.07804634334511186
0 0.6745954993690055 0.7463925569297213 0.03861553180212017 0.0762902179034158
0 0.6742911264512873 0.4508086691205339 0.03800678596668356 0.07895832764036115
0 0.7734339391721353 0.6481337276207302 0.04005313831398283 0.07792234334511189
0 0.9222665353356889 0.6479703277385158 0.040519945986875326 0.07820901040439723
0 0.8222646390711761 0.057665881429132315 0.03896390711761737 0.0785237534354142
0 0.7733043162544169 0.3539625234589713 0.039162898031297286 0.07728115213977228
0 0.8229714712266532 0.7465971232822929 0.039746576981322536 0.07608588378484496
0 0.031303327107521456 0.4529543030035336 0.03736687632508834 0.07588799352179038
0 0.970411329883897 0.15759038142913231 0.037743406865219445 0.07776910208087945
0 0.3763780667592125 0.2561365276796231 0.03973240812720848 0.07548467687475462
0 0.030895828495709238 0.5486116643109542 0.038760359666834936 0.0776414676089518
0 0.7735276863957598 0.5503616151354535 0.039925135537607404 0.0786875019630938
0 0.5261311532054518 0.6471399776207303 0.03983171580010086 0.07716177699254029
0 0.3266377791519435 0.15961278190027484 0.03900246390711765 0.07629270160973695
0 0.8231322564361433 0.45181831566548875 0.03912165572942956 0.07606988614055746
0 0.2776194915446744 0.6471686275029446 0.03940102246340231 0.07783254358068327
0 0.17841367995961632 0.2564291323125245 0.03880615850580514 0.07422948566941498
0 0.12913102662796566 0.1586181817824892 0.03836048838970218 0.07675736866902239
0 0.32678640206966175 0.4518167194738909 0.039299709742554305 0.07606669375736175
0 0.8227468510853104 0.35359067334118566 0.0392973366986371 0.07837785237534357
0 0.12960840509843513 0.2549068606203376 0.03899974810701668 0.07609267687475466
0 0.37605381120646136 0.646635727031802 0.03908389702170625 0.0767667426383981
0 0.27740093387178194 0.3532035237534354 0.038648409893992916 0.07883048684727129
0 0.9217676665825341 0.5503636151354535 0.039837705704189826 0.07685110149195139
0 0.7242436612821808 0.6485008111503728 0.03916122463402313 0.07865651040439726
0 0.4762281225391216 0.4504024191205339 0.038145291014639024 0.07691889399293281
0 0.9701279500252397 0.451338335001963 0.03749214437152943 0.07695032528464862
0 0.47640224545684007 0.15922816519434627 0.038493536850075775 0.07859080231645071
0 0.5758419422009086 0.7464791570475068 0.03924067390206969 0.07707688496270126
0 0.6252485999495204 0.35352408981154293 0.03993435285209494 0.0776312184923439
0 0.5260476587582029 0.3530792396937573 0.03934922968197877 0.07735498508048685
0 0.575753558177688 0.15897644837063207 0.0396949003028775 0.07747390184530818
0 0.7731284433366986 0.8447833696505692 0.0391266494194852 0.07676245975657636
0 0.07958417465926299 0.5488994405182568 0.03864840989399293 0.07883048684727129
0 0.7229840397526501 0.059545102473498236 0.03979695381120659 0.07614752728700432
0 0.1782676816002019 0.6467594106792305 0.039460653457849555 0.07824104358068319
0 0.5259338717819283 0.1584278072241853 0.03975265017667847 0.07883048684727129
0 0.17884743576476528 0.15928854848841772 0.039358172892478546 0.07625770160973694
0 0.6746652479808178 0.9427931154299176 0.03843953180212024 0.07892643502159401
0 0.2277557164310954 0.15923193178248918 0.03873960045431602 0.07675793502159402
0 0.37634981259464917 0.9435746491951313 0.03841391090358408 0.07435483431488027
0 0.37623882231196365 0.45169210276796234 0.039453919232710785 0.07643092716921886
0 0.030320084048460372 0.6470993940910875 0.03855536244321049 0.07769407675696903
0 0.03186957988389702 0.2564094945033372 0.037868387430590615 0.07541714369846876
0 0.5262493690055527 0.059352915194346274 0.038490661282180635 0.07760355319984294
0 0.9707220701665826 0.7468217234000785 0.03773389298334178 0.07837548449155878
0 0.07969061610297828 0.7461811570475069 0.03886129278142353 0.07648088496270135
0 0.87211976022211 0.35315272310561446 0.03897702675416456 0.0775019519042011
0 0.8725896317516405 0.45145993570867676 0.03802378647147902 0.07658005987436188
0 0.0805476161029783 0.35301057322340007 0.03962880111055022 0.07721765213977229
0 0.8727216331398283 0.6484277779740871 0.03860328647147903 0.07667004358068318
0 0.22676362948006054 0.8435168826069885 0.03927940434124181 0.07852375343541428
0 0.07956024457344775 0.6466945267962309 0.03986253861686016 0.07749780899096967
0 0.4762828725391217 0.5496626151354536 0.03825479101463916 0.07912990243423647
0 0.03061083127208481 0.746686390459364 0.03787486799596164 0.07565095131527291
0 0.625429590232206 0.6478959278563015 0.03903434452296821 0.07621981016882608
0 0.47652449684502773 0.2565156112092658 0.03873803962645133 0.0756293771103258
0 0.8226679726148409 0.1584329483706321 0.039770574204946944 0.07945423596387906
0 0.5755081852599697 0.9442756326069884 0.039519651691065145 0.07575680113859443
0 0.773622323195356 0.7456844064585787 0.04011440913679972 0.07732778425598742
0 0.9215673902069661 0.451051482135846 0.039121655729429654 0.07576315272870039
0 0.030694324331145887 0.9409296320180606 0.03741085966683493 0.07642640184530848
0 0.2275328393488137 0.6471992276207302 0.038609343513377095 0.07789374381625455
0 0.8726816345280162 0.25498132744405183 0.04010077536597681 0.07562814369846878
0 0.37664455981827355 0.549317748429525 0.03837241090358405 0.07782670219866518
0 0.030465456966178694 0.8429004028268551 0.037268622160524977 0.0779042606988614
0 0.3268790263755679 0.7454941736356498 0.03853846668349321 0.07756078543384376
0 0.5754826935890963 0.5482392816058106 0.03946866834931849 0.07751016902237919
0 0.822452972614841 0.9431785822536317 0.03902507698132262 0.07724350137416595
0 0.6256007187026753 0.746942390459364 0.039061104240282724 0.07738988496270119
0 0.5753739422009087 0.35304520651747145 0.03956666279656724 0.07851385237534354
0 0.22790808796062595 0.4521022028857479 0.03841334906612823 0.0766376605810757
0 0.5261889129227663 0.5492390985473106 0.03994723523472997 0.07705593561052214
0 0.7239097841998989 0.2562131775618374 0.03912446491670869 0.07502450981546917
0 0.7237246626703685 0.5502724652532391 0.03970071352852094 0.0785092021986651
0 0.9701750771075215 0.6484703609148017 0.0372709013124685 0.07798214310954056
0 0.5754821866481575 0.8448692197683548 0.03883666002019187 0.07816109363957599
0 0.6251577486118122 0.059506281900274835 0.03912165572942956 0.07545641931684334
0 0.3269339979808178 0.2564291323125245 0.03833291267036851 0.07422948566941498
0 0.9215310450530037 0.25673236120926574 0.039048965421504434 0.07483594346289749
0 0.9222746651943463 0.7466159402237926 0.03958971403331647 0.07857738496270134
0 0.9693443340484603 0.05748635188457008 0.036240409641595354 0.07877816117000393
0 0.4764812482332156 0.8446116196505693 0.038967039626451386 0.07703242658029058
0 0.08078611193841494 0.16053671554770316 0.03947479833417465 0.07752710208087947
0 0.9212518929833418 0.3538169905771496 0.039752650176678575 0.07821702002355711
0 0.7727329572185764 0.05810851894385551 0.03959766607773848 0.07879556164114644
0 0.5256654073700151 0.8445262363564977 0.03953121857647659 0.07808859363957597
0 0.03188257710752146 0.15972836542991756 0.03820987910146391 0.07652386866902239
0 0.4768740535083292 0.059506281900274835 0.03849066128218073 0.07729681978798586
0 0.8727491261988893 0.9431899655477033 0.0389737698132257 0.0778797347860228
0 0.7241597855880869 0.15817571495877505 0.03962446769308434 0.07955323596387909
0 0.7237902800353356 0.9435174323714174 0.0385699593639576 0.07730773478602258
0 0.4766083669863705 0.7463437571652926 0.03859028268551238 0.07619261837455828
0 0.42683284326097926 0.45136313594424804 0.0396828495709238 0.07454605987436198
0 0.6254785943967692 0.2559851775618374 0.03976334729934377 0.07640891028661165
0 0.9710020743311458 0.8455859863564978 0.036400917970721834 0.07652729269729105
0 0.07961249318525995 0.8436361362387121 0.039336041393235745 0.07753532705143308
0 0.17930680174154467 0.06082971917942677 0.03964591039878848 0.07810329387514724
0 0.17892180729429583 0.3536085234589713 0.03950691595153964 0.07841355261091479
0 0.6254487173144877 0.5494169984295248 0.0384416042402827 0.07802520219866495
0 0.8724462588339221 0.8445678358853552 0.038683532306915576 0.07694485904986248
0 0.4269422161786976 0.549595731841382 0.04021709262998482 0.07715573537495087
0 0.9218040131246843 0.15720087357675697 0.03927940434124184 0.07699008637612875
0 0.3760174452296819 0.8446818027090695 0.03869566784452288 0.07778625952100506
0 0.07984249179707219 0.9406056817824893 0.038218552498738005 0.07945930231645072
0 0.27740093387178194 0.060119748723989 0.03896390711761737 0.07729681978798587
0 0.871876577486118 0.05781924813506084 0.039121655729429654 0.07699008637612877
0 0.7242724085058051 0.4520057194738909 0.03953421630489647 0.07644469375736168
0 0.128898649545684 0.9420561817824892 0.03884222589601214 0.0774525677267371
0 0.5258865386168601 0.25582017756183745 0.03902698939929325 0.0760789102866117
0 0.6254629687026754 0.8447499697683548 0.038785604240282566 0.07608219316843337
0 0.6745330641090358 0.1581210738123282 0.0388061585058052 0.07699008637612878
0 0.32675890206966174 0.06044993600314094 0.03861371529530539 0.0785706611700039
0 0.12857402246340233 0.8440338862387122 0.03913946340232207 0.078330827051433
0 0.7236252883644623 0.35317129004711423 0.0398174621403332 0.07692561896348642
0 0.8724871303634528 0.15749121495877502 0.039080772589601256 0.07757076914016488
0 0.6740646306158505 0.059452735767569695 0.03818478874305922 0.07596279387514723
0 0.47663743059061076 0.35259005692972123 0.038332912670368556 0.07637661955241462
0 0.32665016039878847 0.6469655943266589 0.03934272362443215 0.0768130104043975
0 0.2774136227915194 0.15950006507656064 0.03898928495709235 0.07974806890459366
0 0.12929440371024736 0.35338143992932863 0.039633734225138814 0.07734591872791514
0 0.3763753125946491 0.3537101235767569 0.039095905350832946 0.07738981919905773
0 0.9702353271075213 0.5511591820769531 0.036760406865219454 0.07721530172752247
0 0.5755480637304391 0.6477296944444444 0.03991490585562849 0.07772774381625434
0 0.2771098769560828 0.8450334863564978 0.03838179328621913 0.0766492263447192
0 0.22832183518425034 0.3534642734589713 0.038294351842503765 0.07812505261091483
0 0.27763755678950025 0.2556622987828818 0.038175164058556275 0.07514968590498627
0 0.4262362189550732 0.8446589863564977 0.039751589853609305 0.07712715999214757
0 0.7729375731953558 0.255211510502552 0.03969140080767295 0.075475042991755
0 0.9214881735234728 0.058029035531998424 0.03959421680969208 0.07802312799371809
0 0.6250705874558303 0.9425674821358461 0.03894733341746591 0.07602130113859454
0 0.08045179202423017 0.2564291323125245 0.03785966683493185 0.07606988614055749
0 0.17738831398283694 0.9424384079308991 0.039594901564866246 0.0769900863761289
0 0.42621672450782433 0.15799459825284648 0.040659092629984885 0.07980446937573618
0 0.1773386913175164 0.843577885649784 0.04075764512872289 0.07803229269729102
0 0.6251306027258959 0.1580506646054181 0.03906736395759712 0.0768492679623086
0 0.42675685297829374 0.25640752767962305 0.04016186345280158 0.07725361052218295
0 0.4267274675668854 0.6470139610325873 0.03978759540636046 0.07690974381625448
0 0.4259744689550732 0.943415799077346 0.0392280898536093 0.07710446819787976
0 0.5754844435890963 0.2555288440321947 0.03947216834931839 0.07672317687475459
0 0.6744387507571933 0.3536887734589713 0.038617531802120096 0.07734711896348646
0 0.32688290345784954 0.35352490675304277 0.039177215295305344 0.07885978602277191
0 0.03258219447248863 0.060534585885355305 0.036769638818778386 0.07628609363957596
0 0.7729399419485108 0.9433575656654886 0.03874964664310961 0.07760146819787984
0 0.8222984795557798 0.2553973108559089 0.039347085310449205 0.0752331768747546
0 0.08143723624432105 0.060586652237926954 0.0391995608278647 0.07945756046329011
0 0.3763093134780414 0.061346682371417355 0.039594901564866246 0.07545641931684334
0 0.7735585634780414 0.15817208166470356 0.03935589525492184 0.078932502552022
0 0.27704512279151944 0.9426905822536317 0.038567782180716846 0.07626750137416573
0 0.2776342457092377 0.5489749984295249 0.03879953634528022 0.0783681358460934
0 0.22828372198384647 0.06037083588535532 0.03948011433619375 0.07841246093443267
0 0.4265438418727915 0.7457056902237927 0.03942034401817267 0.07737035178641537
0 0.42664022034326093 0.060665169414998034 0.039928598182735996 0.07532032705143304
0 0.22778899545683998 0.256275765606596 0.03849066128218073 0.07637661955241458
0 0.03131632710752145 0.3543118735767569 0.0380238707723372 0.07552598508048684
0 0.42684596340232206 0.3527389233411857 0.040024587077233775 0.07667435237534355
0 0.13008701691065122 0.060126268943855504 0.03774849116607778 0.07792332705143304
1 0.523534680338213 0.04728934118570867 0.0054293773346794335 0.025047348252846477
1 0.32819476880363446 0.6427045166862976 0.005208140333165088 0.005938630545740114
1 0.7794200461887936 0.23867316509619158 0.005710639575971754 0.007905927365528075
1 0.3219576722614841 0.055012308598351 0.01294987506309942 0.02003034943070277
1 0.468822293412418 0.7718726001177856 0.003799128470469323 0.012006664703572884
1 0.4790840687783947 0.2594321430113859 0.005991377839475019 0.0056498482528465465
1 0.12533979404341242 0.7469774135257164 0.011814101968702698 0.013333158814291262
1 0.13300814197375063 0.2589876342756184 0.004995831145885887 0.010833133490380842
1 0.030682104997476017 0.061806782489202974 0.0067831903079252935 0.021778072241853165
1 0.07285515711761735 0.6426372335100117 0.006043850328117108 0.010367464664310945
1 0.37488957597173145 0.5505864742834706 0.006467693084300866 0.02085787200628185
1 0.620703374305906 0.9425765383784844 0.006069273599192318 0.009232474872398989
1 0.5730734540636041 0.45469357665881427 0.007626438667339791 0.02369588555162928
1 0.2768866263250883 0.45025114242245773 0.007496308177688046 0.018471017078916258
1 0.6238011020949015 0.3390701780526109 0.008392243059061144 0.016304088339222575
1 0.4258474822059566 0.05040784059678053 0.004879997728419941 0.008994880251276007
1 0.22717347412922764 0.3604013308794661 0.006909992680464429 0.010449792108362733
1 0.32890585562847047 0.7478160581075775 0.007256436143361913 0.007975068708284263
1 0.42470023498233206 0.4592414599528857 0.006228000504795617 0.012759718492344004
1 0.07875463213023724 0.9393047883784843 0.006233794800605758 0.020070242638398145
1 0.7821510336951034 0.7457337298782881 0.004981122917718446 0.007231990577149578
1 0.6257392264008077 0.6527236013937966 0.006724475012619685 0.013506468197879842
1 0.7228747960625946 0.454614876423243 0.008061614336193759 0.0207859519042009
1 0.6214863701413427 0.5358980031409502 0.006396265270065677 0.014040271692186775
1 0.17218260979303382 0.6337112288967413 0.00930716809692075 0.007361601884570036
1 0.0769396362948006 0.4498918586572438 0.009863786471479051 0.009374115429917592
1 0.7734519482584553 0.9430174050844131 0.005973438162544145 0.008964208284255863
1 0.5734950782433115 0.7467424911660777 0.005205704189803128 0.017483804475853994
1 0.625788743059061 0.23940542795445618 0.008202927814235242 0.008895268943855505
1 0.37238271680969204 0.05552889153906557 0.006433455830388622 0.01347598213584609
1 0.5259371622917718 0.1519340537887711 0.008196346794548401 0.007159572045543763
1 0.12399555098435133 0.9370039210836278 0.010401124179707212 0.014856508048684781
1 0.22278500050479555 0.25437020062818994 0.004644537102473478 0.016387199842952536
1 0.6204216256940939 0.7497212808205732 0.00537078192831899 0.018887827051432993
1 0.6335960660020191 0.05392389153906557 0.007416651438667442 0.01729944895956026
1 0.5262807865976779 0.6634626529250097 0.004354125946491751 0.017793971731448758
1 0.2243176137051994 0.6431446505692973 0.007889255174154463 0.021621967020023527
1 0.5229366481574963 0.9398311739301137 0.008202927814235242 0.01226933647428336
1 0.4713406468955073 0.05200514095013741 0.011697807672892475 0.011934947781703958
1 0.22473466090358404 0.4509196234786022 0.011243678192831905 0.014152753042795493
1 0.5201128101968702 0.2529303167451904 0.01006463705199394 0.009451498429524936
1 0.17616745595658756 0.24775038309776207 0.006700928571428604 0.016744031605810703
1 0.5711862123927309 0.24848008333333332 0.007614955325593087 0.017125031605810716
1 0.02819598132256436 0.25408145062819 0.006076487632508835 0.018805100314094967
1 0.9226855458101969 0.8366939418924223 0.00470462771327606 0.016099748723988918
1 0.4721703225643614 0.9449836699057714 0.011415354871277218 0.01643966018845728
1 0.17410408442705702 0.3479138622889674 0.009250185512367486 0.012726456811935528
1 0.966772225769813 0.04631090753828033 0.004554993185259905 0.019642613663133097
1 0.7200720599444724 0.24915111650961919 0.007041644876324986 0.012715631134668262
1 0.47248689689550727 0.6452593502159403 0.009405307672892502 0.008804032194739008
1 0.9206855527511358 0.24466459933254803 0.006180636042402909 0.017394397722811136
1 0.870016150555275 0.6374287998625833 0.0071913233215546764 0.020784331959167623
1 0.1792924351337708 0.15052092049469962 0.008338400807672893 0.014893573223400099
1 0.3754761987632509 0.6451974835100118 0.009080414184755168 0.008927765606595904
1 0.4730446510600706 0.15055450402434234 0.004819329883897033 0.016666806635257176
1 0.3275211583796062 0.14712466990577147 0.009079338970217015 0.011870605221829637
1 0.3266650437910146 0.451455842658029 0.0051126181221605345 0.020969351197487253
1 0.3232371833669864 0.2477240163918335 0.005027400050479512 0.017410231841382018
1 0.12694804126703688 0.4505423586572438 0.00922860196870265 0.007459648606203393
1 0.12614380237253908 0.8461679264821358 0.004842632508833944 0.020463518845700867
1 0.6233231104240282 0.4445163414801727 0.006508751388187761 0.015217415194346273
1 0.37339220570418974 0.24686661592069103 0.009462433619384213 0.009309563604240277
1 0.4231599933114588 0.9356976544954847 0.005522517163048945 0.018695974872398935
1 0.37374420292781424 0.4521921755987436 0.010966919737506282 0.010908149784059617
1 0.029071597299343763 0.15686880437769923 0.009057714033316506 0.00955940734197094
1 0.027450981322564356 0.7425943625834314 0.008512979303382129 0.009829924224578018
1 0.8254275990661281 0.8422308761287789 0.004558734225138953 0.01974908402041612
1 0.027310108404846038 0.9376560212014134 0.007848233467945479 0.014779241460541609
1 0.7260294050984352 0.05229749106792304 0.00900883240787463 0.008896380251276006
1 0.8706507665320544 0.1454746864939144 0.010654549722362511 0.01333017157440122
1 0.87171801930843 0.9300402706124851 0.005996066380615973 0.020195273458971305
1 0.6737148952549217 0.746288780231645 0.003844818273599263 0.017777759521005108
1 0.07522438907117616 0.25938456792304676 0.008246325340737 0.016787401256380008
1 0.7224944203685008 0.6431184835100118 0.008191371277132677 0.013085765606596035
1 0.08128487241292276 0.16030848861405575 0.0059057725896012134 0.018630176285826475
1 0.07679576337708229 0.7423430462308599 0.007943051741544681 0.01401335787200618
1 0.17558995318021203 0.5507057051433057 0.007855934124179674 0.015711675696898218
1 0.6689296563604239 0.054639508244994105 0.009944826602726055 0.014027815076560651
1 0.025654116733972745 0.4565135097173145 0.006427758455325594 0.016375218492343947
1 0.5238677977031803 0.7413538797605026 0.006656125946491593 0.02028595857871994
1 0.27378476590106005 0.250295399685905 0.01149154846037358 0.011040531605810717
1 0.5755563186521958 0.05082959118570868 0.006762173397274194 0.01735338142913231
1 0.27879237632508835 0.049260207302709066 0.0077862720848056455 0.010063213191990574
1 0.7734830753407369 0.05639460836277972 0.007173172892478671 0.013584948959560274
1 0.8731113852852095 0.5457614545543777 0.008257290005047935 0.014557774047899387
1 0.8241015962897527 0.74143772928936 0.010050214790509873 0.009689323517864185
1 0.6754961702423017 0.44498025559481746 0.007920659515396165 0.021291488810365192
1 0.5725980853104492 0.9459189726148409 0.0066841928319030935 0.020338144287396887
1 0.07713400365976779 0.8601414110718492 0.012314526754164565 0.009693620730271036
1 0.5699443478041392 0.8476716936592069 0.0056817233720342945 0.022363719081272018
1 0.8206759900302877 0.9434071722614839 0.00838300227157995 0.018613609933254928
1 0.5747134512872287 0.1513457042599136 0.0049774386673396365 0.019992140753828033
1 0.07694626615345784 0.5494135049077346 0.007011051741544667 0.015228742049470037
1 0.2264419769056032 0.055189441303494305 0.009319478798586595 0.009247148017275213
1 0.7217646786976274 0.5504659385551629 0.005549390711761706 0.018031609344326682
1 0.22560573384654214 0.7427967464664311 0.008783484351337682 0.018627158814291295
1 0.4723051482836952 0.4514023924224577 0.007875821554770214 0.014941583431488078
1 0.8242593490661282 0.6364754325677268 0.0091037147905099 0.009808263250883303
1 0.2752811388187784 0.6456742838633688 0.009129797072185752 0.014108833137023798
1 0.7280887178192831 0.7386140557518648 0.010569156991418537 0.010428936003140975
1 0.026395905603230692 0.5447156524342363 0.009884188793538615 0.009729695131527253
1 0.22724547690560323 0.8429999258932076 0.008027976022211013 0.016984050844130273
1 0.22430149078748104 0.9445346556733413 0.006344014891468979 0.02003944405182562
1 0.1719874628975265 0.0572872582449941 0.010328456335184224 0.008732315076560661
1 0.6245655993185261 0.15059368708284257 0.009702723624431947 0.014134573223400046
1 0.27772738326602725 0.350298246171967 0.005814794295810241 0.01777315822536317
1 0.7761641871529532 0.8339086581272086 0.007805396516910536 0.01676258166470341
1 0.8753322498738011 0.7368851125834315 0.007917024734982294 0.019408023753435383
1 0.7722897038112064 0.44349270818610126 0.007351435386168653 0.01603774813506077
1 0.2749558303886926 0.14784550451511583 0.00914941948510852 0.01901747153513939
1 0.12556789500252397 0.5426114055751865 0.012935386168601706 0.019017471535139364
1 0.919790932609793 0.34253852875932467 0.005130401312468434 0.021636723400078495
1 0.4236518676173649 0.15736345484884176 0.005169762998485642 0.01777210875539851
1 0.9190661826097931 0.6441192175107969 0.008472884654215054 0.023967100903023168
1 0.5221139289500252 0.538604303494307 0.0089018745583039 0.014148872398900674
1 0.72706027385159 0.8382345751864939 0.010417564361433611 0.014858882606988644
1 0.8731960095911157 0.43831599077345895 0.008088041393235759 0.01657571378091872
1 0.5728797012872285 0.344862445229682 0.011168916456335153 0.010854222222222099
1 0.968084595911156 0.14695615390655672 0.005085225138818673 0.023863506870828388
1 0.3256930465673902 0.5472446216136632 0.004532634780413909 0.019566508637612813
1 0.2740862631246844 0.7438598963486455 0.011835045683998046 0.013433524931291647
1 0.723844037733468 0.9406963215547702 0.010855589348813765 0.00869864075382804
1 0.18053992541645633 0.4425558077149588 0.011837867491166065 0.009323013545347406
1 0.4717279496466431 0.5376351014919513 0.011477100706713778 0.01029179701609727
1 0.6740506299848562 0.15529818767177073 0.01042978495709223 0.01086024028268552
1 0.8214372400302877 0.3501450631134668 0.005283016153457761 0.021146858460934424
1 0.3731749640333165 0.3469108457008245 0.00516445860676425 0.016572890459363953
1 0.87084876930843 0.04963699106792305 0.008050063604240165 0.016057780722418535
1 0.42271411761736494 0.5457202543188063 0.007676257445734486 0.014640174519042067
1 0.9606441181221603 0.850925427659992 0.011763252902574501 0.025671720259128485
1 0.028521970217062088 0.8491574596584216 0.01141895709237759 0.010190184727129983
1 0.5190116157243816 0.338339259226541 0.011079768551236668 0.011680481546917932
1 0.07680275643614336 0.057915292010208085 0.009822048965169104 0.012997448959560261
1 0.3743067015396265 0.7477172636435021 0.00984192251388189 0.014307325873576734
1 0.9697723292529026 0.7324308122300744 0.010859177940434148 0.01359342069100913
1 0.22866684010600702 0.14803098684727128 0.010864199646643107 0.013738772281115011
1 0.6735215084553255 0.543118304083235 0.00959504467440695 0.013709406753042922
1 0.819625369888945 0.4494012757165292 0.0079602647652701 0.01526301590106005
1 0.8715475123674912 0.34629562887711035 0.010438544169611269 0.012282122693364705
1 0.07781125504795558 0.353397529937181 0.011591018425037852 0.01709579210836281
1 0.9205124173397273 0.7374625622300746 0.012205856890459391 0.01089152257557904
1 0.12857045583038867 0.15385123508048684 0.009791088339222601 0.019986529839026292
1 0.7744804440938919 0.64256091715744 0.007071418727915305 0.01972209972516698
1 0.8702572706966177 0.2469449660384766 0.00860206638061598 0.011606730663525638
1 0.9688744618879355 0.5400023710247349 0.008553448763250872 0.02668940793089912
1 0.9201476527006562 0.04140901060070671 0.012304391721352712 0.0184040047114252
1 0.9251019006814739 0.9384426047310559 0.011545315244825563 0.015046474872398876
1 0.5716020949015648 0.6364718296034549 0.01403962645128729 0.01165586965056933
1 0.7229765890964159 0.1537737522575579 0.009178821807168142 0.011856495484884199
1 0.3259330465673902 0.94048038849627 0.004999126451287239 0.017105575579112495
1 0.3755205704189803 0.1512195720455438 0.01340863200403837 0.010428936003140949
1 0.5252240030287733 0.4413893796623478 0.007098687531549785 0.02147133882999608
1 0.22675090257445735 0.5441754184334511 0.011490194851085355 0.019078163133097722
1 0.37609470015143864 0.9378722883784844 0.005003936395759721 0.021708308990969784
1 0.17530520456839976 0.7410568963486455 0.0081099341241797 0.018426058107577543
1 0.8224348601716305 0.14635767049469964 0.005811753659767861 0.020152739104829235
1 0.7735991923271074 0.346608755398508 0.010095911155981798 0.014109736945425992
1 0.9227875305401312 0.5482131382018061 0.01333458051489162 0.015789074990184657
1 0.6746553827612317 0.8411581255398507 0.00827378773346794 0.013306049666274095
1 0.6734288238263503 0.24860743031016883 0.013250883392226192 0.014416470357283056
1 0.9700750883392225 0.34277458775029446 0.010884654215042896 0.012576069886140573
1 0.6733486369257949 0.6475222844522968 0.00899429606259464 0.018387900667451832
1 0.7712901322564361 0.5481062525520219 0.01178773548712765 0.01467049489595615
1 0.025418365345784955 0.6472742009226541 0.009107741797072178 0.015816733608166562
1 0.9676332091115599 0.44702915842167257 0.012297943210499592 0.015099515901060042
1 0.32546091809692074 0.8444877428347074 0.00878285840484599 0.017075751079701617
1 0.8236140962897526 0.5441780043188064 0.011656209237758678 0.016497740871613743
1 0.969437713276123 0.24954406674519042 0.007426945986875312 0.017450932076953238
1 0.6724008195355881 0.9424910863761288 0.012772360928823799 0.014521827247742338
1 0.8185575466935892 0.050917746368276395 0.012619888944977273 0.011042402826855115
1 0.12750008846542152 0.6400028140950137 0.011120823069157001 0.01810437180997256
1 0.9729744355123675 0.9410277386140556 0.013288887682988307 0.01723780899096994
1 0.3246466431095406 0.3452284550451511 0.0028394750126198836 0.007668335296427248
1 0.4713528520949016 0.35259005692972123 0.004416961130741928 0.006441401648998793
1 0.4237127713276123 0.8303273458971338 0.00441696113074203 0.004294267765999097
