1 0.83506450190557 0.9496706829462488 0.011535859482246008 0.0150716011906566
1 0.9042010177322253 0.7140955630092645 0.010980892330185184 0.02595182148305246
1 0.5867227917574751 0.07930981302073543 0.006414029761289277 0.016286861339630112
1 0.9780401574386229 0.13885896766860084 0.007615824877292108 0.01708722375308236
1 0.6702065435693789 0.20041365788476576 0.007329147522247247 0.021829513632331144
1 0.03494812573276891 0.20840359487220603 0.016257969599397043 0.03619545611174958
1 0.672234296144944 0.9588468179686694 0.012281978152738479 0.016119031662938377
1 0.5110644015071559 0.29547116720925204 0.008309196985688026 0.017533665581495966
1 0.8292192946176217 0.8725163714845622 0.010737444906349276 0.01418261997704358
1 0.9492654319105454 0.9362948874963878 0.006499779875684966 0.019998529008614617
1 0.6673160947474749 0.13238721005631976 0.012700575357799938 0.011576334555918576
1 0.1880671788630661 0.6426794611601829 0.007715948301365731 0.02119676189292588
1 0.02569710060088179 0.33850946100034746 0.028442073737200486 0.044578212991420965
1 0.18788038357544942 0.9634238794647098 0.010136887917876715 0.014643956792219052
1 0.027484266665839297 0.2804075212915698 0.0307344058671155 0.036061599941203185
1 0.5536562041396373 0.893294354094044 0.009898324333869415 0.015063499639286854
1 0.6317171161156568 0.7952701522669359 0.007737148285908183 0.01792321897715084
1 0.9787922449384486 0.875280940594377 0.007411864877477976 0.02083578493706984
1 0.7878922589172288 0.20991942258660656 0.013340168793179875 0.018580240898812352
1 0.8562266262482366 0.33805894440660755 0.004946346791444906 0.01675730704213148
1 0.31828500171823765 0.2708200442171716 0.01036465439519775 0.013177200740421861
1 0.8760442423183464 0.9310630639700072 0.011060870499543027 0.015508240246093433
1 0.4285718083806697 0.8843195492853434 0.010904737528317469 0.018867494296285946
1 0.9323819486914265 0.2775304545027455 0.007174212383154708 0.020615832004143363
1 0.3974518592012472 0.4255462072474049 0.012133634457089069 0.019374168510648555
1 0.1514063908665063 0.4243836497314055 0.008531090536167959 0.022494426490632595
1 0.9708242761888841 0.2794185266067156 0.012017357378023475 0.014639649295529336
1 0.2282968530018743 0.28145976212481283 0.010788440907876432 0.02746388253986537
1 0.4332866817232127 0.14017129561304062 0.005979158734042166 0.021470270371201132
1 0.42142641147621035 0.9627876321362102 0.009430943719398571 0.025616301707779954
1 0.47405953038265974 0.8877460305676635 0.010217386244680753 0.019289419425566747
1 0.6324274677324996 0.20517142525810697 0.025970995848487898 0.03979688795157345
1 0.6420308620613939 0.8821189289647633 0.010654170369126774 0.021247932800245846
1 0.6715885041722415 0.05895850286903383 0.00865992439907751 0.019402561891107034
1 0.02096319307530539 0.8777117636502124 0.009704772154554982 0.027634084658488624
1 0.22830355182377854 0.49395430347295055 0.009341898935173756 0.02401412566358091
1 0.5966720527990844 0.8914582551626443 0.009241082036252297 0.025606424768567806
1 0.30566392440266027 0.807618419640277 0.012267029955787484 0.022326235006153487
1 0.2798936497438766 0.3549635000601189 0.008119685350603426 0.020295914563516898
1 0.14972951923363312 0.8773952636502125 0.011884833801914319 0.030048805979456864
1 0.7808365600953245 0.4322408636590058 0.030113120190649333 0.03589272731801164
1 0.026182399545784787 0.5741773990432156 0.010436200908430424 0.020525201913568672
1 0.18546614278084256 0.5631310815151166 0.010051731808024184 0.0267125587558326
1 0.4315775440241464 0.6582809985955425 0.00964291195170709 0.01930200280891502
1 0.5138668370694042 0.08073775419619562 0.010039915672763928 0.01666426240823029
1 0.024049820539868483 0.5035589491229477 0.012105872682103478 0.023162455603958958
1 0.9401066583486287 0.42583594788856494 0.012328497847724308 0.022432131075288984
1 0.6513527707468115 0.4351270026972657 0.01473592735647319 0.018399796845729927
1 0.6281053031566027 0.42300307756798483 0.007385582751288974 0.026885390434128995
1 0.4775488794239374 0.9495388861520493 0.00999493999834155 0.027460007602257544
1 0.14781182130253484 0.49454354439381387 0.008951001671999288 0.02827578548520732
1 0.6754179496792316 0.8737639944766425 0.009395164454335502 0.02179138467888461
1 0.2317682624266409 0.19970637713674566 0.008145055045026283 0.019606631281410825
1 0.8639283034411842 0.7244330961482502 0.01461452293696329 0.025416069304419482
1 0.16421593932515308 0.07081894796482882 0.010891469319602292 0.01871702295747922
1 0.7517725873539856 0.5829514317736783 0.013512825666693696 0.028296221837596256
1 0.7513119338196982 0.6577070400295644 0.011772578981607731 0.021049475784728065
1 0.23144131360473674 0.35879389176987914 0.009617892305345689 0.020314179265357668
1 0.3896305613380654 0.9552116495095513 0.02040577363485329 0.07027197816422262
1 0.2698135691133853 0.582600040063918 0.011491584473109547 0.01929915499855516
1 0.6319909743623275 0.7329284597814907 0.012103069491633018 0.020954315288580688
1 0.7596943458200299 0.8839772899265035 0.011181812407037531 0.021168654723726026
1 0.6718582987205093 0.4984577219148919 0.02286124839974086 0.04451099998282315
1 0.5093141205760625 0.5877568328422784 0.011570157206719868 0.019493740555276057
1 0.712651015571369 0.8010468153658764 0.010885682101460644 0.01889886602991195
1 0.10935788642363631 0.35955159628422023 0.010946081650428038 0.025210889266019863
1 0.3515415197471932 0.4287175895983252 0.013461485740725846 0.02232709363992946
1 0.23791891522157946 0.8117736937009578 0.012836746497753519 0.029373783127514617
1 0.34387063793860617 0.590331356902959 0.01221972212355137 0.030106949104077473
1 0.47533530983505523 0.5074847954412725 0.023225680053599644 0.04141078874534458
1 0.6679881820077944 0.5751542165375375 0.012994280070183006 0.021661828800674073
1 0.897468143706139 0.623495323311908 0.0022064081792556233 0.010255325768936072
1 0.9841560811879784 0.6502256501434608 0.012286772376467867 0.02507189636901992
1 0.11112013642363631 0.19517859584992564 0.006744658851216843 0.02879274905791481
1 0.34384745604879036 0.6509251108844446 0.041338442289325185 0.039867419631688675
1 0.8071599391398752 0.29083437927238515 0.011348656403429289 0.027517607205784247
1 0.9007215399433013 0.19093603065616147 0.01068513988688127 0.022568349728203537
1 0.5932250318127331 0.7323838702089308 0.014701979680060675 0.022447654861140566
1 0.790709520698187 0.5758000962169575 0.014052427259224051 0.019157588159514027
1 0.19158091634275898 0.35463412038069897 0.00949207421947379 0.02297547605955708
1 0.7461005277098457 0.21190483301404658 0.013187055419691113 0.017842703463452726
1 0.9647501874387622 0.3615304937665576 0.0302951198775009 0.03338558361521324
1 0.1081353226913548 0.5813578909319294 0.010683517918146472 0.024356048231196237
1 0.7474690906688997 0.35486220995325884 0.015568302104777169 0.01969017392235675
1 0.06927083081442836 0.4245304028093291 0.010340738829645568 0.02665522363720589
1 0.7208396834621799 0.9499698059383294 0.011910813170698763 0.025385686747377373
1 0.9400375350060859 0.6432680747934234 0.00857678135438288 0.028506903602686116
1 0.5088221297814557 0.8039504691059769 0.008868910521633796 0.028449654792433353
1 0.22884002752251315 0.578563070811938 0.011339971099620913 0.029393895639715326
1 0.19152948261672703 0.19922343863278588 0.009594941671537635 0.023805791708850874
1 0.8609711381259386 0.6185982994055812 0.011520517785832953 0.022476475819081538
1 0.0745507527110758 0.2745231421635442 0.009032173292236552 0.02511341135490998
1 0.018277891908967406 0.9540049175463916 0.015301015420301331 0.030057531790362767
1 0.7154168436262953 0.8742823246903627 0.011905542923696298 0.02398800767096501
1 0.9405592464257405 0.4703581627000199 0.010266612077088648 0.02516256098118944
1 0.22876254850886446 0.8891394677272847 0.012928073455812556 0.04115633118016872
1 0.9399621911159382 0.5736611269649775 0.02223997280711013 0.024648007945793977
1 0.46907749761535017 0.5829645614530983 0.010149441477039507 0.025844999914115895
1 0.3446584902947978 0.5004377473199112 0.012691366452445748 0.02276789036542162
1 0.5514196529615415 0.1280736298425997 0.012733547457038922 0.01979933455591863
1 0.3890206703240851 0.19567390521326533 0.009136726511020375 0.019992527007010152
1 0.2648889188940118 0.9550649476480895 0.013151488746745984 0.022470291021778287
1 0.060317415652034585 0.7199582693717651 0.013129626638717239 0.026440108413288102
1 0.8016841131096366 0.9269775733288471 0.012167263040845857 0.025295863238173878
1 0.9443259771981619 0.7212703461482501 0.013307665738535085 0.02972076716721934
1 0.10610227825927046 0.8831548835444675 0.01091371092011857 0.02877446378651416
1 0.46779599761535023 0.6654032151588453 0.012507706572911748 0.023440184333529224
1 0.7119320365577205 0.7240900867894103 0.014575724074163063 0.026910408876979496
1 0.019990436341051743 0.6393616247093566 0.015486181485258842 0.039305097767503405
1 0.897366824785054 0.5700942165375373 0.009976891104063657 0.032185989228114255
1 0.3146784807318863 0.948098065297169 0.014916142614239488 0.026300045037617376
1 0.2639989490857562 0.7359200239490314 0.011860404801340612 0.030329283196221742
1 0.5980982483060746 0.2743438182778522 0.01416861737912708 0.023508550998983517
1 0.7076864224205706 0.14271956031488137 0.01487755618335241 0.030115195500481966
1 0.05738623611856977 0.8792482759619068 0.017638140107224545 0.036587678951635214
1 0.02819053103691033 0.41434353291507425 0.013752652743116793 0.03322062318821213
1 0.7093661514342192 0.5784137593158978 0.009266014210649879 0.026863395639715362
1 0.9682052324389709 0.20932453082574776 0.014840759878151507 0.022458657733593648
1 0.14081480290490136 0.5693489831248719 0.012565555546028494 0.033229232617081356
1 0.8597161834135553 0.7729817030769742 0.01198307816932207 0.028954801879548322
1 0.19678612363070735 0.2693886057132118 0.011365753891242732 0.024123286297142773
1 0.7112867445850177 0.49689784625131106 0.011566875032885511 0.02661440908310134
1 0.8691994989481744 0.8882209744146242 0.012261528088093514 0.03127266540972774
1 0.7957295895477202 0.8830901909951034 0.01343009515003473 0.02738861728836656
1 0.6378366816502758 0.9508395278618095 0.012286279355146427 0.03132529102177832
1 0.7048313745573889 0.21326687579240702 0.013831400073499808 0.021989345173213014
1 0.11656928902008655 0.06291686906130012 0.00893352777639885 0.027394295480663865
1 0.7973875652464548 0.5097245548001124 0.012775697506226476 0.033293826180704277
1 0.10712639315788997 0.42601394687797883 0.011573172319724156 0.02903329946281109
1 0.015500257710150666 0.8220283547206706 0.01702038795573824 0.04991483646916294
1 0.7382760947231625 0.06633842799831464 0.008976635692664443 0.024446572577108725
1 0.630070131211529 0.3478824479229185 0.009802708669397198 0.02799145199887654
1 0.7869329157664302 0.14296102956686127 0.01075468720396629 0.02963225699652217
1 0.09800602333014426 0.7298019743253956 0.013116482928006963 0.03125136666933942
1 0.1150601220525653 0.12544655877007777 0.015787757573637887 0.02171024456797713
1 0.2383929663996753 0.059275002869033824 0.012707583758072906 0.018769561891107026
1 0.6762931149944774 0.8096255920980575 0.01399161585180474 0.026799259066833964
1 0.27430790305879066 0.20066400948766602 0.012739661788686973 0.02617873555581151
1 0.2702053275794295 0.8864767832391641 0.02319689669281467 0.027081999639286695
1 0.6725387416519343 0.2733289198807525 0.01801986916671878 0.035238198051744586
1 0.7104787957631136 0.43172278344528575 0.0129780377725662 0.032078962616170915
1 0.748454979107315 0.27599959902587234 0.015029669556841112 0.023834433349903893
1 0.5918100771003497 0.9576392217087701 0.015279805159422101 0.030254876578498943
1 0.6278139835677207 0.05975344404449401 0.01554341338178045 0.02104596295970721
1 0.9105471093885797 0.937156614762869 0.019649665023498516 0.049395427388537645
1 0.10091241336065092 0.6461679505349619 0.01632934018980913 0.027474167437261166
1 0.13856281908109983 0.9691315609415506 0.013166361837800282 0.03137587811689857
1 0.9733434174386691 0.8135969256478655 0.01273716987773328 0.02833512046127467
1 0.5147037163024262 0.6393408903053027 0.016146083563574727 0.020599015908764808
1 0.9375453151978302 0.36172405486881964 0.011923341737871799 0.026578665890678747
1 0.4249136036682865 0.4992606577473513 0.01555959319942301 0.02633455079286182
1 0.46909568723186124 0.8131531134872377 0.014617230134828128 0.02418998099031432
1 0.5106071113706695 0.35242037038069896 0.01000785013814485 0.027402976059557094
1 0.34426051128114904 0.9749070599369914 0.015739408425148378 0.02805203431726194
1 0.2633402594692452 0.8000544289991169 0.010925700088957269 0.035837574578713206
1 0.8189476267268109 0.48783563101517025 0.012035699699961001 0.025339139038259812
1 0.14398705873659126 0.34291863825266594 0.012764630941689848 0.030414694523879546
1 0.3489354416922671 0.2659886337897315 0.012122124918489914 0.024052502877622277
1 0.18182133571226755 0.8111411937009577 0.013656117670874298 0.029830462272634552
1 0.05610928818747149 0.9572919267801625 0.01364844891037991 0.032837550257904066
1 0.5099596625487652 0.4341911323766856 0.014987976056252872 0.02269650005153042
1 0.5547757972904359 0.9603190332048105 0.012982245539594284 0.03257430170777986
1 0.7762501212181624 0.6995042245005082 0.015332014162025296 0.027987042589415475
1 0.5529508727697972 0.07077531034923502 0.012332661594188742 0.023656016424069337
1 0.5114327498090847 0.9580696414950501 0.014089150576891732 0.028181555723618763
1 0.5895311978673277 0.13171132368956034 0.012057637268611105 0.028286203532160034
1 0.03848881109792363 0.12025270734336443 0.012786853798213782 0.03833397204479248
1 0.7062020943656443 0.06039507639541439 0.012113634977627411 0.0306750297987483
1 0.7501523977374747 0.8089933420980574 0.012249037008904968 0.026851277784513804
1 0.3462253393360754 0.7214724263619702 0.017337594726745415 0.03012492759465944
1 0.30953785481377827 0.12587325952201966 0.014141709627556454 0.02420007519707873
1 0.8165927824484905 0.07936631332673322 0.013072369897236466 0.02387056890245579
1 0.05704980075341506 0.8019704765703647 0.01379819217612625 0.03212464983830876
1 0.05953387705164017 0.5731930302714453 0.014471062906435688 0.03444974492877578
1 0.2249440937964812 0.7468009611086526 0.01933657345581259 0.03564615751546411
1 0.7466632986961969 0.4319642526972656 0.011856778542860807 0.02795858026525055
1 0.9051063299361841 0.8012312685716769 0.015790310831090587 0.03186725372383334
1 0.5518872553177332 0.8096387217774774 0.01425516159418877 0.026368839280554165
1 0.8197344586984383 0.21070873278469873 0.00976093739696963 0.0303237732356149
1 0.14608549410174598 0.6526489341676245 0.012629297006647347 0.033665704372344125
1 0.8577033161960351 0.2157232039939866 0.01072165239216356 0.030561677153516837
1 0.9388894897184691 0.8082595519911975 0.013534425683277115 0.029935499707994077
1 0.5151662766859152 0.20909372472380686 0.011740469426424857 0.028719005600653134
1 0.09877552916183417 0.9663209831605064 0.016090289926034885 0.035269232688350194
1 0.30864093618361854 0.19218177553384538 0.012455053517703898 0.02940174893049042
1 0.35358407681576826 0.0551149814798536 0.013266334782003286 0.022239679540186668
1 0.39692687429711954 0.05496092265531379 0.011750459936450169 0.027397722318547098
1 0.07939532810673718 0.13738873504467664 0.014912246882770484 0.030787736456690844
1 0.34377306245924494 0.8078293822049175 0.016919040973084453 0.03160416013543402
1 0.34954989640465034 0.12524989187294003 0.01457844376802307 0.0335300190440393
1 0.7110485155713689 0.6576282619530447 0.013885947197332892 0.0296944009140089
1 0.7904715416845384 0.6532926697089845 0.017189939040182293 0.02704909343380757
1 0.5543459810164678 0.3704568904255405 0.013227673375147086 0.02932101614924031
1 0.38473424897606956 0.6483268768705049 0.014433810741007304 0.02930163098940498
1 0.5880007280590722 0.8031644102814373 0.014299637268611118 0.0336592162884735
1 0.31553736327982246 0.06468264725029452 0.01258417280598394 0.022099888088988023
1 0.43715489158672616 0.8128194864793181 0.019535169036302594 0.03698204782935565
1 0.5936615469086053 0.4310417620561055 0.012600540063549713 0.029399401120130737
1 0.2734246320724393 0.06508655767773458 0.011844650007728738 0.024121190226188364
1 0.748826412833347 0.1376764373228009 0.01490100681716042 0.029289109943761032
1 0.07433156644335734 0.2045370538814799 0.013306441689870052 0.039919665121023434
1 0.8284874179601647 0.8015043822049176 0.014658017070796463 0.04384999970799419
1 0.3925078625161612 0.8075393915637573 0.01567484579930044 0.029759178853114025
1 0.023470159404037152 0.7312496228986824 0.02296775507579276 0.03681924579736475
1 0.1984371505075378 0.05463154297589384 0.013591542549031449 0.02846064210482706
1 0.8890450524439398 0.07178977482605946 0.013234674888204656 0.029123472650771386
1 0.930102119941351 0.06824224595055414 0.013591319883073315 0.029985087983206364
1 0.27201587618196016 0.12512658973573967 0.013024282555664853 0.02731005647939889
1 0.08458912163625777 0.07259624818932571 0.018288756741022854 0.03075248406695709
1 0.39248347407774603 0.3490686698463989 0.012652599114214439 0.033298056273277137
1 0.1922623375484838 0.5038824933040722 0.019799121343306608 0.03689474062398333
1 0.7048624618177083 0.2815434252237533 0.016021309498266394 0.036592246173105906
1 0.5933212004428927 0.6517990801364244 0.015328582036252399 0.034482037280768325
1 0.10472086712343913 0.5029888979207313 0.02225088864845591 0.045683213860010195
1 0.15565739579563248 0.20240343706514863 0.014921382260561104 0.030823988846424576
1 0.627827631211529 0.5742274785678777 0.014697178477652695 0.032002673716234976
1 0.4708179943004362 0.0627363758611143 0.014038904655466962 0.023971628730148114
1 0.472270985095043 0.20014592927394598 0.015432356052936295 0.025598254273491286
1 0.5115399092338513 0.7374975266205318 0.018174264714041627 0.03566164682946241
1 0.9283815024413857 0.14505141489976076 0.01721829988298064 0.028902752798173954
1 0.9642325074390872 0.08043401528568417 0.018699819878429873 0.027601934319683927
1 0.5535315833726595 0.7280397833078713 0.015470673375147015 0.04447312276878189
1 0.5151710686586178 0.14006226084918147 0.014597174138808233 0.03906723827884238
1 0.03980193182823308 0.05523333422642115 0.02031445432576229 0.043206795480663876
1 0.4290303050657557 0.7311542619186909 0.016948730898489372 0.030969277853221032
1 0.38721177857075584 0.28469329554433337 0.017053943004361832 0.02908002424962562
1 0.8313204625084325 0.7211167873237103 0.024551780687970783 0.034473649518139846
1 0.9290200261912058 0.21633231459863048 0.019470407382899468 0.036676917613141596
1 0.46869745821821257 0.42885402141494544 0.015618423066253157 0.030541598982930348
1 0.13809105290490134 0.8113690011937533 0.01868997834523964 0.03693540809436008
1 0.1852769406440243 0.7325425640558915 0.01882426715089884 0.03789252383738195
1 0.708044958502794 0.3497408088846587 0.016412567964310638 0.02791217392235679
1 0.4288389678054363 0.4173368369268247 0.014874586569594981 0.03821787171644916
1 0.4702415756702764 0.35849990380021945 0.014372802299275315 0.029389524180918516
1 0.6714287324465411 0.6538198822736248 0.024129850755932592 0.035290358135648375
1 0.5926916912374997 0.5021910708462918 0.02068229852959388 0.03017357485354239
1 0.8541417374459599 0.07279359220223854 0.01877353489219814 0.04398279973691204
1 0.3067234781563212 0.5114293569373127 0.0214083421754926 0.035946628317904544
1 0.22499981949521583 0.42753650269726573 0.02331982014089852 0.03681408026525043
1 0.4672506662455099 0.2785870027659729 0.015645718353869947 0.033209401257545165
1 0.34446524618527685 0.3610259064717199 0.015534673521020599 0.03444152952391923
1 0.3854744170091712 0.49432795721305123 0.022985484977064527 0.034583310151701636
1 0.43187220528512915 0.19823529959452604 0.019863796433108483 0.03144031576953153
0 0.350433639417304 0.057815667312312954 0.02875022779521997 0.05308144607186381
0 0.848977902447887 0.06728009169347961 0.027551020104574497 0.05132539344480188
0 0.6671051330477451 0.6526963956654804 0.029667096205443066 0.05622788781415912
0 0.9348689289774617 0.5719006430283337 0.02797029963362677 0.05468391180613233
0 0.349826947822286 0.12999112867861767 0.028969988934078424 0.05314709620836895
0 0.7428667800215587 0.4266448824196276 0.029277091290270018 0.05516789834556935
0 0.2691713688127832 0.34942139580289505 0.02919467027187775 0.05591852924909017
0 0.9584072311909969 0.07088722154846046 0.02444440261854004 0.04753946065139477
0 0.933044817576973 0.49836151338326745 0.027413955743479504 0.055124208531624565
0 0.9664396364661844 0.35275680325910286 0.027741072619329562 0.05336964806717454
0 0.8241977206863123 0.7997859970536705 0.02917472383820613 0.05577413898672928
0 0.5484034202754605 0.7308259664860072 0.030370364161462136 0.0572894253182259
0 0.8201430140683589 0.5001933649861676 0.028640502055026554 0.054342147035584216
0 0.9226882873846639 0.06948454931294631 0.026747279996656527 0.04950086626515964
0 0.7024934279535313 0.27945855893618915 0.029195939380554058 0.05461988212762178
0 0.033441355113700465 0.2710798725735183 0.027887444174176816 0.05574982452272138
0 0.7033700001179785 0.3524172072989353 0.028901734668170597 0.05463526454724945
0 0.4277788372603193 0.42608416042744013 0.02979799999999999 0.05692599999999999
0 0.3879666088437289 0.35086221665777517 0.029292661545564237 0.05556688753932991
0 0.34677759155412224 0.6539611456654806 0.03065120275460585 0.05794906695927889
0 0.6992070617163132 0.06320361804414643 0.027741579509311835 0.05254085556720884
0 0.34842216960904837 0.27648875679898877 0.029845660781903042 0.054338523837382025
0 0.04045523201867404 0.05542023881079011 0.026797255468408072 0.051598243699387994
0 0.07254247903795728 0.2720154127312897 0.029146133845688687 0.05539375318705404
0 0.14602667814802947 0.651014300839191 0.028771002770870715 0.05749625898210292
0 0.38840262393960107 0.2761459974401489 0.029345752120797652 0.055673807256902616
0 0.8861036274454489 0.06770636575640077 0.026761490109078783 0.05034457615341608
0 0.19521568291732902 0.05758505235191056 0.027464020028191916 0.04979109315897856
0 0.4676161231759399 0.20319997875682272 0.029922139510970152 0.05487536334123471
0 0.4676410116143552 0.2770202166921288 0.02956244657954517 0.05540144362366199
0 0.6663041330477449 0.5010895962684878 0.029907710342592937 0.05653877002766476
0 0.8899183224475153 0.2088067564236541 0.026961080114140376 0.052407121735463746
0 0.5066176378899816 0.13097487050093662 0.029306965753992522 0.05390209857068667
0 0.8986268842698472 0.6470421816604837 0.029061431417901677 0.05498115251599954
0 0.38707854588467483 0.9639092899093268 0.030587559189372553 0.05786325975390692
0 0.6257072311344463 0.3519762434500751 0.02937945874233398 0.05496581813184923
0 0.8231851072191575 0.7250096643488066 0.02878737613691841 0.05535667130238694
0 0.624049841456873 0.2051593798254229 0.028930968044976198 0.05354007992171419
0 0.46755849062800375 0.5019378061616278 0.030011609319225693 0.057022708531624465
0 0.815241523699901 0.20808233815279267 0.027132207600221066 0.05352499677786031
0 0.7383952169688383 0.13496795338615708 0.02811389154168441 0.05340089536488616
0 0.4280868649251233 0.2766003237325024 0.029481826194397796 0.05536997855928929
0 0.4675386441622913 0.42654031555482136 0.02976718148367295 0.05576708547083677
0 0.310657919990879 0.12912963921861642 0.029045401552197692 0.053849079853006875
0 0.7059511897344894 0.5759464946312339 0.02935521110625416 0.055904887745451694
0 0.5879741547977577 0.6536451456654806 0.030074690404484565 0.0573170669592789
0 0.899619812303571 0.7225561533083921 0.028256389445198975 0.054215473439587034
0 0.5859005104688633 0.27789018861560905 0.029817364925123328 0.055120585333422296
0 0.5454015200560871 0.1319852715695368 0.029075466517653747 0.05349793814324661
0 0.1437684927828747 0.8063003555536253 0.029895655367320844 0.05715799790202311
0 0.06236941030998548 0.8052266794950602 0.029107680366079854 0.05812865809658706
0 0.3075003117442083 0.5009008957341878 0.02948643689507233 0.056565529386504824
0 0.7839855564228922 0.6502939451311804 0.029006477729448938 0.055464591019959604
0 0.9023986064554962 0.9472868313605254 0.029977968239474316 0.05573869556918931
0 0.780956860915902 0.42641276608912143 0.02909113383930162 0.0551078261119968
0 0.6226654740048092 0.06099840395481082 0.028414317086253752 0.052980352517818456
0 0.5870978326333105 0.5021530160547677 0.029959925308612138 0.05704896789046438
0 0.7846643425051157 0.7255542539213666 0.02913564046912944 0.05523336916518643
0 0.6274474778195324 0.577497761961633 0.02999366345471724 0.05658245984160948
0 0.3885829704053137 0.20266876886368274 0.029501710148094988 0.05381294355495474
0 0.7830444028886049 0.574782284738094 0.02917151970215175 0.05640559095125217
0 0.38705869941896237 0.6542511363066407 0.030138396449691962 0.057316566959278975
0 0.5081287612325246 0.7312430065928671 0.030281863397800896 0.057315184677065756
0 0.5888037646654171 0.807060884747592 0.030505500715036684 0.05658245984160948
0 0.9361796093885797 0.6457691523528201 0.027930106702201703 0.05530653486692032
0 0.7039671482372836 0.4266448824196276 0.029277091290270018 0.0555720587730093
0 0.5892132344736726 0.9607428872816778 0.030300765810908906 0.05759286091020972
0 0.022713016322865064 0.7266082262073389 0.02876921896647427 0.05768322776634503
0 0.6636855558501463 0.27872216597656274 0.02937945874233398 0.054359577490689155
0 0.2714964052768374 0.12892755900489639 0.028726370596792047 0.05425324028044694
0 0.4274239851193553 0.731546126913447 0.03040815052826728 0.05751726489078566
0 0.18513106031413498 0.7296877659517069 0.02961087937173002 0.05743798681426584
0 0.1502732544462546 0.34780088405225784 0.0286897999106463 0.055963813876936386
0 0.07475590933408846 0.19918755373671507 0.02815761204426176 0.05361203186608586
0 0.737441305062173 0.06360777847158648 0.02825341676963128 0.0529450159946489
0 0.3876934851193553 0.4256584050930276 0.029770088617455913 0.05683238753932985
0 0.58680841989363 0.42661509630284133 0.030404774349889904 0.05672496782175697
0 0.7052726536522661 0.5011158556273279 0.029431283270701686 0.055782967890464406
0 0.7407585240374134 0.2793438891499092 0.028541072692151465 0.0543905425550619
0 0.5848366430167995 0.1322138611420967 0.029122774349889864 0.05314679643348634
0 0.9316268928952383 0.4250603556616814 0.02783300949714028 0.053615486539436985
0 0.9628627836906603 0.20940668913226815 0.02648294261872595 0.052873640985800614
0 0.4285957465184829 0.05790130235191056 0.028861710148094955 0.05406103700593917
0 0.6261167009427019 0.4265438423127676 0.02999366345471724 0.05577413898672935
0 0.4679612616143551 0.3512663770852152 0.029179272058906348 0.05516272711188977
0 0.3467065613623777 0.731243256592867 0.030099672562861293 0.057315684677065604
0 0.1178825300643979 0.05590623573286656 0.02753909427278184 0.051679376883056787
0 0.03803512351133392 0.12599458940454875 0.0275980617804875 0.05199096053041843
0 0.18748046973890156 0.49915670455872757 0.02898659071394133 0.056310430455104726
0 0.7422493009142439 0.3528213677263754 0.028861072692151338 0.05503942497468933
0 0.4284990933660261 0.35126637708521524 0.029077873651436756 0.055162727111889846
0 0.862551356837327 0.7982850627115529 0.028901672188196496 0.05519723286713443
0 0.6627951875407548 0.20537458971856284 0.029236601356573175 0.0543746601354342
0 0.6668162203080646 0.5770579358066942 0.029703475438465483 0.05610696795917167
0 0.1909384815198598 0.27450334637154866 0.028736892631386127 0.053600986402022356
0 0.4675450929841955 0.5779935561272742 0.030599018743992266 0.05716988774545175
0 0.7468079269260182 0.802008879404591 0.029788928550589462 0.05617829941416938
0 0.23353146272724293 0.05712734066783472 0.028548400024875336 0.05241813593733902
0 0.8159174244809081 0.2801065048397268 0.027602022600522948 0.05337854354701203
0 0.4676986441622913 0.058217552351910555 0.02947297677128956 0.05307689529617889
0 0.2705617005644541 0.20165861779508257 0.029109045117430843 0.05421760398239483
0 0.11423193307715565 0.19953944923207811 0.028135332955760883 0.05431582285681195
0 0.5079103786845884 0.6547568368409408 0.02984509830192862 0.05711548674555892
0 0.38704555177515404 0.8087395774133934 0.030726305874458636 0.05832320346345257
0 0.31161701314167756 0.058090502886210656 0.02871150390838941 0.05241863593733903
0 0.3484537568693679 0.3506945870127088 0.029499365494286445 0.055231628249197195
0 0.15328589308794122 0.20028330681463863 0.028622772001119106 0.05446724703120683
0 0.8872343774477707 0.13782789522545807 0.02642256011404738 0.051618536465638076
0 0.108969839770117 0.42207202871466626 0.02866755206213251 0.054841512240425376
0 0.855611699290059 0.3529119264943494 0.028125390957837386 0.05400806122831741
0 0.30999062470326233 0.20248006832938262 0.02873448549760312 0.05303138205891445
0 0.9009056727294643 0.7966027726046927 0.029039449828687777 0.054661775645494674
0 0.7014943918713078 0.20648578089402309 0.02924521625738453 0.05336375906683406
0 0.2653567432765057 0.8857930987682201 0.030164285172688814 0.057636802463559886
0 0.5467963783027578 0.35124436505487483 0.02981783396971767 0.05592702390608935
0 0.9383893652790588 0.7953023808949324 0.028254920400604868 0.05448595479061462
0 0.2726422937152526 0.058036951629574875 0.028766063528217117 0.05181239529617892
0 0.7821338366146366 0.5008877660547678 0.02898826638723748 0.055326788745344684
0 0.11660330609884877 0.12737069698710923 0.027237055672387434 0.05162516338384512
0 0.6680361725628613 0.8050400826103914 0.029686561098525646 0.05617829941416952
0 0.860406682316688 0.6482463836351405 0.02768334670883515 0.055006911874840254
0 0.706372783360785 0.6519643207174656 0.029379458742333907 0.0559762192004494
0 0.7393862866513867 0.20678160989223057 0.028458151673759053 0.05314709620836897
0 0.7445233881745631 0.576021025379254 0.029314549130234756 0.056862270096372035
0 0.5072698786845886 0.3512928864440551 0.029792507726695384 0.056024066684449654
0 0.5486277516453009 0.8078042070928134 0.030204822188759438 0.056856623249732535
0 0.8522006174477241 0.2080731602567628 0.026938140105131753 0.05350664098580057
0 0.5473402873456938 0.4263733770508616 0.029677242630823143 0.056241529317797335
0 0.7003994371589244 0.13404521274499698 0.028897920969767652 0.05276789536488617
0 0.34753194980079294 0.5011161056273278 0.029293630590158607 0.056591788745344596
0 0.9742137174400622 0.6448265679903565 0.028567115120107275 0.05396484476895021
0 0.9779474248777564 0.8684651981409675 0.02804749499649407 0.05426761634995287
0 0.06630132276130346 0.5728412196906932 0.02884843167818191 0.056159851609339805
0 0.19243620721859445 0.2012276980088026 0.028251850658683405 0.05295160398239482
0 0.4277956688453872 0.8086256576271136 0.031151517980331188 0.058095363890892815
0 0.3478586641003998 0.42557843587540145 0.029537589381116933 0.05626828867663739
0 0.8615970556592311 0.7229229638145065 0.028426214160899178 0.05441655365330694
0 0.030581044848391876 0.3445578500146992 0.029798000000000043 0.05819099999999998
0 0.021836408987729625 0.8045362069803389 0.028821131760766477 0.05763857372762833
0 0.34721839862269716 0.5775760160204142 0.02989493765873359 0.057143128386611765
0 0.02993352618111743 0.4208203044961738 0.027189732434981566 0.054565215454650776
0 0.8636091897309067 0.8735452750614829 0.029174723838206275 0.05496581813184923
0 0.07684295515499272 0.1260881242394277 0.02759324409159217 0.053514321190902506
0 0.03541533046806952 0.19802929841382258 0.028225139953788746 0.05441353353199527
0 0.6248752298952883 0.27863685840188906 0.029353335497040032 0.05499728319622193
0 0.14646947931436746 0.5745694727686168 0.029205323237405864 0.056943775783734565
0 0.23264174291898743 0.1293185897529165 0.028202104737258628 0.05220617878440668
0 0.8566993867165946 0.42573552145788757 0.027639212057247946 0.054157497276969106
0 0.7454578428869465 0.6513434852380405 0.02954557932197948 0.05513870866903926
0 0.9651310198793586 0.28087158191935024 0.026561534996679754 0.05206757784927902
0 0.5068403124106204 0.20396027822252263 0.029547579891142466 0.054375160135434225
0 0.930000254456823 0.3525048677263753 0.02724128637397095 0.053598104119809295
0 0.3889278588437289 0.1301662996460565 0.029167812504286707 0.05349743814324661
0 0.42761557237967474 0.5022538061616277 0.030177120336522773 0.05603806682186421
0 0.8189769806310544 0.42624072199218754 0.027946314413439612 0.054359577490689155
0 0.6620829073490104 0.13355339189011686 0.028630980589595435 0.052592574510006054
0 0.23040709859009306 0.27497315519608856 0.028441718874408474 0.05454060405110203
0 0.5488836702754606 0.9617346789475865 0.030102454736695622 0.05715148167738696
0 0.9372745641009629 0.7201691215704461 0.028277401989818436 0.054971275576787396
0 0.11080443536853933 0.3473732764696974 0.02827520646371021 0.05510859871181545
0 0.46784095454578023 0.8086125279476937 0.030167067346522997 0.05726078367717292
0 0.5088898183010995 0.9625561294818866 0.030575568110184182 0.05758190146366691
0 0.8930551944551646 0.3525313770852152 0.0278746714731596 0.05405528326492915
0 0.22527821346659185 0.7301707044556668 0.03005857306681632 0.05840386382218568
0 0.786266342505116 0.8766914944938194 0.02885914709895733 0.05560001101236139
0 0.2247020448364321 0.8857178180202001 0.029725175423007892 0.058294561822399726
0 0.07873623702113354 0.0551086599072614 0.027769552894747633 0.051865946552814665
0 0.961183938629852 0.13951910825106106 0.02702589749662161 0.051700904765833375
0 0.7436857196380697 0.5008083208548803 0.029072356386142386 0.0563803796278895
0 0.5884482059758535 0.7301934664860068 0.030408588048292773 0.056832746173105686
0 0.1900343795454987 0.34808067391376835 0.02877130281981382 0.05525788760803719
0 0.9266562836906602 0.20904051604882254 0.027253472609578028 0.05324131406924621
0 0.89087945613864 0.280138235752459 0.027211642496598527 0.052800924016170266
0 0.1845099067798475 0.8066531268790933 0.029596981727921648 0.05697942538693305
0 0.3465974950884096 0.8085114878408336 0.030086274919052913 0.05746286389089268
0 0.5891851246060132 0.8836184878064798 0.030449280979718014 0.05611670353216002
0 0.8121283187001098 0.06679861094381653 0.026292402599965518 0.05036243194547574
0 0.26563705034508067 0.8079929076271136 0.030315429501583183 0.05723402431833293
0 0.025939843793294858 0.5725071469430116 0.028453645915222262 0.05682799710470291
0 0.628633645210534 0.8063502565585133 0.030318649195442967 0.05718200560065295
0 0.06490787080702733 0.6493260639103439 0.028543578033403887 0.05679236710586105
0 0.9765006774398768 0.7936639443046504 0.028125920120362993 0.054634399806579984
0 0.23126407428882773 0.20155707768822256 0.02892726084711119 0.05320620291379463
0 0.665329985403937 0.42652693587540136 0.029392559383870944 0.05493200525711674
0 0.5083779810407801 0.8079575159173534 0.030780303014312033 0.057163240898812404
0 0.7075646805290965 0.8037586054899131 0.029715904037679493 0.05604030773785333
0 0.8250497246712212 0.875189022570339 0.02883138276674642 0.05502002973004094
0 0.14242337788425521 0.9627935209285441 0.030364398633067266 0.058788527812669945
0 0.6290182265803743 0.88278390759276 0.03006413741448483 0.056468345241920424
0 0.6646064644175855 0.3521274666577752 0.02978813154831802 0.05486410411980927
0 0.428393967281315 0.1302942489991977 0.02948182619439787 0.053753336849529064
0 0.14769456908109985 0.4983520309596352 0.028722170640955638 0.0564006347783093
0 0.7070458944468728 0.728220935737987 0.029906741297998713 0.056525128524026254
0 0.9279823861928774 0.2804772186013255 0.026933757614384043 0.05274554354701212
0 0.6688011448287033 0.8815974356692795 0.029783361301315512 0.05652036395960012
0 0.14910482491278976 0.42292724387978725 0.028383709241350075 0.05566108191018341
0 0.7476051742567866 0.8787643153486997 0.029745543979104606 0.05570404844772092
0 0.3893949766776234 0.057510521603890453 0.029078373651436784 0.05327947550989896
0 0.02767170251725024 0.49571042337707455 0.028081467500936447 0.056462583576092816
0 0.9721127524402248 0.5708825048332096 0.02789434011999118 0.05421264416668963
0 0.9708312524402248 0.49776320611381525 0.028117515119643024 0.05390993393926057
0 0.7761996595184327 0.13581566327929703 0.027561392305345853 0.053479673441405785
0 0.5462132608506939 0.2042371391842628 0.029880008490356418 0.054524721631474406
0 0.586309730277119 0.351837226016615 0.029816864925123372 0.05590026454724936
0 0.6609951514585313 0.061630903954810815 0.028502817849914774 0.053032871235498255
0 0.38737894941896234 0.5775891456998341 0.030164691737308836 0.056765227318011514
0 0.77755673168288 0.20720619132146315 0.028637657401217764 0.053592098639393924
0 0.585374455021277 0.20455872754131021 0.029174723838206202 0.054359577490689155
0 0.5069493786845884 0.2770949974401489 0.02976571243907855 0.05555100511970231
0 0.8213982187807422 0.574782284738094 0.028694092630260074 0.05559727009637205
0 0.2267379030831029 0.5761220654861142 0.029292724025538626 0.055851869027771936
0 0.3870589494189623 0.8863111789819402 0.03034363135381984 0.05746048160867983
0 0.9242206836344723 0.13851075727158554 0.02684015249664484 0.05115089514066491
0 0.7459962254348824 0.7268940346693867 0.028779730280701493 0.055892128524026266
0 0.019666863726414848 0.9612386526623371 0.02809229616726311 0.057015082270981995
0 0.3091138025388151 0.27574233701270884 0.029028190209986333 0.054462325974582386
0 0.8178198999312092 0.3530630869783552 0.02829370676740978 0.054310382196329034
0 0.22759033680913482 0.4995739946655876 0.02935971224458038 0.05674085024138489
0 0.8971857140078598 0.5725467967254922 0.028355784221695168 0.05557205877300938
0 0.42757108747554695 0.8859198982339201 0.03049762033652282 0.05748624096751953
0 0.5073853937804608 0.5020383462684878 0.030637742630823077 0.056011307463024296
0 0.22930642957810277 0.34886367655091516 0.028901934604088794 0.0552072511725705
0 0.89442591426342 0.4253897353411013 0.02774982243188214 0.0538700854708368
0 0.4276667561057067 0.6546552967340806 0.030279487788586662 0.05691240653183873
0 0.1554024070427048 0.12814995006503282 0.02721477658388663 0.052292808879208195
0 0.2666102756619847 0.6534168060929205 0.029395591477602546 0.05686038781415897
0 0.1562870093753807 0.0569079539759111 0.028081417516956805 0.05056480105745156
0 0.061466846577703925 0.8838451327827814 0.030010244098361397 0.059464949087313285
0 0.6680647261985436 0.7289542258448468 0.029743668369890477 0.056375067027986045
0 0.3088004858830165 0.34982555623033507 0.02922049651490014 0.0559185292490902
0 0.6269247357857675 0.5019504358410477 0.029767119003698633 0.05623964703558419
0 0.8506866861977534 0.13736955387115107 0.02725368760477195 0.052168546090806595
0 0.46781465925816346 0.6547563368409407 0.030523946579545092 0.057114486745558635
0 0.5076351135887163 0.5778793863409942 0.029908772822567535 0.05613322731801159
0 0.5452209235903746 0.05924133309993069 0.028919008490356456 0.05350781508245888
0 0.46756543944990797 0.13016679964605649 0.02961603715477862 0.05430675899812673
0 0.5063467820279607 0.05875785334230567 0.029174723838206202 0.05415749727696913
0 0.3873210668710262 0.731660546699727 0.030253661545564345 0.056937783608465645
0 0.10634347487149748 0.5740485803511772 0.029281486524723514 0.056792851609339716
0 0.5464316433986302 0.27771411776072896 0.02990730377797328 0.05476844362366197
0 0.7786318399295507 0.2795459693636292 0.028331055045026345 0.05358222170018167
0 0.6234600251829051 0.13263090124895674 0.028979744921806643 0.05357671621976629
0 0.629383711484502 0.9593582377721264 0.03018090251035694 0.05644020360086729
0 0.19396072820494575 0.12880025953919647 0.02761566435708635 0.05197783921184678
0 0.349101205691272 0.20227798811566264 0.02936111880920039 0.054648023768674774
0 0.853723406197614 0.2800188772470185 0.027754777605189584 0.05402889933907181
0 0.628295455594023 0.7290552659517069 0.03005173977067644 0.056172986814265996
0 0.060249368998515254 0.9627576254331811 0.02960605733761754 0.06005302781266993
0 0.9687807774403409 0.424818066040114 0.027174230119480464 0.05432221408666316
0 0.6279235218679909 0.6535178461997806 0.030331546839251315 0.05665830760043892
0 0.5839914081126718 0.060493453420510726 0.028660713966401068 0.053991253586418604
0 0.4278270061057067 0.9634917498024667 0.03039525288445893 0.05783650039506679
0 0.26683412250952787 0.5765524852723941 0.030457489885072107 0.05671270860033175
0 0.2698051854685819 0.27574233701270884 0.029438629062836258 0.054462325974582386
0 0.1054204237051595 0.6506045160043117 0.028563588857399468 0.05667668931234439
0 0.9752076861280989 0.718954248366013 0.028140367496482528 0.054084279808230065
0 0.10134535414118803 0.9630248282866076 0.03011600985148314 0.059696572859039024
0 0.11217964628527329 0.27293743485581423 0.028092296167263126 0.05367435479416665
0 0.2658932189752404 0.7303076362722869 0.029599357337135954 0.05706108574566572
0 0.3466106427322179 0.8862098888750801 0.03031730511079735 0.05725790139495978
0 0.9791547673776055 0.9437248485181824 0.02804749499649407 0.05445095289167553
0 0.1865457650265183 0.575287485272394 0.02957400013870794 0.05660767116497222
0 0.774752930168214 0.06497818126603959 0.027139840526723993 0.052588341925051914
0 0.07077453506685737 0.3458766514329493 0.028317937100333503 0.05612422161049787
0 0.9410083409777934 0.9456439302919254 0.028579234099007783 0.056090337278949576
0 0.4681547557238761 0.88569180866136 0.030385199894459227 0.05783838267727965
0 0.6689099611026715 0.9583213273446862 0.029182054232740673 0.05638718488318746
0 0.8136419999500809 0.13659471251684405 0.027462315100139825 0.05208555571597507
0 0.14328976881732558 0.8844907594498045 0.029389489302363386 0.0580836204399069
0 0.8960596720351571 0.49888855882453986 0.02815104931756739 0.0549658181318493
0 0.10179891204177967 0.8842328987893204 0.030797484719596025 0.05845875977942268
0 0.020423877121588857 0.8831547184590783 0.028929400158399964 0.05808412043990704
0 0.7797731863952632 0.3528478770852152 0.02918060364755701 0.055092443692369236
0 0.7856566797654351 0.8012808742075931 0.029277700852618292 0.05553060987505386
0 0.3464951276363457 0.9641239998024668 0.030291009823180764 0.05788851911274678
0 0.5487239202754606 0.88475593834078 0.030601894353206673 0.057987444173320156
0 0.3062386582099208 0.8081949878408335 0.03044362319666935 0.05763818474577288
0 0.22477977385008077 0.8074131763447934 0.03029010325856075 0.05769120346345301
0 0.8582036252481131 0.4995742446655876 0.02819087027075155 0.05512470853162449
0 0.06360033622981076 0.7275880592400068 0.029087481941956164 0.05741574218047049
0 0.7081475479811603 0.8804072164172997 0.029448494612912643 0.05616072759284071
0 0.8224484385889979 0.6491822539557202 0.028542448301365566 0.055262010806239346
0 0.8259198480137643 0.9524438741388856 0.029343220027065863 0.05675709129478827
0 0.10446169973961036 0.7282742774830515 0.028451268390864294 0.057006457345591365
0 0.22596418289301679 0.6527974357723405 0.029587897782516314 0.05683412845531912
0 0.4681282104362594 0.9632894195887467 0.030536844223353586 0.058240160822506895
0 0.1884350209169974 0.4236195348068012 0.029462548741238645 0.055987930386397516
0 0.18579234458445465 0.6515983341694402 0.029295568679347274 0.05645672738671893
0 0.2285369701207322 0.4241031644518675 0.029205629826497503 0.05614686882165003
0 0.508651 0.885199 0.03043899999999994 0.05755899999999998
0 0.708546026994809 0.9563753059555061 0.029835982831954443 0.056536746379227815
0 0.5072313580800677 0.4266279759822615 0.029510731613526003 0.05594240632571691
0 0.58776991989363 0.5775891456998341 0.030485160212740108 0.056765227318011445
0 0.26516906496545606 0.9636730503806182 0.03040313326297276 0.057390780696489674
0 0.9017377599897837 0.8717494116085989 0.028656275308049168 0.05541569550048204
0 0.4276667561057067 0.5777780962341342 0.030279487788586662 0.05633480753173157
0 0.4681282104362594 0.7316471670203071 0.03074157912748129 0.058527665959385904
0 0.9400776764226262 0.8704130317488225 0.028355784221695168 0.05557205877300938
0 0.5480513330151412 0.6541632258792006 0.030280394353206567 0.056736585676958676
0 0.06777001486071184 0.4967883537073167 0.028852483747083636 0.056391292585366716
0 0.3065589082099208 0.6538472258792004 0.030265183580158377 0.057721227386718706
0 0.26846101094794306 0.4248577754479614 0.02920709887109176 0.056443609531517384
0 0.5478567838398645 0.5781040026027933 0.03071023561916446 0.05658245984160955
0 0.30806978155246384 0.4248577754479614 0.029806436895072348 0.05603944910407736
0 0.5473218632068856 0.5024425066959279 0.030254599065589867 0.056011307463024296
0 0.7478854813253617 0.9556286361692261 0.030101423212126933 0.05666004851642818
0 0.8591000438782727 0.5735435440969339 0.028755298106304453 0.05514059095125219
0 0.7870405472174992 0.9538849449937659 0.02979335181134097 0.05600178915758806
0 0.1517311898114093 0.2738863059816839 0.028446697577970217 0.05468123638542194
0 0.30718651056611246 0.5772728956998341 0.030087243963647283 0.057345208600331814
0 0.2675235163629254 0.5005052005343001 0.029584193646461723 0.05577413898672942
0 0.1835821508893684 0.8852873982339201 0.030607758604752115 0.058646203532160136
0 0.8645816805255135 0.9501336760613758 0.029277091290270018 0.05617829941416938
0 0.30590691741531395 0.9641111201230467 0.030394346319838915 0.057458599326466686
0 0.1449539918137469 0.7283899475283073 0.02888203943300946 0.056792367105860976
0 0.023803679676746792 0.6492860477612672 0.029145418209674628 0.05760319546819185
0 0.10366968043941313 0.806411463136186 0.028446716321962533 0.05827107372762818
0 0.18332628704038292 0.9633699300600381 0.03071023561916439 0.05840118176508977
0 0.306405607031825 0.7308388461654269 0.03036805103222222 0.05691102424962566
0 0.3061427395797611 0.8857930987682201 0.030456520840477775 0.05763680246355974
0 0.22458037022212712 0.9635720102737582 0.02968656109852561 0.057997021337649814
0 0.06949419883704663 0.42088710370731663 0.02823931490448628 0.055589674537420565
0 0.38747486804912196 0.5012300254136077 0.02994705918937256 0.05681962831790457
0 0.4284546084618983 0.2032264881156626 0.02878416893905347 0.05412006120403427
1 0.22671685631678837 0.6511879544728435 0.006373242825321161 0.015496267235926587
1 0.3850462793101048 0.8792150252246628 0.006234558620209539 0.01776005044932547
1 0.7538773406688998 0.956966694976589 0.003775476625415952 0.010583587815977673
1 0.8299198340147594 0.429301818209145 0.004013258604752129 0.01954199470852961
1 0.8621832647833957 0.42030500137010385 0.008072589950280207 0.012477681885327553
1 0.24328815302191453 0.12674492152449876 0.003477319185611821 0.004903186580958965
0 0.10749759692406279 0.4968775333850033 0.029784603165291003 0.057015082270981995
1 0.9837519561270309 0.5693516303201972 0.004922242499384804 0.016683625296776014
1 0.9033604257018656 0.6538570442931756 0.012209732685079107 0.02587969048125302
1 0.8895297589055345 0.7243055641026839 0.004739038458602836 0.011633690784847009
1 0.9374179724796664 0.5156993421703389 0.011768291533679542 0.026316816354903152
1 0.8250008022437827 0.2695167461377505 0.0041632753655878735 0.010880686537161769
