0 0.3763093134780414 0.8401428150765606 0.03801741544674404 0.07729681978798582
0 0.07895318021201413 0.254588731841382 0.03801741544674407 0.07729681978798587
0 0.922198384654215 0.641839664310954 0.0372286723876829 0.07637661955241468
0 0.029712977788995457 0.15998691578327442 0.03734114992428068 0.07336016843345113
0 0.3274861181221605 0.8409096486062033 0.039437152953054014 0.07637661955241458
0 0.4755262440686522 0.45308841970946206 0.03863451741544672 0.07615622693364749
0 0.37583606764260474 0.45089811542991753 0.03959490156486619 0.07791028661169999
0 0.178501555906108 0.7431056232822928 0.038035418727915195 0.07830488614055753
0 0.2766267512619888 0.4517785358264624 0.03930852523977783 0.07660379328621905
0 0.3277807735991923 0.9380693482528465 0.03844897778899541 0.07745396937573625
0 0.5749148157496214 0.7430616902237926 0.03896390711761737 0.07760355319984293
0 0.3267930277637557 0.45120228582646243 0.03931296113074205 0.07606476010993314
0 0.6239887214790509 0.45144850265017666 0.03930757925290261 0.07839759422850424
0 0.4255754717314487 0.16043419895956026 0.04063857597173143 0.07548166843345111
0 0.9217531610297828 0.2557138612092658 0.037284716809692094 0.07463934393404004
0 0.2271845907370015 0.45161298606203376 0.03949033240787482 0.07627269375736172
0 0.4758491197627461 0.74366360669415 0.03864927435638573 0.07819391931684351
0 0.1778615598182736 0.3528967903415783 0.037701918223119635 0.07699008637612875
0 0.42573846617869765 0.45181150265017656 0.03938707874810713 0.07789666058107568
0 0.4252486558556285 0.2549489547506871 0.03983585335689043 0.0796437080879466
0 0.7733275648662291 0.7418549230467215 0.03920939525492183 0.07825735296427173
0 0.3267762493690055 0.5485927071063996 0.039594901564866246 0.07760355319984293
0 0.17851980174154466 0.5487907152532391 0.03870290484603733 0.07554570219866501
0 0.525410151817264 0.2564533777974087 0.0387052102473499 0.0779587775814684
0 0.4254480060575467 0.353663623871221 0.04038364462392729 0.07791028661169999
0 0.5747973095658757 0.937571214958775 0.03967538642099941 0.07768463643502166
0 0.6240979770318023 0.548542481841382 0.03921059313478047 0.07688963584609354
0 0.32669077915194344 0.3540659233411857 0.040054955577990874 0.0768744850804869
0 0.17841367995961632 0.9375306733411857 0.0381751640585563 0.07821702002355715
0 0.6745093750630994 0.9379519483706321 0.0397052720848057 0.07660570278759336
0 0.12848624432104996 0.6450603651354535 0.03959490156486622 0.07668335296427169
0 0.3269320249873801 0.1592542653121319 0.03927545835436647 0.07434873478602277
0 0.22752184490156485 0.549069998429525 0.0389028518425038 0.0761042685512368
0 0.029684584048460368 0.25555926109148014 0.03823085411408379 0.07555707734589713
0 0.4756909389197375 0.5484393404004712 0.038332912670368556 0.07729681978798582
0 0.7724803245835435 0.4504446525323909 0.03909240080767284 0.07823029446407531
0 0.9222760381120646 0.5454560481939537 0.03738397930338207 0.07439756949352185
0 0.4756120646138314 0.9379907734589713 0.03849066128218073 0.07791028661169995
0 0.7728864405603231 0.3531894233411857 0.03864264386673416 0.07818881919905764
0 0.12928227662796565 0.937162731546918 0.03897848561332659 0.07809460325873571
0 0.574953682483594 0.25622614438555164 0.03904164058556288 0.07750431075775423
0 0.8719554517920242 0.1590412740478995 0.03896390711761737 0.07699008637612878
0 0.1779404341241797 0.6449069984295249 0.0381751640585563 0.07699008637612881
0 0.22771012115093386 0.6447536317235963 0.0389639071176174 0.07606988614055746
0 0.42610272034326097 0.7422584064585785 0.04011558707723373 0.07845085296427169
0 0.7234700314235234 0.7430778566941499 0.03950694825845541 0.0764089524931292
0 0.5745085623422513 0.4519312526501767 0.03878239475012616 0.07752269375736162
0 0.029693832660272586 0.5472968983117392 0.03793385411408379 0.07501193561052212
0 0.9700103187783946 0.8365618187082842 0.036625887430590504 0.07504256164114655
0 0.17798030729429581 0.4513894860620338 0.037939413175164076 0.0758256937573616
0 0.12829027523977787 0.45088065253239096 0.038571968955073185 0.07358109305064772
0 0.029374835436648157 0.7415111564585787 0.03824235133770824 0.07695635296427175
0 0.7229864085058052 0.4519341027679622 0.03980169131751643 0.0769149271692186
0 0.27692037140333164 0.5494502650176678 0.0389492738515901 0.07686480172752258
0 0.1289383981574962 0.7434242565763644 0.03923722034326096 0.07894215272870062
0 0.5250081559818274 0.3547262071063997 0.039163207470974216 0.07696811896348649
0 0.52540852612317 0.937555231546918 0.038701958859162035 0.07765266961130754
0 0.9694890701665827 0.25516451109148014 0.03684537910146385 0.07599451099332552
0 0.22720571365471978 0.35226773969375735 0.03795509212518926 0.0775723855516294
0 0.22684250378596668 0.25581566548881035 0.03943715295305404 0.07729681978798585
0 0.1291612724634023 0.5491699486650962 0.039367471731448764 0.07507723537495092
0 0.7729954391721353 0.25555577767962306 0.038229646643109606 0.07677704416961131
0 0.07974192327107521 0.7421414899882214 0.03864840989399293 0.07760355319984293
0 0.47542224545684003 0.1608375822536317 0.0390575146390713 0.07444803455045153
0 0.8719554517920242 0.2552021986650962 0.03927940434124184 0.07606988614055754
0 0.7731259464916708 0.1595013741656851 0.03880615850580509 0.07545641931684334
0 0.17843080451792023 0.840127635649784 0.038209413175164054 0.07665299411071845
0 0.7235859057294295 0.3540849736945426 0.03973869687026773 0.07691258578720066
0 0.9215190367238768 0.35206254004711424 0.03744746264512863 0.0771619862583431
0 0.5749541824835942 0.3539658901648998 0.038727143361938436 0.07851481919905767
0 0.5250789059818274 0.45136003582646245 0.03962020469459862 0.07638026010993328
0 0.6732710752145381 0.7424482234000785 0.03975265017667847 0.07760355319984293
0 0.3767073084300858 0.9377400147232038 0.037866913679959625 0.07618183549273697
0 0.22803083657243817 0.8403005189438555 0.03928984073700154 0.0769987606988614
0 0.1783570503533569 0.06245486965056929 0.03774640762241293 0.07767279387514724
0 0.7728208218071682 0.5468342981939537 0.03851140636042416 0.07715406949352181
0 0.12893139538112064 0.06157751953278366 0.03859222034326098 0.07714502728700431
0 0.07926867743563855 0.8384557813113466 0.039279404341241796 0.07760355319984304
0 0.969960579883897 0.546707481841382 0.03684190686521934 0.07383310266980755
0 0.47527762392730943 0.06186140282685512 0.03876827158001019 0.07893972752257557
0 0.27738612140333163 0.6450472939733018 0.038618784957092395 0.07727067746368288
0 0.22676362948006054 0.06196014919513152 0.038963907117617345 0.07668335296427169
0 0.42580984326097926 0.6451635107970161 0.03984533013629477 0.0768896442873968
0 0.7239087869762745 0.6446793940910875 0.040384459363957605 0.07776181134668252
0 0.5744128123422514 0.06151878612092659 0.0392218891973751 0.0782544941107185
0 0.47576981322564366 0.6446002650176678 0.03880615850580509 0.07699008637612881
0 0.32685277637556787 0.7438261232822929 0.040063452801615385 0.07851895249312917
0 0.12847377523977788 0.3537291401648998 0.037992477284199896 0.0768143855516293
0 0.07870413137304391 0.4513302526501768 0.038465809439676917 0.07570722693364769
0 0.029578206966178692 0.8397664857675696 0.03801809994952044 0.0759306943462897
0 0.6235763485613327 0.2560906941499803 0.03974482231196359 0.07846034393404006
0 0.8219809767794043 0.061202719179426775 0.039343074204947065 0.08068969434628975
0 0.3757308098182736 0.3540493729878288 0.03906888869257956 0.0780683180212014
0 0.6244490985613326 0.3544744736945426 0.039281841746592605 0.0776915857872007
0 0.3763093134780414 0.6453670985473106 0.03801741544674404 0.07484295249312911
0 0.2282622412922766 0.9379907734589711 0.03912165572942956 0.07668335296427169
0 0.2278632081019687 0.15973698213584608 0.03832358934881372 0.07531416843345111
0 0.07934755174154466 0.35259005692972123 0.03754416961130742 0.07699008637612875
0 0.27789562279151947 0.8400936356497839 0.03837579883897025 0.07658499411071841
0 0.7237279140585563 0.5476377650176678 0.039707216304896674 0.07692060266980762
0 0.9212406582534072 0.061515136238712194 0.038152694598687524 0.07702026069886138
0 0.5749051866481575 0.6451809942088732 0.03989114058556303 0.07692461111111114
0 0.27691224432105 0.15994469895956026 0.03861752246340236 0.07572960208087948
0 0.52569724886421 0.5482859736945426 0.038648409893992916 0.07699008637612871
0 0.3268081562342251 0.6452228775029446 0.039658715295305416 0.07700837769925407
0 0.6238315957849571 0.6450062773851589 0.039308825088339154 0.07657517746368271
0 0.7733976836193841 0.9365677315469177 0.038087643866734106 0.07751807008244979
0 0.37611605704189804 0.1603310822536317 0.03889289146895507 0.07588890184530818
0 0.8718475060575467 0.5459905481939538 0.040010004543160095 0.0766935031409502
0 0.9692320771075215 0.35249012298782884 0.036962387430590736 0.07494981802120144
0 0.673688502145381 0.3537620068708284 0.03964101236749116 0.07749358578720066
0 0.12879377246340232 0.8400063856497839 0.03957896340232205 0.0776374277581468
0 0.9216225325593135 0.15996543237141733 0.03796995153962663 0.07270373478602278
0 0.7239872539121656 0.8393759815469178 0.03927940434124184 0.07699008637612881
0 0.7234197841998989 0.25574992756183745 0.03940645381120648 0.07839227758146837
0 0.030112956966178692 0.9362138980172752 0.03814110827864715 0.07681040302316451
0 0.47521769308430084 0.839989448370632 0.03801741544674404 0.07453621908127209
0 0.277860868626956 0.9373712813113467 0.037990793286219064 0.0778982359638791
0 0.6242613443967693 0.7427588395170789 0.03985282508833927 0.07883825225755793
0 0.3763918084300858 0.744184840106007 0.03881339979808181 0.07862291931684338
0 0.7231196365471984 0.1590412740478995 0.03849066128218073 0.07453621908127207
0 0.8226174684502776 0.35169558981154303 0.039354068652196005 0.07765501943462899
0 0.9219724054770316 0.45030311935610523 0.03772320570418981 0.0748798939929329
0 0.5249880302877333 0.06136165282685513 0.0397539505300353 0.07855369434628975
0 0.8720795005047954 0.35277914016489986 0.039212004543159956 0.07552785237534351
0 0.673256634780414 0.451402635944248 0.03972376930843018 0.07585199352179019
0 0.8223527240030287 0.45067050265017666 0.03850908253407366 0.07561466058107585
0 0.8220344781675921 0.15900861542991754 0.03818808808682488 0.07508436866902236
0 0.7230694098939929 0.06182695259128386 0.03902120242301866 0.07948429387514723
0 0.4258778418727915 0.06186613623871221 0.03966583013629484 0.07772226069886141
0 0.47559037115093383 0.2562119945033372 0.039078268803634485 0.07747601099332543
0 0.7723783190307925 0.060918585885355314 0.039519384149419474 0.07889449411071849
0 0.6738880007571934 0.8395113690616411 0.039093517920242245 0.0772608614055753
0 0.2771724915446744 0.25655574450333724 0.037876028016153536 0.07693657734589715
0 0.07868299457344775 0.5484347650176679 0.03905453028773347 0.07728766902237932
0 0.5251451287228671 0.839682714958775 0.039437152953054014 0.07576315272870035
0 0.8225801362948006 0.25581566548881035 0.0380174154467441 0.07545641931684334
0 0.5251451287228671 0.7430616902237926 0.039121655729429654 0.07637661955241458
0 0.17761968576476525 0.1599025153121319 0.0384801590106007 0.07503176796230858
0 0.37612305704189797 0.2559932776796231 0.03953788591620391 0.07949244464075379
0 0.029341241797072183 0.3535102571652925 0.03691317516405855 0.07576315272870039
0 0.6239254700908631 0.061583302709069476 0.039181076476527056 0.0783835272870043
0 0.12861039954568398 0.15977724872398902 0.03889672034326095 0.07416776796230858
0 0.3265469048460374 0.2562918777974087 0.039451709742554235 0.07824924440518255
0 0.7732048207975769 0.8386091480172752 0.0380174154467441 0.07606988614055746
0 0.9225465311711256 0.739977822928936 0.03760946819787989 0.07757048684727132
0 0.8721747574457344 0.7418823732822928 0.03940251842503772 0.07769878661170004
0 0.27743524293286215 0.35317265675304277 0.03903252523977793 0.0775418191990577
0 0.5745454422009085 0.5476187650176679 0.03917165169106513 0.07872300314095021
0 0.3270727749873801 0.06086755270906949 0.03924146113074199 0.07756549411071847
0 0.5253028773346794 0.6450603651354534 0.03849066128218073 0.07545641931684334
0 0.27800361723876826 0.7430636398704359 0.03827629050984354 0.07822091931684344
0 0.475344626703685 0.3545238901648999 0.03858677990913679 0.0777904187279152
0 0.0796630489651691 0.9363037396937572 0.03849066128218071 0.07576315272870045
0 0.9696009458606765 0.06127928612092656 0.037384627713276226 0.07777549411071848
0 0.8225594753912165 0.7414159064585787 0.039238082534073924 0.0786062534354143
0 0.6737443210499748 0.5478258735767569 0.040068147400302935 0.07729681978798592
0 0.9218040131246845 0.9349234393404006 0.03770191822311974 0.07852375343541418
0 0.0795656147147905 0.15942636542991753 0.03829579278142353 0.07346600137416567
0 0.3758360676426048 0.5482859736945426 0.03833291267036851 0.07514968590498622
0 0.9697471930843008 0.44918616912053394 0.03673063048965162 0.07448639399293291
0 0.4261718432609793 0.9379602315469179 0.039307341241797085 0.07784920278759323
0 0.6246415916203938 0.9376543814291322 0.039666827864714906 0.07723750255202194
0 0.5254926545936395 0.16133501590106006 0.03950121024734981 0.07298903455045153
0 0.12856511862695608 0.2552021986650962 0.0381751640585563 0.07668335296427169
0 0.7239354057294296 0.9371278482528466 0.03949120519939423 0.07741136984687892
0 0.9697648201665824 0.15899858225363173 0.037396879101463706 0.07445083549273655
0 0.9702893187783946 0.9340150644876325 0.03781488187783931 0.07732047055359241
0 0.8719554517920242 0.06119331566548881 0.03959490156486619 0.07821702002355713
0 0.6737873736749116 0.15969936542991753 0.03826126930843015 0.07401200137416568
0 0.17778493576476526 0.2555476609736945 0.037864167339727396 0.07614734393404005
0 0.9697556944724884 0.7387332393992933 0.0376941249369003 0.07753518708284247
0 0.27693749570923776 0.06119178612092658 0.03993001413427564 0.07882742775814683
0 0.6736878736749116 0.06211691941499803 0.03963975542655232 0.07822382705143305
0 0.07980623624432105 0.06159300294464075 0.037830544169611305 0.07656252728700431
0 0.6242112569409389 0.839682714958775 0.038490661282180635 0.07576315272870035
0 0.6738813750630994 0.2566747279151943 0.03908026653205445 0.0771745441696113
0 0.8716075074457345 0.45029226923831955 0.04047649899040897 0.07485819375736158
0 0.5750674297072185 0.1613988991951315 0.03832264336193845 0.07188986749116605
0 0.8229314670620899 0.5473033817235964 0.03872007698132254 0.07747876972909307
0 0.8225580927561836 0.9361047481350607 0.038288825593134845 0.07781903690616411
0 0.7728889558303886 0.6444471938555162 0.039594166077738586 0.07791087769925396
0 0.575030808177688 0.8399749691794267 0.03951138919737502 0.07634766117000384
0 0.9222570297829378 0.8378993021201413 0.03734596264512859 0.07710406164114639
0 0.03024020280161534 0.45108113594424815 0.03744910827864715 0.07520899352179031
0 0.4263708377082281 0.8405671356497839 0.039389832912670335 0.0763050604632901
0 0.37627918134780414 0.06109631929721241 0.03858814563351847 0.07924996093443266
0 0.2283412094901565 0.7435257234000786 0.038017603230691574 0.07730468590498625
0 0.4260663446491671 0.5486592318413819 0.03972733846542157 0.07712313584609345
0 0.030428701413427562 0.06033010247349822 0.03719511105502271 0.07649059363957594
0 0.02987645557799091 0.6443992442088731 0.03766810550227157 0.07597457793482516
0 0.872037378975265 0.9356937813113466 0.040074253154972234 0.0769971032587359
0 0.9703327041898031 0.6416268271495877 0.03695516102978311 0.07533747840596788
0 0.6733896292276628 0.6444063271495877 0.03998975820292786 0.07660221063996865
0 0.8224855996971226 0.6435673271495878 0.038459336698637256 0.07615114428739704
0 0.6244478798586572 0.16134177463682764 0.038332912670368556 0.07177561837455829
0 0.8722561275870772 0.8386905023557125 0.04019625315497218 0.07684606164114645
0 0.07898962720848056 0.6447037607970161 0.03840580666330137 0.07658361111111103
0 0.8723117657748611 0.6428280771495878 0.03904554063604247 0.07651304475853947
0 0.8222646390711761 0.8387625147232036 0.03864840989399301 0.07576315272870045
1 0.676537629984856 0.16225048861405575 0.0057712821807167 0.014132709462112276
1 0.5277544067390207 0.5476347211425205 0.00487735512367483 0.012651641342756054
1 0.2727473498233215 0.9396778072241854 0.0034704694598687524 0.0131895367098548
1 0.07882351060070672 0.44270069100903026 0.005780540636042389 0.011487114252061194
1 0.47630713023725396 0.35610017981939535 0.0077592882382635 0.006782757754220695
1 0.4745592684250379 0.25548670121711814 0.0033675812720848136 0.0067925967805260905
1 0.4864823469207471 0.04619617353749508 0.0025527216052497336 0.011283546132705151
1 0.7188930696617869 0.9523636734393403 0.0030896809692075675 0.014810344522968439
1 0.8220713601716305 0.2638344512171181 0.007485245330640972 0.0060472341970945935
1 0.7275864009338718 0.26320615145268944 0.0058948407370013655 0.009144234197094647
1 0.6709610306663302 0.947180472614841 0.003042602978293729 0.013520876521397834
1 0.7270715321807169 0.5508467217314487 0.0037696060070670358 0.015429642520612456
1 0.8235121046188792 0.46457289360031406 0.007127734225138888 0.008231519434628964
1 0.6250994791771832 0.16686623920298385 0.004218002776375585 0.015330144287396985
1 0.6799412334679454 0.361353580879466 0.005905014134275583 0.012839559874361977
1 0.9726248292529025 0.17425144061641143 0.003892189045936334 0.00792134334511189
1 0.7262659134275619 0.8414661421279936 0.002856865724381663 0.01330348331370226
1 0.5287452810449268 0.25660695062819 0.004788589853609234 0.014367567137809227
1 0.7266704050984352 0.15788713790734193 0.008042329631499204 0.011817008048684746
1 0.13026403293791014 0.2545667338044758 0.0041741047450782375 0.014153733019238402
1 0.9201919298334174 0.9455409056733413 0.0033819151943463664 0.015573076756968814
1 0.918872808303887 0.746736513054574 0.008228638818778425 0.006453357872006293
1 0.9743380667592126 0.9488245893207694 0.0061446640585560075 0.012686510404397486
1 0.08042862241292277 0.15833937131919906 0.00793376981322564 0.010912541224970552
1 0.773892198222045 0.652621300777869 0.008688192591524313 0.009727831061753357
1 0.9208484298334174 0.4656651441892422 0.005539384654215138 0.017702887907341903
1 0.07495364740030287 0.3475550619356104 0.007525819787985861 0.005468988810365172
1 0.32767328962645126 0.0623276924813506 0.00435811534578495 0.016441984491558682
1 0.9694512174406863 0.7504882642324302 0.004244965421504381 0.01796732705143306
1 0.37437257862190815 0.7375310118767177 0.009079173902069623 0.00707382234000785
1 0.8234851046188792 0.061307258833922254 0.007497231448763232 0.010507783078131149
1 0.9708062118879354 0.6497377678641538 0.0040589543160018185 0.01702426796230859
1 0.5818282922766279 0.17125293943855516 0.008415601211509381 0.009624077934825287
1 0.8703416463907118 0.6570106351590106 0.0081178177688035 0.011067068904593549
1 0.8762330012619889 0.1647764222614841 0.006431019182231117 0.013375109933254784
1 0.529257898409894 0.1594207380251276 0.008180316254416908 0.008749807813113481
1 0.9215009270570419 0.17174973979191205 0.004865384654214973 0.011084344522968198
1 0.22596848107016657 0.049459240478994894 0.00931997879858655 0.007824746368276403
1 0.8215124900302878 0.6605522192775815 0.0038705272589600625 0.01748017078916369
1 0.3250278035083291 0.3507362627601099 0.003654640333165052 0.01321632410679236
1 0.7731954538112065 0.4556285594817432 0.004277946491670852 0.014464318021201331
1 0.8200533740535083 0.746388780231645 0.004580278647147752 0.017577759521005078
1 0.4224372419232711 0.8390347416568511 0.008861003281171164 0.008350815076560695
1 0.5265079122917719 0.847190859540636 0.006108355123674869 0.012896451315272825
1 0.37493894737506306 0.5529778384373772 0.010470414184755177 0.008713541813898532
1 0.7758133142352347 0.8425169922457794 0.0075606506814739505 0.010588316254416892
1 0.3745043341746592 0.2571713173341186 0.005345193336698679 0.011398433254809603
1 0.38319791544674403 0.062199809187279145 0.006887864209994936 0.016084284255987426
1 0.7760168114588593 0.17248392285041225 0.009046639575971632 0.007162111111111091
1 0.7765240656234225 0.25868236768747543 0.0036151701161029693 0.015737934432665874
1 0.9229380388692577 0.6554101849234393 0.00924759717314499 0.009973701609736985
1 0.12327342945482077 0.7428019798782881 0.010583378344270575 0.019843625638005433
1 0.7256796648157495 0.06239527601099332 0.0037138657243815485 0.016920284255987437
1 0.8733412582029277 0.7523402974087161 0.007482046945986857 0.011809393404004689
1 0.8238017275365976 0.9466818890851983 0.00686398561332656 0.015744977228111325
1 0.2785796304896517 0.15394105437769925 0.00568778596668348 0.01664184098939926
1 0.8228813587834427 0.8544680941303494 0.0042877619888943945 0.018586387318413874
1 0.029498097299343766 0.16217567167255595 0.007889216809692063 0.00876114193168435
1 0.37949867794043407 0.6447449171574401 0.0067144058556284645 0.014740632901452777
1 0.3254051708732963 0.653159484687868 0.0076323639575972225 0.012021234786022756
1 0.5710037165572943 0.939437938260699 0.006402460878344333 0.017350075579112376
1 0.5253325449268047 0.9382252048488416 0.004988620393740563 0.016708208284256107
1 0.3743966987632509 0.9438718884962701 0.009977425290257408 0.010936042402826689
1 0.8739993838970217 0.5552349557322339 0.005219303886925733 0.01585517687475462
1 0.7759253086824835 0.35416934628975266 0.009860639575971674 0.01003095798979197
1 0.3203929444724886 0.8393534922457793 0.006614413932357418 0.01998265037298768
1 0.8280282108783442 0.16030375520219867 0.005351957849570965 0.014958842167255588
1 0.32695554240282687 0.25978443462897527 0.0042161236749115915 0.016601134668237143
1 0.5244205463149925 0.4534217259521005 0.006181623170116117 0.015810650961916077
1 0.9230474048460373 0.36204234746760894 0.011237345784957142 0.012075493521790331
1 0.4788061274608783 0.15786570484884174 0.0040232826855122385 0.01615414193168433
1 0.12982790724381624 0.15093720367098548 0.007254836698637084 0.009766739104829206
1 0.9215821742806664 0.5597025730270906 0.005649381877839435 0.017962345111896302
1 0.7767331843765773 0.06626395965842168 0.006351904846037318 0.013477184727129948
1 0.2834312353609288 0.058475709069493516 0.00450300126198892 0.02169208402041618
1 0.575019198510853 0.3571524469964664 0.005943430338212912 0.015107159403219444
1 0.824312093513377 0.3649590642913231 0.009944717566885381 0.00869592716921873
1 0.33062839172135283 0.1568891876717707 0.011067800100959094 0.008291707106399654
1 0.7266321550984352 0.6609182690420101 0.007803332407874665 0.01245380349430716
1 0.030698343134780412 0.7374405788182175 0.008012702927814232 0.012775889870435837
1 0.1324076405855628 0.05272040812720847 0.009667303382130246 0.01847948213584609
1 0.027839724381625443 0.6459864669218688 0.010259470974255426 0.008576732430310268
1 0.7287126412165573 0.463273160188457 0.010898796314992458 0.008377118963486375
1 0.7251701578748108 0.3536139629956812 0.010411829631499156 0.011755191401649007
1 0.6741697626198889 0.7441149798782881 0.005459061332660297 0.015990691990577233
1 0.4259999822059566 0.742936779642717 0.005521489399293244 0.015893225166862892
1 0.22467036786976274 0.4499074255987436 0.005921757950530017 0.017318050255202066
1 0.27480389298334174 0.7392844958775029 0.007560310954063607 0.01583619081272087
1 0.6257841020949015 0.26201903474676086 0.005372734729934337 0.015199268551236766
1 0.6232077375063099 0.750335813996859 0.006108502776375754 0.015204893404004573
1 0.23156108038869253 0.24927931615626223 0.009808177435638601 0.009391897722811127
1 0.9214611701161028 0.2598332675696898 0.009046362443210398 0.012209201020808802
1 0.5241614192327108 0.6551950184530819 0.00827736345280162 0.015925235963879243
1 0.629557079883897 0.06451839271692186 0.009184679202422988 0.013900984491558717
1 0.22573826350328116 0.9289421378091873 0.005363452801615359 0.020551138594424735
1 0.7719592051993942 0.7508694472909304 0.008012432609793051 0.011683759521005161
1 0.17939069068652197 0.2613796348645465 0.005933409136799586 0.016478068315665485
1 0.5751940686521958 0.6557538182175108 0.009064159515396243 0.009899901845308237
1 0.971547445229682 0.8448559093050647 0.011725907117617241 0.013885550844130358
1 0.472685142730944 0.8538883269532782 0.00963981044926803 0.009930452493129256
1 0.27895425063099444 0.4529851258343148 0.007462523472993406 0.012389583431488166
1 0.9720850723119635 0.5604205060855909 0.010019658505805345 0.011005277581468359
1 0.4729734399293286 0.7548368951707891 0.009551120141342802 0.022630209658421663
1 0.6782483716557294 0.06778272683549272 0.006451262746087747 0.019028185904986263
1 0.12564191834931854 0.5493629545543777 0.01152535058051488 0.00858170769532782
1 0.7721794548207975 0.9392177071063995 0.0072564361433619644 0.015336670592854299
1 0.1740155872034326 0.15296157096584215 0.006272207723372044 0.017987340989399258
1 0.5745015714285714 0.2638466348645465 0.007609678950025207 0.00970366784452296
1 0.4779839906612821 0.6516453010404397 0.010084517415446673 0.010141867491165968
1 0.125786796819788 0.9326443203769139 0.009658107521453805 0.010692906164114606
1 0.025042119510348303 0.3351233942873969 0.0057587695608278654 0.0162225871613663
1 0.42642247248864207 0.05903249224577934 0.00972446441191315 0.016897716725559477
1 0.4236732405350833 0.5618844900863761 0.005127017163048921 0.01789277875932477
1 0.8726651297324584 0.3627026975853946 0.012304773346794511 0.010754793286219063
1 0.22388348939929326 0.7420614129367884 0.009703995456839972 0.015190091283863418
1 0.8732496394497727 0.945468472614841 0.004825809439676882 0.02062567746368277
1 0.12535629404341242 0.45103120877502945 0.01115010752145381 0.012616616607773837
1 0.7230612905098436 0.7441916463486454 0.009266111559818312 0.012156558107577393
1 0.2762518832660273 0.8453034928347075 0.009081291519434587 0.01667118472712994
1 0.03425107925290258 0.8352654081272084 0.00627068349318526 0.01650294895956033
1 0.23347495330641088 0.14695282037691398 0.00440294548207975 0.021416306635257138
1 0.9711912021706207 0.36138586405575185 0.008652426552246238 0.014001927169218664
1 0.2800018707723372 0.2441923825088339 0.008206758202927844 0.016498430899096996
1 0.37968617794043413 0.3579700637023949 0.00633940585562845 0.012858459167648235
1 0.3296086528268551 0.45007384265802897 0.008059322311963614 0.023733351197487294
1 0.5269075282685513 0.35752748017275227 0.01098807319535585 0.01190322575579107
1 0.6250022194598687 0.9422721384962701 0.01166895835436636 0.012295141931684324
1 0.578078929076224 0.06326877601099332 0.009919880363452803 0.014559817432273253
1 0.5750910755931348 0.5653552738515901 0.004222190055527619 0.020153213584609198
1 0.4272576023472993 0.4549086430113859 0.003952740787481039 0.017131084609344427
1 0.4184281928319031 0.9468860424028267 0.007414184755174194 0.019017471535139465
1 0.07726613768298837 0.8357933915390655 0.008579789247854627 0.015446982135846178
1 0.47750236774356386 0.4582728930113859 0.01010127158001006 0.009789117785630136
1 0.12823316696113074 0.3516296632312525 0.004449870015143884 0.020018058696505598
1 0.27907899785461887 0.35837048017275225 0.008790515143866681 0.010217225755791067
1 0.6795486521958606 0.64993281527287 0.007822695608278606 0.019560369454259922
1 0.6758268813730438 0.26121538486454654 0.004353304391721378 0.017420035139379692
1 0.3787883105754669 0.15909915508441302 0.007819643361938385 0.017981509226541008
1 0.8761488727915194 0.26643613545347467 0.007545767794043355 0.01434013584609343
1 0.027480358404846035 0.9336719880251275 0.005930247349823322 0.026428108755398385
1 0.17746132609793033 0.5495449551433058 0.004744182735991918 0.019260109344326634
1 0.6282258284957093 0.5535636553788772 0.011531684755174203 0.011836175696898345
1 0.5744504540636042 0.8513624940125638 0.005187935890964163 0.022343720259128317
1 0.030799093134780416 0.054617491656851196 0.0065492140333165095 0.017752649195131517
1 0.42684183985360924 0.645612933745583 0.012040701918223106 0.01177766607773842
1 0.131357527385159 0.8368353417746368 0.00640407698132258 0.01765734943070275
1 0.3277407826855124 0.544852104436592 0.00895558758202927 0.018216874754613123
1 0.47635537746087836 0.9410593049666273 0.008924782685512257 0.013493875343541479
1 0.5283908984098938 0.06654554318806438 0.008967824583543659 0.017821752257557912
1 0.3762808161282181 0.8409000088339222 0.010310654467440625 0.014435749901845164
1 0.42674134818273596 0.34671111228896745 0.008455718576476505 0.013291556340793055
1 0.02802247021706209 0.5426990540832352 0.012417957092377589 0.013934439929328609
1 0.32748452990913673 0.9421913553199843 0.010414584805653705 0.017364442873969408
1 0.17569431915699144 0.8363233749509226 0.013326152195860657 0.014387015312132058
1 0.2762792589601211 0.6404442163329407 0.00871104290762241 0.011072698076168052
1 0.623056111812216 0.4585503936003141 0.006096256940938868 0.020276519434628996
1 0.17572045456839977 0.44185175795053006 0.0072794341241797 0.016865781311346563
1 0.1746900802624937 0.9359514708480565 0.009655679959616364 0.012053673930113954
1 0.6275895923775872 0.35812876393796617 0.007125206966178662 0.01806226010993322
1 0.3750369445986875 0.4437626412446014 0.01185190585562848 0.011817081075775466
1 0.6265293479303382 0.6470917678641539 0.005144231953558785 0.022316267962308543
1 0.07961374810701667 0.05697154201020808 0.009563518425037857 0.017952283078131136
1 0.0793307536597678 0.5358279036120925 0.006659037859666838 0.0227690062819002
1 0.6752797542907621 0.8544185277777776 0.007656039121655819 0.023593254613270588
1 0.07650807672892478 0.7386140557518649 0.008202927814235242 0.01779053788771101
1 0.4721446968702675 0.5518183360816646 0.011048606259464983 0.019027327836670552
1 0.42805085815244825 0.15750760698861405 0.010569156991418437 0.01318953670985475
1 0.07816443715295306 0.9338498723989007 0.012462140333165067 0.01687033765213977
1 0.22435773662291772 0.839836325775422 0.010017489904088833 0.02147085060855907
1 0.5794993047703181 0.4535462431291715 0.005186145633518382 0.02476361896348658
1 0.18121217264008077 0.05876714212799372 0.012070859162039378 0.014361082842559873
1 0.9735455577990912 0.2610301334903808 0.007414184755174144 0.018404004711425188
1 0.1778321205199394 0.7431289775225755 0.012718758960121156 0.014551044954848909
1 0.9243451645633517 0.06553717707106399 0.005802351337708395 0.024746219081272083
1 0.1777275622160525 0.6427529835100118 0.012414638313982833 0.013203298782881845
1 0.7734835683997981 0.5542284557322339 0.010011661786976182 0.015414309579897829
1 0.2735306415951539 0.5466332880840203 0.010106813730439156 0.017108374754613267
1 0.42729484679454816 0.2548793510993326 0.006402229681978813 0.025184368080094176
1 0.574199074204947 0.7438664301138593 0.008214673397274096 0.01955512563800542
1 0.9741391841241794 0.06717644307027873 0.011905882130237444 0.013492618374558321
1 0.026874859793033817 0.24973625039261874 0.006510250126198889 0.02442816666666668
1 0.1275272940434124 0.6455343176285827 0.004915124179707218 0.022363834314880055
1 0.22815551438667336 0.5458226014919513 0.008304971226653203 0.026666797016097296
1 0.17844043374558305 0.35079189664310956 0.010988895254921742 0.02169359187279148
1 0.22681790118626954 0.3522287106399686 0.010993197627460864 0.017374578720062858
1 0.07862575504795559 0.2522870507459756 0.007438040636042396 0.024234300549666254
1 0.22821409843513374 0.6402085000981547 0.007668219081272122 0.018292265606595925
1 0.6771359162039373 0.4485976148409894 0.00457470974255431 0.01073566941499794
1 0.8744005552751135 0.45565248331370234 0.005678950025239869 0.004601001177856408
1 0.824315371024735 0.5522735080486847 0.003628218071681033 0.010122202591283762
1 0.7635116546618647 0.6752353719265483 0.004939475790316144 0.005835667600373462
