0 0.2766120066703724 0.4508552204928664 0.03943162868260148 0.07768590575010807
0 0.12774458032240127 0.7413329550367488 0.04012645914396886 0.07903696498054479
0 0.4729884658143413 0.7415018374405533 0.03960533629794339 0.07802367055771725
0 0.3756414360755975 0.4515616041936879 0.039811221234018944 0.07774761392131434
0 0.1776273643690939 0.7415452362732382 0.03983644080044473 0.07811046822308694
0 0.32776889938854914 0.06377675097276263 0.04064758198999441 0.08106355382619974
0 0.47518679071706504 0.06427826664504971 0.04018041856586996 0.07936446670990059
0 0.47439602167871037 0.3552566487246001 0.040335956642579315 0.07901470255079987
0 0.5731531920511395 0.4522401338089062 0.0391287854363535 0.07842914353653253
0 0.37479747846025563 0.8401255593385214 0.040555212618121214 0.08139411478599227
0 0.3767544469149527 0.06428339818417637 0.038563090605892164 0.07937472978815391
0 0.8202763489438577 0.9385553100951145 0.04074030211228461 0.07897237980977086
0 0.9694448304613674 0.16003972114137482 0.03960533629794318 0.0783614353653264
0 0.7709545751806558 0.7445899427150887 0.0400678496386881 0.07812011456982275
0 0.4252150212618121 0.4520750310203199 0.04029246609227352 0.07809893795936003
0 0.2276264591439688 0.44984192607003887 0.04012645914396885 0.07701037613488967
0 0.5227701302112284 0.7427373982922612 0.040502739577543016 0.07846820341547782
0 0.5248551068649249 0.06425386943363595 0.03876663396331291 0.08066673151750973
0 0.6221926543913285 0.2587253840250756 0.04027886075597544 0.07982917271941203
0 0.17899419483046133 0.45125739861651537 0.039095949416342486 0.07713920276696928
0 0.5237110894941635 0.5496514267185473 0.039605336297943286 0.07937472978815387
0 0.8206595565591996 0.7444459427150886 0.04081188688160091 0.07783211456982266
0 0.3760725779599777 0.35521239872460003 0.03928384408004451 0.07892620255079984
0 0.47255419677598665 0.839622514051016 0.03943162868260148 0.07903696498054479
0 0.5726097832128961 0.9374054258538693 0.040473874374652545 0.07869920017293551
0 0.13026334074485818 0.3532411910938176 0.03995275152862701 0.07836143536532637
0 0.42499133699277375 0.35503298670557715 0.040539928015564185 0.07856737851275403
0 0.770932721372985 0.9384321924989191 0.040371557254029966 0.07805061500216147
0 0.6718041548082268 0.6484640900345872 0.039793690383546375 0.0777188199308258
0 0.6224174043913284 0.06442107501080846 0.0407283607559754 0.07897455382619975
0 0.4250557712618121 0.5487705012970168 0.04032138132295725 0.07828840856031129
0 0.37616477084491384 0.2581367664288802 0.03912081461923295 0.07865193752702117
0 0.4729884658143413 0.9363921314310418 0.03960533629794339 0.07599708171206229
0 0.423655503057254 0.839622514051016 0.041689827682045585 0.07768590575010807
0 0.5731997958588104 0.5499471633160397 0.03956940828237896 0.07929067336792044
0 0.8208841179822123 0.5492411485084305 0.040218764035575255 0.07922970298313882
0 0.5238847971095053 0.45237516212710766 0.039605336297943286 0.07802367055771721
0 0.2760040300166759 0.741670719844358 0.04099499722067818 0.07836143536532643
0 0.8202136413285158 0.648280501188932 0.040614886881600906 0.07937823108517082
0 0.37559162034463583 0.5489293985084305 0.039016759310728184 0.07860620298313876
0 0.9694178373070331 0.5494253485396451 0.039898765219958374 0.07824704381513116
0 0.7709838799332962 0.4532195741461305 0.03943162868260148 0.07701037613488972
0 0.5722720268204559 0.8408161629917855 0.039450946359088385 0.0793976740164288
0 0.42424712506948303 0.7431177806960657 0.04009374986103396 0.07855343860786866
0 0.9196775986659255 0.355098897535668 0.040473874374652545 0.07802367055771725
0 0.1295620101445247 0.4497723393860787 0.040634581712062315 0.07957332122784273
0 0.17778321817676485 0.8388599861651533 0.039800733185102896 0.07886296843925637
0 0.22701418051695385 0.8386643685689581 0.039596732351306355 0.07914726286208386
0 0.17977001111728733 0.16054636835278857 0.03891050583657589 0.07937472978815391
0 0.523819106864925 0.6470555456117595 0.040168786270150136 0.07895490877648075
0 0.9695680811561979 0.9378320749027236 0.03985183768760407 0.07617485019455254
0 0.6709282934963868 0.8402980436662343 0.04012645914396892 0.07701037613488972
0 0.3258581156197887 0.6457455144833549 0.03995275152862701 0.07836143536532643
0 0.07988813229571977 0.44950416126242976 0.038910505836575876 0.07903696498054469
0 0.2778830771261812 0.3557684422827497 0.03954186297943311 0.07936276005188064
0 0.969311373540856 0.2568864423908344 0.04003325291828799 0.08087999675745793
0 0.6221599467759866 0.9374141480760916 0.04056086075597552 0.07939217423259848
0 0.9194242269316286 0.06320411943363596 0.040314546136742686 0.07924276113272809
0 0.22753194955530845 0.6451910011889321 0.04028485519733186 0.07927899762213582
0 0.27823393093385207 0.06416910462602679 0.03954874013340748 0.08117273151750974
0 0.9689155621178432 0.0630198546260268 0.03958904530294619 0.08022529074794639
0 0.6714494163424124 0.5498203091223519 0.04047387437465265 0.07836143536532643
0 0.5728703806281268 0.6469277956117595 0.04030023874374647 0.07869940877648081
0 0.8699972206781545 0.06411451578037179 0.04082128960533627 0.08038802421098142
0 0.5724360755975542 0.25849816255944663 0.040126459143968826 0.08005025940337226
0 0.326303006114508 0.4504918959143968 0.04045263146192326 0.07976361413748373
0 0.4742044191217343 0.4518685149156939 0.03960533629794339 0.07768590575010798
0 0.7708101723179545 0.3559433095546909 0.040126459143968826 0.07971249459576309
0 0.9696185380767093 0.7440350734976221 0.040300166759310634 0.07836143536532643
0 0.032031684269038296 0.06191904453091222 0.04012645914396888 0.07937472978815392
0 0.9200212883546414 0.9389500897103329 0.040466423290716994 0.07705982057933426
0 0.9697922456920512 0.3547611327280588 0.040300166759310634 0.0766726113272806
0 0.18020428015564197 0.06310122135754428 0.040126459143968875 0.07971249459576309
0 0.7210620747637577 0.35570228112840463 0.04068585047248468 0.07923043774319063
0 0.17985686492495825 0.25697822092520534 0.0380419677598666 0.07971249459576311
0 0.12977840202890492 0.5469063976437527 0.04037253501945531 0.07928890856031125
0 0.7212166481378544 0.9384187202766969 0.04099499722067818 0.08005025940337221
0 0.6214908853529739 0.8413570157803717 0.04026498360200118 0.0791283203631646
0 0.6717968315730962 0.3561121919584954 0.04082128960533627 0.07869920017293555
0 0.6713898243468595 0.7446710751188932 0.040702105614230225 0.07828237937743192
0 0.37510422456920506 0.6459143968871596 0.03908421345191775 0.07802367055771725
0 0.6709424705391884 0.9383883100951146 0.04119705892162305 0.07863837980977095
0 0.22721519955530847 0.7415277362732381 0.040693600889383015 0.0794265274535235
0 0.5224951361867705 0.9367298962386511 0.040647581989994463 0.0773481409424988
0 0.2266710672595886 0.9348721897968006 0.04030016675931074 0.07903696498054479
0 0.27697315758754865 0.5481203244703848 0.039111684824902834 0.07969017336792057
0 0.6215953307392995 0.35628107436230005 0.040473874374652545 0.07633484651967141
0 0.524058504724847 0.3557744271508863 0.04030016675931074 0.07802367055771725
0 0.9199050383546414 0.744277398292261 0.040233923290717094 0.07884608495460445
0 0.5239716509171762 0.258329280155642 0.03943162868260148 0.07903696498054476
0 0.13112967106725956 0.06237932501080847 0.04064316648137864 0.08029529074794642
0 0.08016252445803221 0.35301622189796794 0.04015412062256815 0.07926255620406393
0 0.22814758198999438 0.3547611327280588 0.040126459143968875 0.07937472978815391
0 0.5735038996664814 0.06433475183744054 0.03983020066703722 0.08082849632511892
0 0.3265529460811562 0.35493001513186334 0.03891050583657589 0.07633484651967141
0 0.6218558921623124 0.5496514267185473 0.04030016675931074 0.07937472978815387
0 0.02916550861589766 0.5462737786424557 0.04030016675931073 0.07937472978815396
0 0.9194891511305265 0.6472292830483664 0.04009697930385485 0.07930238364969423
0 0.6217198005836576 0.6475192511889319 0.04037539883268489 0.07853126070038909
0 0.6219010505836575 0.4536941930393428 0.03934823790994995 0.07728408430609592
0 0.4253767479155086 0.2577226192174665 0.04026850416898279 0.08052576156506701
0 0.03066773165647579 0.25547772200605273 0.04156753668704843 0.07806255598789451
0 0.27591717620900497 0.8391158668396022 0.0383893829905503 0.0773481409424989
0 0.8204036964980546 0.35577442715088625 0.04030016675931074 0.07937472978815391
0 0.5726214844357976 0.7435581630998703 0.03945503112840457 0.07875867380025948
0 0.5241623144802668 0.16186631095979245 0.04016037103946632 0.07661037808041508
0 0.8209058679822123 0.06346461943363596 0.04026226403557536 0.07976376113272808
0 0.8203795565591995 0.25862176642888024 0.04025188688160079 0.0802974671422395
0 0.030700439271817637 0.4494597217898833 0.040590706225680985 0.07894808603545171
0 0.17872776542523616 0.5472870730652831 0.039605336297943314 0.08005025940337221
0 0.8702212031684269 0.35551189872460004 0.03987959366314615 0.07952520255079983
0 0.8208171603668706 0.45359578102031994 0.03973743357420797 0.0777627898832685
0 0.47456508310172313 0.5494727809122352 0.0396318337965536 0.07901743817552967
0 0.5228171302112284 0.8402720305879808 0.04059673957754301 0.07898493882403802
0 0.7710707337409672 0.646927691309987 0.039952751528627116 0.07937472978815396
0 0.9696935198560057 0.6479544566450137 0.04104679074935608 0.079190379403444
0 0.7709838799332962 0.25849816255944663 0.03943162868260148 0.08005025940337226
0 0.8702577821011673 0.1618974275832252 0.040647581989994463 0.07869920017293558
0 0.32590345469705384 0.5480833096627756 0.04073826014452477 0.08096720298313877
0 0.5733347534741523 0.3552708987246001 0.03914449305169541 0.07904320255079986
0 0.08108664730405778 0.15914086932555122 0.03957045969983329 0.07723926134889757
0 0.2775673985547526 0.2571471033290099 0.038910505836575834 0.08072578901859062
0 0.12817257156753753 0.8395241481841763 0.04028761117287392 0.07884023324686554
0 0.13069760978321285 0.15987083873757024 0.03977904391328516 0.07734814094249892
0 0.4246915636464702 0.646707413207955 0.04063521178432466 0.07825864396887164
0 0.7216072399944413 0.4529984717898832 0.04003910478043358 0.07859476026805007
0 0.7218242399944413 0.646916913207955 0.04082052001111722 0.07935317358408994
0 0.32545372804335737 0.7432225455036747 0.04122846775986661 0.0774119089926502
0 0.7713502827959977 0.06442051664504969 0.04016443440800432 0.07964896670990057
0 0.6217690383546415 0.7440350734976221 0.04047387437465265 0.07768590575010807
0 0.32733463035019456 0.1612218979680069 0.03977904391328515 0.07802367055771725
0 0.7212166481378544 0.7443728383052313 0.04030016675931074 0.07768590575010807
0 0.08168827015008334 0.061015442607003874 0.0397314596998333 0.07959411478599224
0 0.4253842479155086 0.16206879615218328 0.04028350416898283 0.07836640769563341
0 0.8203168426903835 0.16155966277561606 0.04012645914396892 0.07734814094249892
0 0.8700163917454141 0.9381840452875053 0.04051221650917154 0.07958090942498922
0 0.4739599178710394 0.646854428015564 0.039811164257921104 0.07787714396887156
0 0.4743921488326849 0.25807335440985735 0.039633380489160784 0.07987617271941207
0 0.8705871607837686 0.2581574571984436 0.039916678432462355 0.08071990791180293
0 0.02925323596442465 0.740795971465629 0.04047562145636471 0.07931405706874194
0 0.721650917176209 0.25883592736705574 0.0397790439132852 0.07937472978815394
0 0.771246721372985 0.1620487961521833 0.03995731156197877 0.07832640769563338
0 0.17733810450250131 0.9341966601815824 0.039605336297943286 0.07836143536532643
0 0.12847413299055027 0.9344534860570687 0.04019590355753203 0.07617296865542557
0 0.5732177598665925 0.16257295719844356 0.03925792106725956 0.07869920017293558
0 0.42582684824902717 0.06411451578037179 0.040126459143968875 0.07903696498054474
0 0.9197789345469707 0.5494947809122352 0.04032913090605896 0.0790614381755297
0 0.42399904460811555 0.9359477952875053 0.04063983463035023 0.0764594686554258
0 0.32586812423568645 0.8406056777993947 0.041362429683157384 0.07762564440121049
0 0.4745355831017231 0.1616479137483787 0.039572833796553755 0.07820017250324257
0 0.7709838799332962 0.5501580739299611 0.0397790439132852 0.07768590575010817
0 0.9694875811561979 0.4520702662127108 0.039690837687604126 0.07944046757457841
0 0.9201083921623123 0.45211578102031996 0.04029321567537504 0.07818043795936012
0 0.02875974027237351 0.6431030003242542 0.04053087576431357 0.07848064396887149
0 0.07960017065036128 0.546430839277994 0.040071658699277445 0.07901332144401212
0 0.6727522234574763 0.06428339818417637 0.04030016675931074 0.07734814094249892
0 0.9199681421623124 0.8418317953955902 0.04001271567537513 0.08075340920881974
0 0.13054710964424676 0.25732611921746645 0.04086770455808788 0.07905723194984872
0 0.2287555586436909 0.16054636835278854 0.03925792106725959 0.07734814094249892
0 0.02925236242356859 0.9328456009511458 0.0408212896053363 0.0743082576740163
0 0.7207909095330739 0.549807780912235 0.04153318093385211 0.07968743817552958
0 0.32544358185102834 0.9353503684608733 0.04120817537520856 0.07864226307825342
0 0.870181495553085 0.6472434280155641 0.04049500889382987 0.07865514396887165
0 0.671883685380767 0.16172854517942065 0.03995275152862701 0.07701037613488974
0 0.6711569705391884 0.452742619001297 0.04093122846025565 0.0780830546908776
0 0.3746764784602556 0.9363611628837007 0.04031321261812119 0.07661067423259836
0 0.9199860383546414 0.25736236921746647 0.04039592329071695 0.07980526156506701
0 0.6222130081989994 0.16222531095979245 0.04066698360200119 0.07732837808041505
0 0.030815730961645298 0.15835089710332897 0.04116870483602002 0.07633484651967141
0 0.870329349360756 0.549462266104626 0.040443301278488115 0.08034746779074799
0 0.9198857883546415 0.1611129137483787 0.040195423290717056 0.07713017250324257
0 0.17817282198443576 0.6455605159965413 0.04023252556976103 0.07866696800691741
0 0.6724537776542524 0.2590294720060527 0.04039810561423016 0.07976181906614783
0 0.870241995553085 0.8411579129917854 0.04061600889382991 0.08008117401642886
0 0.376298162729294 0.16087695730652832 0.039735013618677026 0.07868484846519674
0 0.129379798221234 0.6449305159965413 0.040617573096164615 0.07875802723735416
0 0.3748363936909394 0.7425605306960656 0.03993821261812123 0.07743893860786866
0 0.030207754307948798 0.3529034262862084 0.04030016675931074 0.07836143536532637
0 0.7705040137576432 0.8407555305879809 0.04020897248471371 0.07995193882403809
0 0.08049610894941628 0.25545827929096415 0.040126459143968875 0.0780236705577173
0 0.07867217898832679 0.9343655425853868 0.03995275152862701 0.07667261132728065
0 0.17864091161756526 0.3532411910938176 0.039084213451917725 0.07971249459576309
0 0.2276264591439688 0.258329280155642 0.03977904391328518 0.08038802421098144
0 0.7220276552251251 0.16108353047989624 0.04053252001111736 0.07774693558149592
0 0.8703874531684269 0.7448569427150886 0.04021209366314612 0.07865411456982269
0 0.2788702056698165 0.1612218979680069 0.038041967759866575 0.07599708171206224
0 0.2756640200111173 0.935608500864678 0.03996756197887724 0.07780746865542593
0 0.2765892233185102 0.6469650159965413 0.039038646748193476 0.07742279031560755
0 0.02925125500277929 0.8384527361651535 0.04116648999444141 0.07939952766969297
0 0.07867217898832679 0.644056690445309 0.03925792106725959 0.07836143536532643
0 0.8201431350750417 0.8418179853004756 0.04116870483602 0.07869920017293561
0 0.9693088121178431 0.8414562657803718 0.04002813007226251 0.08000234997838311
0 0.7215439899944414 0.0637915166450497 0.04026002001111714 0.07839096670990059
0 0.326726653696498 0.2564715737137916 0.04099499722067818 0.07937472978815391
0 0.07884071303501942 0.7411019862732382 0.039247573929961165 0.07857502745352364
0 0.22892926625903276 0.06293233895373972 0.039605336297943314 0.07869920017293558
0 0.22848457240133402 0.5471979568741894 0.04010560950528073 0.07987202702118464
0 0.8702714531684269 0.45256379582792905 0.03998009366314617 0.0777254083441417
0 0.07856954780433571 0.838362618568958 0.04009490439132859 0.07854376286208382
0 0.7214138861867704 0.8416363102031993 0.040347227626459106 0.07901137959360129
1 0.17618106698165645 0.05483918471681797 0.005440812117843181 0.023279369433635955
1 0.3221034073096164 0.25202122892347595 0.006119755697609718 0.006536335927367107
1 0.8097206781545304 0.5484692498919153 0.008164257921067274 0.013510592304366575
1 0.17721029363535296 0.5376603897535668 0.005119434963868739 0.014186894509295259
1 0.3211396425792107 0.833061095871163 0.004920548082267828 0.018527073281452644
1 0.024447546692606972 0.7274523886727194 0.005961771539744239 0.014926070038910468
1 0.9245554546970538 0.4541353767833982 0.009525833240689353 0.013705575875486214
1 0.2820822391606448 0.1468287273022049 0.0038246823235130226 0.008858217682663186
1 0.2744438221234019 0.8317250218331171 0.0045100767092828824 0.015794984435797608
1 0.13160294983324064 0.1505198161478599 0.007048408282379067 0.00890686575875484
1 0.3749959648415786 0.7402109931906615 0.009423023068371299 0.01035027907479444
1 0.4250149886047804 0.35125564083441413 0.005618994441356304 0.014779574362300114
1 0.8239180195942191 0.1608744502810203 0.006520547804335816 0.013867722870730655
1 0.6738880183435242 0.06530173000432338 0.004329299610895073 0.012487223086900126
1 0.9199323638132296 0.2637633482490272 0.00522282101167296 0.016153048421962867
1 0.07478741995553082 0.633606123973195 0.009159178988326794 0.008066070255079733
1 0.6215727912729294 0.15858271508862948 0.006472260700389195 0.019126722870730632
1 0.8697434248193441 0.34463022881539124 0.00485028210116738 0.022626161478599242
1 0.523433682323513 0.3567461565067012 0.0050712123401890855 0.0152825464764376
1 0.22381802932184544 0.05370083106355382 0.005706075875486327 0.012721014051015993
1 0.32853097915508617 0.34263769833549507 0.0061189755419677385 0.015802748594898386
1 0.9657101167315175 0.15463548421962814 0.012680655919955288 0.02296800691742325
1 0.07337067426347967 0.33674838824038045 0.005739196220122241 0.010693128404669256
1 0.4731625123679821 0.6457040525291828 0.007295041967759934 0.008864808906182414
1 0.17437825555864364 0.632787800799827 0.006961943579766481 0.015782483138780674
1 0.6717082069205114 0.8411168319282316 0.008688922456920522 0.007144308473843372
1 0.7254370949138411 0.7381800811716385 0.010319528904947056 0.011034455036748762
1 0.08101723179544185 0.2524183960224816 0.00781684269038355 0.021279182879377443
1 0.8200562812673707 0.44849086683960226 0.010422456920511435 0.008781884997838248
1 0.6222102065036131 0.7422097884781669 0.006934506392440198 0.019863280804150462
1 0.7760292648693718 0.1402746088413316 0.005369207893274007 0.011833510376134842
1 0.8625761435519733 0.9348925348032857 0.007218712896053399 0.016928930393428528
1 0.9147269316286826 0.835569336359706 0.011117287381878782 0.018914829226113206
1 0.6248978631183991 0.4502145675529614 0.004338515008338005 0.015467427799394695
1 0.024296961923290682 0.9220289468223086 0.008694847693162809 0.008798245568525646
1 0.8710054014730406 0.6405363173367921 0.00649531156197887 0.023253456982274063
1 0.7725458539466369 0.5475224942715089 0.004692894663702114 0.022159399697362678
1 0.42228497206781546 0.8369657256809339 0.00907105586436917 0.020356548638132348
1 0.875057789049472 0.15815584749243408 0.006381086714841493 0.022007046908776428
1 0.77304605725403 0.8442358911586684 0.011335623123957816 0.009012545395590167
1 0.32118610019455246 0.14836262537829656 0.004480217620900514 0.0213276026805015
1 0.4248028424124513 0.05867784673584089 0.00847519344080041 0.01627757501080847
1 0.026987703307392967 0.8314088598140943 0.012346160922734795 0.010347541936878417
1 0.9170780548916064 0.06260047654561175 0.010260890216787187 0.0226420469087765
1 0.9787763850750418 0.6262406527237354 0.00878269399666485 0.012664068525724164
1 0.4734095547526403 0.2555744937310852 0.008538033351862241 0.008211691309987026
1 0.8724459352418009 0.262189245460441 0.010909963868816012 0.020652313229571975
1 0.7248589296831573 0.16733334835711194 0.009391367982212172 0.014460519022913971
1 0.9166475757365203 0.6478742145482058 0.009360490550305859 0.009253192174664903
1 0.07506968899388546 0.44040746303501943 0.009984301834352356 0.014815748378728935
1 0.12540387798777095 0.6326893304150454 0.00832926459143964 0.020032601599654143
1 0.12199827848804888 0.728371433095547 0.010624065591995472 0.018492218115002085
1 0.0776912461089494 0.7303706534803285 0.010299831295163894 0.012467188499783788
1 0.1290251218732629 0.2483164606571552 0.011072756253474201 0.019155078685689553
1 0.7245396839911062 0.25250825853869435 0.004471215675375057 0.02042392823173368
1 0.8204036964980546 0.8411424556852571 0.012854363535297404 0.011146238651102536
1 0.028362495692051116 0.6383735812797232 0.008554330461367363 0.01812151448335491
1 0.3273941063090606 0.43360287332468656 0.0066556450806003345 0.007483509727626409
1 0.12617527237354081 0.44870271130566364 0.009889455252918313 0.02068957738867268
1 0.0299950104224569 0.33519744747081714 0.009458283768760357 0.019874776480760893
1 0.77541330725403 0.2570428769995677 0.006253707893274094 0.020812105923043698
1 0.9675183261534187 0.841109612408128 0.006284915230683907 0.02539804712494595
1 0.7152718050305725 0.8437534800043234 0.007373288215675343 0.019434782317336738
1 0.5239688665925515 0.155223331820147 0.00886465703168428 0.013685956333765655
1 0.3270710006948304 0.9333690783614352 0.0076369986103391645 0.021312843277129307
1 0.2771436863535297 0.5392812277345439 0.011964711784324525 0.012971807392996106
1 0.07569035422456917 0.5347957277345439 0.008395556142301227 0.021942807392996144
1 0.9700296332684827 0.5456515535019455 0.006820944691495104 0.03130551815823601
1 0.37514892676486933 0.25575084738434933 0.0046007012229015995 0.022045105923043685
1 0.8743362042801556 0.06374606798530047 0.009908747637576454 0.015598547124945942
1 0.12145038910505834 0.5441450204280155 0.01259922178988333 0.01229295914396881
1 0.569279981934408 0.15281131441850407 0.010190036131184042 0.012564371162991817
1 0.330015390077821 0.5379997129269347 0.010098458310172325 0.008104011240812762
1 0.7751528627015009 0.6450699848681366 0.008859088382434623 0.016888240380458244
1 0.3697335373818788 0.9331237107652397 0.007497925236242356 0.020146578469519838
1 0.8238331234018899 0.2543974945957631 0.007037755419677743 0.023400752269779446
1 0.07771097276264588 0.15321103739731948 0.011650038910505778 0.013657367488110639
1 0.22125182601445242 0.7358354931906614 0.006669499722067787 0.020452338305231223
1 0.27015041370205667 0.9278771219195848 0.011222172595886702 0.017759756160830007
1 0.8668769930516954 0.5545128897535668 0.011304013896609177 0.010736220492866365
1 0.9175795757365204 0.7493741273238219 0.006801660088938124 0.017018606571552
1 0.22142907420789323 0.9297712691309987 0.00862385158421353 0.01952146173800252
1 0.3740409881878821 0.1546970382619974 0.00959590022234573 0.02487148767833977
1 0.26956891120066706 0.6354700516645049 0.010090915786547987 0.021901984868136597
1 0.027921332962757055 0.25051471152183313 0.013145334074485888 0.01206757695633377
1 0.7125250169538633 0.08101102702118458 0.009740127292940517 0.021600405966277558
1 0.9176799610894941 0.15835089710332897 0.010075041689827608 0.011484003458711638
1 0.42297328098943854 0.9388696114353653 0.011092070594774787 0.012946574794638996
1 0.673314225958866 0.7442349208819715 0.005824299610894964 0.019190664072632774
1 0.1770751075597554 0.15626975605274532 0.01267578488048921 0.013401487894509307
1 0.965030436770428 0.3576163159316904 0.012016126459143907 0.011452368136619108
1 0.9676302604224568 0.25188540575010804 0.010577444691495583 0.023020693039342868
1 0.3733054102279043 0.3398969161262429 0.012557179544191246 0.012492167747514049
1 0.9664918010005558 0.9394320146995245 0.00868538076709281 0.02668341980112407
1 0.5239627013618677 0.054263052313013385 0.005750250416898289 0.020378456549935142
1 0.5293058579766537 0.44331459630350195 0.004444148415786588 0.020485485300475472
1 0.22428703182323512 0.5429736963899697 0.013644936353529806 0.016705607220060474
1 0.27621377362423566 0.7368242693471682 0.00875745275152866 0.021381461305663565
1 0.6748286368816009 0.5475557146562906 0.010091197609783263 0.018039781236489243
1 0.9170687815453029 0.5561455361003026 0.007810436909394167 0.023458927799394794
1 0.9115133407448583 0.9335211305663639 0.013375486381323043 0.016888240380458244
1 0.22661054405225123 0.14243038932122778 0.007069351028349047 0.023059130566364053
1 0.12370388229571982 0.9288649781668827 0.005823197053918782 0.020796308257674114
1 0.0241753771539744 0.4419631546692607 0.010327678154530236 0.017784131647211352
1 0.5740058271261812 0.5412845047557284 0.01095634574763754 0.019406990488542972
1 0.07632712618121172 0.052123865110246415 0.011985825458588093 0.018577064418504114
1 0.17414487840466922 0.2454438892131431 0.011250265425236198 0.010909130350194573
1 0.1271135622568093 0.8337548606787721 0.007689217898832621 0.019166132511889304
1 0.02618872665369647 0.5345784777345438 0.010817377153974373 0.021701777777777684
1 0.4696111057531963 0.4527616860138348 0.005017643968871559 0.02253272395157794
1 0.3764697130350194 0.05794729971897966 0.009505573929961132 0.01806440056204065
1 0.029599777654252302 0.05448821876351057 0.013722901612006675 0.017901534803285785
1 0.6784535711506393 0.2614724806528318 0.005273235686492532 0.020734783614353682
1 0.7225253326848249 0.4516088593817553 0.010955334630350068 0.01299128123648933
1 0.4735767009449694 0.34724025843060957 0.005771834352418027 0.02416139840034587
1 0.17502204363535293 0.3437003159316904 0.011580426347971086 0.011650924556852595
1 0.8706904585881045 0.844675788370082 0.01337867148415788 0.011510399048854363
1 0.8231667886325736 0.7429178468439256 0.009760085881044996 0.014393986381322893
1 0.1265801427181767 0.34364103718115 0.011535378821567502 0.02190242628620837
1 0.7739839749861034 0.9409124764375268 0.009648050027793228 0.02288904712494598
1 0.8171032518065592 0.07019428231733678 0.00938021122846026 0.016888240380458282
1 0.6763594439966647 0.14983372816688278 0.011198566147860082 0.01635880825767402
1 0.47151195108393545 0.9318323065283182 0.007469427459699927 0.02161694768698672
1 0.8674313892440244 0.7458218006917424 0.012760221511951032 0.013706398616515396
1 0.37313769830461363 0.4437951372676178 0.008747603390772695 0.017629725464764302
1 0.2760126482768204 0.34816934641158664 0.010057805169538624 0.0196011039775184
1 0.17307767509727623 0.9309787873973193 0.006436367426347925 0.022648456333765863
1 0.423905804335742 0.16215293633808903 0.005752871595330688 0.02279475421530478
1 0.7269652392996109 0.9353436523994811 0.010107521400778146 0.018506695201037437
1 0.2738106127015008 0.25096793190661476 0.009509774596998406 0.015676136186770377
1 0.5744002632017788 0.4439848907263294 0.006320374096720371 0.025224662991785607
1 0.9198055013896609 0.35056011121919584 0.014856757087270925 0.013468515131863472
1 0.6193216095052807 0.3531946974708171 0.011954780989438517 0.013417605058365693
1 0.22777002320733739 0.6345842102248161 0.01227295358532522 0.01618257955036749
1 0.47395650806003337 0.5467797582144401 0.012307939966648007 0.011485338737570256
1 0.2760037141866974 0.05229674556319917 0.00825584531390362 0.018395899701801523
1 0.2758474216231239 0.4394464926502377 0.007608936631461915 0.02011533722438383
1 0.82395612340189 0.3570444953523562 0.005402094496942819 0.02549434262862086
1 0.9709756971928848 0.07084794865974922 0.013831605614230113 0.018871102680501527
1 0.9700474637298498 0.7381126987678339 0.011649096998332555 0.00981816061392128
1 0.22265169455252914 0.8285098005836575 0.011860312951639784 0.010741423476005213
1 0.32438160088938295 0.05009727626459142 0.006427181767648702 0.0226302421098141
1 0.5260987394385769 0.732393698767834 0.005994572262367979 0.0232827494595764
1 0.3252501389660922 0.7362664829226112 0.009206503613118398 0.01283506268914822
1 0.5231643475541968 0.25408899459576306 0.008041788493607526 0.0267198707306529
1 0.421894891606448 0.6525781396454821 0.01107021678710396 0.012989720709035799
1 0.8198090497498609 0.6633376849329874 0.012359900500277883 0.01897163013402508
1 0.7254709720678154 0.3554608185257241 0.006777622290161288 0.025284048205793365
1 0.7766767415230684 0.45197320082144393 0.0061587459699833655 0.023434164721141324
1 0.07336477376320175 0.8291229626026805 0.01269930183435236 0.012892747514050956
1 0.6764869371873263 0.6410168071768265 0.012680655919955491 0.011484003458711613
1 0.17395080600333515 0.7271468331171638 0.010943579766536945 0.018914829226113206
1 0.37061432976653697 0.8312207248162559 0.009954340466926073 0.020350550367488018
1 0.18190929544191212 0.446254934284479 0.011702531962201158 0.01190269087764791
1 0.6711888549193996 0.9363921314310418 0.009032795997776535 0.019252594033722578
1 0.47301688521400775 0.05736287635105921 0.01140786381322962 0.01823198616515346
1 0.6238654521956642 0.24562716969303938 0.0060559216231238465 0.024728691309987016
1 0.571507144663702 0.9263528309554689 0.00515830655919964 0.023794013834846695
1 0.6239202783490828 0.5470690526372677 0.015326480544747056 0.015635457198443566
1 0.5717734585881045 0.7517328015564201 0.012745082823790962 0.014044396887159452
1 0.6248501364647027 0.06178289202334629 0.0072132901612005995 0.022227017509727613
1 0.5184356510561423 0.9288082543233894 0.011683697887715283 0.01894649135322071
1 0.7251250694830461 0.545260484219628 0.013375486381322941 0.01182176826632079
1 0.42704280155642016 0.25022292477302205 0.006427181767648702 0.02364353653264158
1 0.8193614508060033 0.9385876026805015 0.011464702612562609 0.019590358841331656
1 0.7711887691773207 0.7383500811716386 0.01261829266259044 0.010018925421530451
1 0.4734542839077266 0.8379180497189797 0.009964432184546925 0.015505900562040745
1 0.41979316245136183 0.4430906398616515 0.011893663979988795 0.01485363164721143
1 0.32411654919399663 0.6420036257025508 0.010084022234574773 0.012888014483354995
1 0.524232212340189 0.6430433960224816 0.00625347415230684 0.02499459576307819
1 0.6233324068927183 0.8374270428015563 0.014417732073374115 0.016550475572849166
1 0.6237067661200667 0.9361783292261133 0.010997467759866656 0.015447341547773557
1 0.17514343982768202 0.8337519190445308 0.011337633963312907 0.01106566039775182
1 0.5745999880489161 0.6478379471465628 0.006586023902167933 0.02107310570687421
1 0.5755929075875487 0.35898515391266755 0.011351184824902662 0.017567692174664952
1 0.7182668836853808 0.6412965786856895 0.011471232629238517 0.01879884262862082
1 0.671161376459144 0.3539987889105058 0.00665584630350194 0.024154929744920048
1 0.07579358087826567 0.9278283597060094 0.012705500833796497 0.012061071335927586
1 0.5705292675097277 0.8366769347168179 0.01163045886603667 0.017375162127107657
1 0.37321791022790435 0.5400999463899697 0.012382179544191223 0.010958107220060458
1 0.7747585597554197 0.3574623011240812 0.012586880489160684 0.012495397751837414
1 0.47563115675375206 0.15682449124513617 0.012233686492495873 0.015862017509727662
1 0.22668750416898276 0.3430631513186338 0.011844991662034536 0.020175697362732354
1 0.4203550583657587 0.7398130134025075 0.005906058921623166 0.027358949416342426
1 0.12953356045025013 0.056156064526588834 0.013131879099499802 0.013130870946822328
1 0.37857010491939963 0.6436593434932987 0.00988479016120069 0.022173313013402505
1 0.42705731475819897 0.542311170233463 0.005008494441356248 0.027177810851707757
1 0.5189842947470817 0.83796061154345 0.007021682879377522 0.020212045395590194
1 0.5751944456642578 0.26332949200172934 0.007080108671484047 0.023511015996541287
1 0.22927668148971644 0.44933527885862506 0.01215953307392993 0.017901534803285823
1 0.526664118954975 0.5491447795071336 0.010075041689827709 0.015537181150021536
1 0.47467438090605896 0.7381118607868569 0.012956685658699334 0.015899603112840367
1 0.03220539188438015 0.15480436662343272 0.004342690383546418 0.010470709035884108
1 0.2826067028454093 0.09411362080766597 0.0075168671164564365 0.017468058407483455
