0 0.37395069939424536 0.5437602146643109 0.04024112619888948 0.07407323655280725
0 0.02798096251892983 0.637589193266588 0.0376630860676426 0.07462381252453879
0 0.07627125429076223 0.7358977222222222 0.03927900530035336 0.07799882096584208
0 0.17622768854114085 0.5432020144287397 0.03979762847046945 0.07602417020023565
0 0.029014456966178694 0.3481253563996859 0.038468086067642605 0.07542228720062821
0 0.8207782309439677 0.8351669182371416 0.040408051993942505 0.07838742893600306
0 0.6225396041140838 0.9341872641342756 0.03956431675921245 0.07766486984687877
0 0.0781906161029783 0.05611578553199842 0.039016265017667855 0.07787742893600313
0 0.8203716557294295 0.153826806046329 0.03927940434124184 0.07883048684727129
0 0.3239534647229033 0.25095996603146553 0.03893052638458211 0.07719274952324864
0 0.27479375681474 0.544460181488025 0.04005949747602224 0.0754731702002356
0 0.6227797298081776 0.641120727031802 0.04099105981827366 0.07739261228896756
0 0.27489527486118126 0.2513363268551237 0.040262533568904656 0.07999401217118181
0 0.7715434488894498 0.44835546888496264 0.041004616102978175 0.07773272811150371
0 0.5726274608783443 0.544451806046329 0.038490661282180635 0.07361601884570075
0 0.5734162039374053 0.9330830388692579 0.0388061585058052 0.07484295249312901
0 0.2749558303886926 0.35059628975265017 0.039437152953054014 0.07422948566941498
0 0.6719302120141342 0.5449119061641146 0.039594901564866294 0.07699008637612871
0 0.5731319435890965 0.252165476737338 0.039499626703685106 0.08042537828818222
0 0.1760135670116103 0.6387989266784452 0.03968488263503284 0.07765674617196695
0 0.6717350118626956 0.25337827709069494 0.039835495709237785 0.07855671122889671
0 0.22522659767794043 0.7377117393992932 0.03872931852599695 0.07855952120141345
0 0.7713907117617365 0.8361552807224184 0.040068147400302935 0.07791028661170005
0 0.5236174101463906 0.8372051688260698 0.03953668803634532 0.07816966234786014
0 0.7218576476527007 0.544451806046329 0.040068147400302935 0.07606988614055746
0 0.0769122487380111 0.5419520304279545 0.03898350807672892 0.07659153631723598
0 0.7714469475012621 0.6402455765606595 0.04112711055022728 0.07748271181782496
0 0.4250477231196365 0.251999760502552 0.03958307874810702 0.07886701217118174
0 0.82076602725896 0.2521348645465253 0.039437152953054014 0.07852375343541422
0 0.2259257205956587 0.25201449391440905 0.038865575466935885 0.07644261170003926
0 0.8701413427561837 0.544451806046329 0.039121655729429654 0.07545641931684334
0 0.9195166582534073 0.8352350804868472 0.039121655729429654 0.07791028661170005
0 0.3746854480060575 0.252296027090695 0.04107962897526503 0.08007301217118182
0 0.7220306668349318 0.8352912683549274 0.04009868854114091 0.07863612917157445
0 0.6230584742554266 0.7372080059874363 0.039971062594649304 0.0769385875539852
0 0.870068891468955 0.8344212849430702 0.04023874204947008 0.0787365628190027
0 0.4241227272841999 0.35053605663525716 0.03994156764260478 0.0765628867294857
0 0.2755079505300353 0.05689904789948959 0.04022589601211511 0.07821702002355713
0 0.3233057799091368 0.834314880251276 0.03896390711761737 0.07791028661170005
0 0.22471289752650175 0.5432248723989006 0.03707092377587074 0.07484295249312921
0 0.5237499198637051 0.2529573440321947 0.038855215800101005 0.07894177875932475
0 0.47324583543664817 0.5449119061641146 0.039121655729429605 0.07576315272870045
0 0.224514481701161 0.8348624851786415 0.0398290643614336 0.07777856281900271
0 0.37466732092377586 0.3510373066352571 0.03978138591620396 0.07633845308205735
0 0.22531722059565873 0.6401686103258736 0.03733307824331147 0.07671531252453868
0 0.4739292523977789 0.7388800895170788 0.03985749520444217 0.0790558209658422
0 0.1750343239525492 0.8339659182371417 0.040565871529530534 0.07966622987828832
0 0.9684976022211004 0.8349283470749901 0.038332912670368556 0.07729681978798592
0 0.9198360450530035 0.7372161226933647 0.03944493210499747 0.07511442049469953
0 0.27456145885916206 0.7376938555162936 0.03896390711761737 0.07668335296427169
0 0.4240282685512367 0.9344633392226147 0.04006814740030288 0.07637661955241468
0 0.27369384149419484 0.8349283470749901 0.039437152953054014 0.07668335296427169
0 0.8212479753912166 0.5445467816058108 0.03913906032306938 0.07503290361209271
0 0.424264891468955 0.4489043482528464 0.04054139323573952 0.07760355319984293
0 0.02830408821302372 0.5406469806635257 0.03704734856133265 0.07582183725952103
0 0.5234714755174154 0.4471548627797408 0.039629487127713296 0.07926212367491169
0 0.12612001514386673 0.2506011974872399 0.03959490156486622 0.07852375343541422
0 0.671902266027259 0.8361282185904986 0.040170004038364376 0.07908309599528864
0 0.47359600795053 0.8359562020023557 0.03982200075719337 0.07812559599528858
0 0.47365312948006055 0.05778920200235572 0.03993624381625444 0.07815692775814685
0 0.22601372337203435 0.35083893992932863 0.0393570782433115 0.07594171967020023
0 0.968466205577991 0.7357425391637219 0.03763912493690071 0.07646152120141349
0 0.8704292616102978 0.2518008937966234 0.040328487884906596 0.0778558119356105
0 0.02836621390711762 0.445910618767177 0.03843358884401817 0.07713729564193168
0 0.7708385916203937 0.15459363957597175 0.04054139323573947 0.07791028661170002
0 0.1769739343765775 0.05740610247349822 0.04002813124684505 0.07616379505300352
0 0.572766322059566 0.35042342334118565 0.03971487531549737 0.07449721967020023
0 0.4741671308682484 0.2513279435610522 0.040333252145381186 0.0812041792304672
0 0.5242256545936396 0.7386889893992933 0.039175690812720834 0.08051402120141353
0 0.7710752145381119 0.3510563898704358 0.039437152953054014 0.07514968590498622
0 0.3750473245835437 0.05735914801727522 0.03833291267036851 0.07791028661170003
0 0.9684159514134275 0.5430342146643109 0.0381696110550225 0.07384817020023554
0 0.32362660424028267 0.4477701127797409 0.03958424734982329 0.07864509049862582
0 0.6225208527258961 0.44844358559089115 0.04015780843008585 0.0779089615233608
0 0.5725791991418475 0.6402284266784452 0.04060261837455822 0.0786753457008245
0 0.37466732370015143 0.1548174815469179 0.039465894245330646 0.07651757008244996
0 0.47296058324761925 0.1545878739103353 0.03823565412774741 0.07851222210414135
0 0.02905346113074205 0.05595830153121318 0.03823059717314487 0.07756246093443266
0 0.37378870217062093 0.8352819851786415 0.04054812619888948 0.07861756281900274
0 0.5241486573700151 0.058123235767569684 0.03902169636547208 0.07821152846486062
0 0.17559982117617365 0.25178292697290927 0.04075037430590613 0.07966027875932467
0 0.7710511961130742 0.057992985767569685 0.040335607773851576 0.07795102846486061
0 0.5232423602228691 0.1542419339721506 0.03937725592375685 0.07789875528042721
0 0.029478082660272582 0.15248519778170397 0.03813334856133265 0.07676073714173538
0 0.4235550227158001 0.8353884471927757 0.04038364462392729 0.07760355319984293
0 0.5729429581019687 0.7384606890459363 0.04006814740030283 0.07821702002355715
0 0.2747326325088339 0.4478408355908912 0.040568243311458876 0.0767034615233608
0 0.12571365926299846 0.6390318935021594 0.038466692579505274 0.07750921299568128
0 0.42376372450782435 0.7387767062230074 0.040485550984351346 0.0782355875539852
0 0.12599553495709237 0.543662647722811 0.039345941191317534 0.07694543678837847
0 0.8701413427561837 0.737540488810365 0.03880615850580509 0.07576315272870045
0 0.6723717563099444 0.7382418395170788 0.0404779901564867 0.07777932096584224
0 0.7212817400222751 0.05700017254971611 0.03986282381032515 0.0771923356765818
0 0.7217297953054013 0.2526576272084805 0.03949694548207989 0.07956927875932468
0 0.6223182735991922 0.5455253729878289 0.03880615850580509 0.07576315272870035
0 0.17510095911155982 0.7367736552807224 0.03912165572942958 0.07791028661170005
0 0.9673728326602725 0.05581858529642717 0.03923834578495737 0.07728302846486061
0 0.7713907117617365 0.7383073223400078 0.04038364462392729 0.07606988614055746
0 0.47312841353763 0.4482113152433498 0.03857131470776888 0.07867135447570629
0 0.9197395436648157 0.543469214664311 0.03988292377587064 0.07655857067137806
0 0.919280035335689 0.3495227228111504 0.039594901564866294 0.07330928543384374
0 0.8696680969207471 0.6386189634864546 0.039437152953054014 0.07606988614055755
0 0.7711500815244825 0.25207176050255203 0.040848875820292715 0.07962447899489593
0 0.12526103773346794 0.833636318119356 0.03945443286219081 0.07839356281900271
0 0.2253438919737506 0.0565923144876325 0.03927940434124178 0.07760355319984294
0 0.6219249036481495 0.057889212565670145 0.0395969047218417 0.07651654841363317
0 0.027877338213023725 0.929820829897919 0.03777133467945482 0.07690707008244975
0 0.2755079505300353 0.15367343934040045 0.04022589601211511 0.07975068708284255
0 0.9682609793033821 0.34890925598743616 0.038175164058556275 0.07392275225755791
0 0.12457230577990913 0.9309095307224184 0.039023460625946485 0.07663060443659218
0 0.572711696365472 0.8362918518845701 0.04055211559818273 0.07879689575971739
0 0.6716225146390712 0.6421472436199449 0.040872490156486765 0.07883217864153903
0 0.5727980706713779 0.44881683559089125 0.04040936698637034 0.07865546152336088
0 0.8207959781675922 0.3504227065174715 0.03949705477031823 0.0744957860227719
0 0.6228908499495205 0.8359159182371416 0.04058230565371029 0.07988542893600305
0 0.3737064613831398 0.9343099725166861 0.04006814740030288 0.07668335296427169
0 0.67201275908632 0.05769978494307027 0.039129001261988955 0.07859156046329013
0 0.32402866178697626 0.5440239646643109 0.038516687531549715 0.07521420337652134
0 0.5241494156991419 0.9351354146054182 0.038707715800100975 0.07710730349430703
0 0.17624731284704695 0.4484571691205339 0.03889038541140837 0.07548226128778943
0 0.8702990913679959 0.44737068119356105 0.03849066128218073 0.07760355319984298
0 0.07653300290257446 0.6384972430310168 0.038856010853104486 0.07766684570082462
0 0.5237253912165573 0.35074965645857864 0.03975265017667847 0.07453621908127205
0 0.8205619795557799 0.7375086724577934 0.03997554921756696 0.07753992049469961
0 0.12549528634528018 0.7360832222222221 0.03960743286219082 0.07836982096584212
0 0.42387051993942454 0.5450652728700431 0.03975265017667842 0.07668335296427169
0 0.820733603861686 0.44726851806046325 0.03905680893488151 0.07985309422850426
0 0.8203267392730944 0.0571107523557126 0.040136063099444744 0.07802696211228898
0 0.6220932325845532 0.15414166460541814 0.04024905981827363 0.0800736707891637
0 0.9687342251388186 0.9315493718099724 0.038175164058556275 0.07852375343541418
0 0.42412552709385776 0.1545878739103353 0.04057816170916943 0.07851222210414135
0 0.523488768298839 0.5442984393404003 0.038648409893992916 0.07453621908127209
0 0.9197647992175668 0.4466293521790341 0.039933434881372826 0.07796129564193159
0 0.27531600126198885 0.640113993619945 0.03858000858152449 0.0766060791126816
0 0.3233844173397274 0.6405113769140165 0.03943667920242301 0.07740084570082453
0 0.17581082786471477 0.3504429230467216 0.038963907117617345 0.07330928543384374
0 0.1258045179202423 0.3495227228111504 0.03896390711761737 0.07576315272870045
0 0.4731992662796567 0.6403388769140165 0.039028517415446724 0.07889624617196705
0 0.7709963402322059 0.9340032391048293 0.03959490156486619 0.07484295249312921
0 0.5237460330641089 0.6411776103258735 0.03821644775365972 0.07750637887711034
0 0.9195955325593135 0.9321628386336867 0.03896390711761737 0.07729681978798592
0 0.8688793538616859 0.0565923144876325 0.03880615850580509 0.07821702002355713
0 0.22522922753659766 0.44772585217903405 0.03968106991418475 0.07831389517078892
0 0.8209584809439676 0.6404238265606594 0.03887556865219587 0.0778392118178249
0 0.07595595658758203 0.832627846486062 0.03864840989399293 0.07514968590498622
0 0.3242335360928824 0.7386320895170788 0.03829544169611303 0.07855982096584224
0 0.6721723833922262 0.35097265675304273 0.04039474154467452 0.07559568649391446
0 0.5732101908127208 0.15586533166470357 0.039971618374558406 0.07738633667059286
0 0.8205294043412418 0.9338498723989007 0.039594901564866294 0.07637661955241448
0 0.1261726578748107 0.4476842022968198 0.03906919257950529 0.07823059540636047
0 0.026975012619888942 0.8310941794267765 0.037859666834931846 0.07699008637612871
0 0.9684652028016152 0.4451955352375343 0.03858361105502277 0.07754752905378871
0 0.12714378079252903 0.1537448310757754 0.03943395229681976 0.0786665369061641
0 0.47355633860874286 0.3511365413147401 0.03942716484999461 0.07592345561730918
0 0.1752188308934881 0.9325862303690616 0.03904190206966179 0.0793705369061642
0 0.4728514639071176 0.9352301727522574 0.03833291267036851 0.07606988614055767
0 0.027522712518929834 0.7348360889281508 0.037062083291267034 0.07710248802512766
0 0.7713799516658253 0.5450254314880251 0.04036212443210506 0.07537673655280722
0 0.028473624432104997 0.24983436395759717 0.03801741544674407 0.0763766195524146
0 0.8700966373043917 0.3500835566352572 0.03966323927309442 0.07504441990577154
0 0.9195166582534073 0.153826806046329 0.039121655729429654 0.07883048684727129
0 0.3239192930338213 0.3510418901648999 0.03924444169611309 0.07512068649391443
0 0.7212266532054518 0.9349234393404003 0.04006814740030283 0.07422948566941498
0 0.3741797072185764 0.4481375147232038 0.04133013629480062 0.07852375343541428
0 0.722028165446744 0.3520726567530428 0.040409182988389705 0.07411488555162934
0 0.42434702749427833 0.057346463552875114 0.0391281791682639 0.07849838450661398
0 0.07750762720848058 0.15274186425206127 0.03954327057041899 0.07727407008244995
0 0.3735487127713276 0.7373871221044366 0.0406991418475517 0.07913722025912841
0 0.8702981428571427 0.15406704731056145 0.039750753154972174 0.07869750255202196
0 0.3238057916456335 0.05676765223792697 0.0390174389197375 0.07734076187671769
0 0.3243351617869763 0.1545070644876325 0.03912968753154976 0.0795775369061641
0 0.6227783513377081 0.25249774391440916 0.03972631398283681 0.07986297899489599
0 0.9686134611307421 0.2507070934432665 0.03888012771327628 0.07812207852375337
0 0.6720708875567893 0.44787848547310566 0.03987625265017668 0.08045956223007468
0 0.07720975290257445 0.44616103523753425 0.03926301918223119 0.07579772811150359
0 0.6719840090863199 0.15471363142913228 0.0397024957092378 0.07692333667059285
0 0.9188067895002522 0.05582548095798979 0.03927940434124184 0.07729681978798586
0 0.9688919737506309 0.6384655967805261 0.038175164058556275 0.07637661955241468
0 0.12704552801615346 0.056866002355712604 0.039552943967693106 0.0769239952885748
0 0.22595697198384648 0.1547586314291323 0.03955907269056024 0.0751729361994503
0 0.7217581682231197 0.4477672354731056 0.04081568021201422 0.07901012858264611
0 0.2259313476779404 0.9328930141342755 0.03887682963149925 0.07691677031802137
0 0.7218039182231196 0.7388232393992933 0.039960688541140856 0.07771518708284247
0 0.9193881749116607 0.25232922732626617 0.03981118071680955 0.07645861170003924
0 0.67186525908632 0.9344714477817039 0.040095990156486544 0.07577936984687857
0 0.721384401817264 0.1542869061641146 0.039437152953054014 0.07913722025912838
0 0.7216609168349318 0.6412498603258735 0.03967468576476532 0.07949127934825286
0 0.3734698384654215 0.64015263054574 0.041172387682988386 0.07913722025912841
0 0.4239125988137304 0.6410939604436592 0.040467802372539094 0.0773390791126817
0 0.17599719270570421 0.15485579789948958 0.0405986256940939 0.07843460325873576
0 0.9678687083543667 0.15179804731056143 0.037706119384149465 0.07784030349430705
0 0.9201217936648158 0.6403513935021594 0.03970093210499763 0.0764674120533963
0 0.32385790005047954 0.9340032391048293 0.03880615850580514 0.07668335296427169
0 0.6221605249873801 0.3513631232822929 0.03975265017667847 0.07392275225755791
0 0.07607200429076223 0.9307520307224185 0.039511499747602215 0.07815600490773456
0 0.5724697122665321 0.05735914801727522 0.03975265017667847 0.07791028661170003
0 0.07713907117617365 0.3490626226933647 0.038490661282180726 0.07606988614055751
0 0.27537900959111555 0.9328861308402041 0.03965251691065116 0.07874340420102083
0 0.07721794548207976 0.24998773066352567 0.03896390711761736 0.07668335296427166
0 0.8703080102221099 0.9320908808402042 0.03945499066128215 0.07837983784844936
1 0.8687616561080261 0.6380257838633686 0.008753820545179179 0.028178899489595583
1 0.9211578055275116 0.6390754663329407 0.003974141595153518 0.015037131723596392
1 0.02932510840484604 0.7360315954063604 0.004449227915194347 0.007005321162151566
1 0.3257419208732963 0.8319431071849234 0.006958863957597166 0.007197413427561885
1 0.521917306032307 0.6393764325677267 0.007402137051993865 0.006460130545740128
1 0.33559675075719336 0.3462089784059678 0.007125529278142345 0.0063207553985079965
1 0.5265515379858657 0.4457267419513153 0.005705606511862575 0.009115813309776103
1 0.18081781082786472 0.4276085055948174 0.007180632761231692 0.005476942481350555
1 0.6259149708480566 0.9197218020219865 0.007950472236244264 0.010158869454260058
1 0.3255207924028269 0.5391649699646643 0.007401120898536005 0.009960205339615157
1 0.6711257778899544 0.44620165842167253 0.00397509742554273 0.016141049077345877
1 0.8722907679202423 0.34147161170003926 0.0039040774861180895 0.015182021986651022
1 0.4185266398283695 0.44892445877502946 0.005008810196870275 0.007628114252061162
1 0.22787814424533065 0.24731444709462114 0.009958711509338742 0.01919210581075781
1 0.42833784401817265 0.7382805622300747 0.006840213023725283 0.011095923046721603
1 0.4756120646138314 0.5479792402826854 0.009464916708732979 0.013803003533569027
1 0.22496873523472993 0.4377073403023164 0.008795492680464407 0.011044879662347856
1 0.3285072826855124 0.24153731556733415 0.007107090358404834 0.010766161955241443
1 0.08156912380111055 0.5358351198468786 0.004706275365976773 0.01600643875147235
1 0.9197504353861686 0.530711252552022 0.0058423902069660825 0.017052170985473104
1 0.9664748472993437 0.15265250402434233 0.007673727915194206 0.01308427345897134
1 0.4322215690307925 0.936100837553985 0.00601370191822314 0.008074139575971707
1 0.9209621728924787 0.7280800444640754 0.008151373548712522 0.014933354338437293
1 0.5759225728167593 0.83081947447978 0.004452178950025143 0.018033214369846874
1 0.8193467469712267 0.43293048959560265 0.007571018929833225 0.007102310954063551
1 0.3785294390459364 0.7332750782292893 0.008021889197375032 0.01190488869257944
1 0.7759068156234225 0.9217514359049862 0.00611165901060074 0.013461203572830982
1 0.2776547561837456 0.1420597860227719 0.007222037354871245 0.015865704750687083
1 0.522969549091368 0.347349212406753 0.004351159262998497 0.016309623871221084
1 0.227947978293791 0.7241537772870043 0.005045487127713244 0.014810819984295145
1 0.18123504972236246 0.8376520414212799 0.007608143866733969 0.011729682371417322
1 0.8665377780108348 0.9404207253526423 0.005413086561800639 0.014246884756614026
1 0.38006205918727914 0.5315468526698075 0.005272146138314022 0.015994437573616023
1 0.7180968182735991 0.7369781119945032 0.007521658758202879 0.012473889870435862
1 0.721131805779909 0.15359088790734196 0.006499639323574005 0.022863375343541437
1 0.27376314992428064 0.9387879714369846 0.005224835941443676 0.015582675107970128
1 0.4741322628722867 0.9407542048488418 0.008323056284704628 0.01042327463682745
1 0.8752419957092377 0.8319621741264233 0.009359521958606669 0.008999680015704786
1 0.18509708165068145 0.050639788476639185 0.009580836698637058 0.020915423046721632
1 0.2784946318778394 0.6318019989202983 0.004280297072185795 0.017928196898311672
1 0.7170309453558809 0.8370609584805653 0.008391415699141902 0.017206116018845818
1 0.4184502627460879 0.8287060408323518 0.005161564361433588 0.019192747546132673
1 0.07735101337708228 0.05633082459756576 0.00746354618879353 0.006964381429132298
1 0.5720898339222614 0.44901012524538675 0.008962684502776291 0.011137582253631755
1 0.8181756309944472 0.7319532784648606 0.005180792529025625 0.015775421868865415
1 0.47706188301362956 0.8407540254220651 0.0053032910146389965 0.015341183549273532
1 0.03741981259464917 0.44249310747938747 0.008767139071176176 0.008221480369061673
1 0.27157466102978295 0.23345488074204945 0.0055003498233215705 0.009140493718099761
1 0.6754822570671378 0.046554607184923436 0.007251033568904574 0.014860946603847666
1 0.47542600593134776 0.7402741291715743 0.01015253129732453 0.010789590106007057
1 0.32314803129732456 0.44491681389870436 0.007414184755174144 0.009508735767569682
1 0.42667010095911156 0.544564121024735 0.006074235234729944 0.017565907930899034
1 0.2278585143866734 0.15263778543384374 0.007710971226653207 0.012038429132312517
1 0.8193333782180715 0.05117019130349431 0.005073778647147975 0.01851258166470356
1 0.9663138500757192 0.6386295160973693 0.007680225138818741 0.009794363957597202
1 0.37985480085815243 0.8367379413034942 0.009788126703685 0.008650148017275249
1 0.7205969328621908 0.6370085830388692 0.006307396264512833 0.0197843651354535
1 0.9178005652448259 0.054483824597565754 0.007533649924280691 0.008204514134275623
1 0.08146999533064109 0.7266109111700039 0.006797515648662282 0.018485087750294425
1 0.3809672980817769 0.33691882734589707 0.009140618374558379 0.00833745327836673
1 0.5280349039626452 0.05524032518649391 0.005262852347299278 0.017733915783274445
1 0.8210587344775365 0.8275456237730663 0.010456988389702205 0.01231157930899091
1 0.9660636056284705 0.929680337553985 0.005656736244320979 0.027049807813113266
1 0.3232844319787986 0.7361048957597173 0.004301908379606293 0.017287656458578757
1 0.6197893715295306 0.5342741192579505 0.009790262493689994 0.008086037102473378
1 0.07158903836446238 0.9338412706124851 0.006683104492680465 0.011366339811543114
1 0.37984504946996467 0.04547244071456615 0.008230143361938452 0.013957945425991354
1 0.37279621125694096 0.44764755830388686 0.008130444724886386 0.012022315665488836
1 0.22748360121150932 0.638251149391441 0.007867224634023248 0.011164564193168382
1 0.38240004808177686 0.6434845338633687 0.004697632256436129 0.02032873360816634
1 0.9181619409389197 0.148253570376914 0.006179904088843914 0.020041740282685495
1 0.9707847049469965 0.5395792371417354 0.008834426552246352 0.018947140164899956
1 0.86583579429581 0.15394715449548488 0.004194135790005049 0.01847004122497056
1 0.9684939604997477 0.44126537406753036 0.01152293210499725 0.009450013545347394
1 0.5234098939929329 0.935383539458186 0.008202927814235242 0.012576069886140573
1 0.7223644203685007 0.053625841774636814 0.00939786294800606 0.02280328307813113
1 0.1274296711256941 0.7395455628190027 0.004479375567895032 0.01960832469572043
1 0.5251911706208985 0.8398032090694936 0.004640374558303912 0.020310150372987716
1 0.1763765788743059 0.529637985963879 0.00565168828874307 0.020425637809187158
1 0.7224415502271581 0.4418542911268158 0.007981614336193741 0.01686071495877497
1 0.8188158740535084 0.14939362014134275 0.00863276476526989 0.01162697251668628
1 0.8685638566380616 0.7312524538672949 0.006625441696113045 0.016563604240282654
1 0.6700450251135789 0.3414311780526109 0.009291575214538028 0.012809021986650964
1 0.4732565225896012 0.14974388731841382 0.004711084048460329 0.0189015068708284
1 0.03822080565371024 0.049402340596780524 0.01032012518929833 0.010392413427561833
1 0.3736275870772337 0.9330830388692579 0.006152195860676406 0.025152139772281146
1 0.9196058499495204 0.347121542991755 0.009643300100959045 0.02065651354534751
1 0.6667196716304896 0.1528863375539851 0.0058463710247350165 0.018751274636827634
1 0.7758184774103987 0.044784120828425596 0.007278045179202459 0.0245407583431488
1 0.9189774312216052 0.4512901755987436 0.009596879101464038 0.01271214978405963
1 0.67616450567895 0.2432799826266195 0.00525554189803127 0.02077709795838246
1 0.02910461887935386 0.639845897133883 0.012462140333165065 0.014109736945425944
1 0.6733027667844522 0.9346909874361995 0.0071930530035336305 0.014574640753828107
1 0.8181862497476021 0.6375960160973694 0.00863002448258458 0.01124789713388304
1 0.7690632232458354 0.34248366205339614 0.004339479808177568 0.021746456811935603
1 0.1286230371024735 0.23827618227326267 0.0071405991923271265 0.024036563604240283
1 0.27413414575971734 0.8309622244797801 0.00700682205956582 0.018974648017275143
1 0.5185301956082786 0.7359079952885746 0.008812905098435155 0.012773722811150337
1 0.5232458018677436 0.5512475552610916 0.006322631499242703 0.018308776403611934
1 0.6237071145885916 0.05865632577542206 0.00447875416456327 0.02133085060855908
1 0.4690527850832911 0.3557831632312525 0.009648089601211548 0.01109759187279143
1 0.7686628461635537 0.7311564283470748 0.00703321731448757 0.01859605575186496
1 0.176404953180212 0.2363929316843345 0.00717242579505302 0.019214529250098155
1 0.9632912424280665 0.3482641128778955 0.004891518172640222 0.022454891637220253
1 0.8678196616607774 0.2433436828621908 0.005274356638061509 0.023717031605810696
1 0.2792548679959616 0.051607524833137026 0.011278249873801067 0.021932182371417343
1 0.4807122337203432 0.05330324106792304 0.009675986875315548 0.008725280722418533
1 0.13539313225643612 0.5292487857283077 0.007166789500252385 0.016296303690616395
1 0.476199635790005 0.25735260109933256 0.004503807672892484 0.019624401256380035
1 0.12555329681978797 0.8314613909501374 0.009494113074204918 0.015522447781703776
1 0.4689364163301363 0.44681002512760115 0.006725854871277091 0.01799164978405961
1 0.27678538604240277 0.5352901530231645 0.006752297072185799 0.016482905575186377
1 0.5242272907622413 0.1463019199057715 0.009723106511862766 0.013516105221829628
1 0.03639057370015143 0.924570520023557 0.005462164058556284 0.022546239104829148
1 0.22611235676426047 0.5453884877306635 0.008401232963149954 0.01346330722418523
1 0.5699685978041393 0.15366042108362776 0.005633223372034328 0.019656974872398925
1 0.5785450589348813 0.3546103468786808 0.005201653962645228 0.018964425991362364
1 0.7719212093639576 0.1445787368472713 0.005879943715295407 0.023097139575971738
1 0.7223814175921252 0.9245246195524146 0.009679365724381585 0.01588990498625837
1 0.07847555085815244 0.6302821298586572 0.009613898283695096 0.012772740282685527
1 0.1780484448510853 0.34572026217118174 0.006093923018677444 0.014659789752650117
1 0.8195738671125694 0.34887954593639575 0.01058724810701658 0.010795089517078872
1 0.7682213489399292 0.8369425751864938 0.006969720090863213 0.01682941578327441
1 0.62284298750631 0.2558233842756184 0.007468997223624285 0.020842434432665917
1 0.6741386925795053 0.7357000883392225 0.0093071680969208 0.009508735767569733
1 0.42163211900555275 0.3484319955830389 0.009524757445734418 0.011076723400078493
1 0.8676192873548713 0.5460273550255201 0.006621596920747054 0.023841442285041183
1 0.7201414328621907 0.2521515833333333 0.008480385159010747 0.010395498429524893
1 0.9688812091115595 0.7311100948174323 0.009486445986875529 0.014394455045151133
1 0.27944024646643106 0.44940907548095793 0.0077525206966178924 0.01647435001963096
1 0.321732060449268 0.9285375697879859 0.009615132004038377 0.00847747133882986
1 0.6225376132004038 0.8400368423635649 0.007133254164563445 0.021069817432273256
1 0.8715430109793033 0.4386520743031017 0.009816552498737962 0.02019781448763247
1 0.765090607269056 0.43849807430310167 0.010391728419989883 0.01927888084020409
1 0.6261457236244321 0.4512497591283863 0.007488966683493053 0.01831418413820174
1 0.23024484427057043 0.9432132889674126 0.004553219081272124 0.009185907341971085
1 0.17124297539121655 0.9321293209658421 0.0058229840989398995 0.022151840989399336
1 0.8194372469712266 0.5419212377306635 0.006759024482584611 0.022238207695327753
1 0.6189266784452296 0.7439818904593639 0.010884654215042896 0.01687033765213977
1 0.033393829252902574 0.1412049027287004 0.008300680716809688 0.015121604043973322
1 0.9169038166330137 0.8379150088339222 0.009011649924280465 0.0216326835492737
1 0.23004196718828876 0.8362138417746368 0.006220962140333113 0.01828688260698858
1 0.7682357395254921 0.5485927071063996 0.009464916708732979 0.01012220259128386
1 0.9157453235739524 0.9254076367294858 0.007542669358909697 0.019645072045543836
1 0.3276438667339727 0.14784550451511583 0.00851842503785965 0.009815469179426772
1 0.42163636622917716 0.24846673262661953 0.010147257445734477 0.008563197487239894
1 0.42423373359414435 0.1557827042599136 0.009369483846542183 0.010504673930113808
1 0.5768785630994447 0.6427524835100117 0.008534645633518372 0.014431232430310142
1 0.13322850933871783 0.6380699159795838 0.011180538112064603 0.009073163722025848
1 0.12877645027763757 0.15368713496270123 0.007679099444724891 0.021498730074597582
1 0.5763948200403836 0.9284500537887709 0.00540066784452305 0.02214877345897174
1 0.2759871249369006 0.7475740965842166 0.010557299848561337 0.009685925402434254
1 0.8704697679202423 0.0482764904789949 0.01101654694598691 0.008963312720848054
1 0.96320673409894 0.04115564036120926 0.01042398763250897 0.02320501295641932
1 0.6759502529025744 0.6287724485669415 0.007892528016153375 0.01846609619159789
1 0.08281591128218072 0.4464631063015312 0.011669177435638568 0.013214787396937636
1 0.669340775113579 0.8289328909501373 0.010384577990913715 0.01996598095798981
1 0.3788910577990913 0.24077199862583432 0.00824514336193839 0.013523729485669378
1 0.5766500504795556 0.23971216136631332 0.009622665320545159 0.018097271299568122
1 0.8253755976779404 0.9303889542599135 0.005609228672387648 0.02563257440125631
1 0.6757463716557294 0.5448163378484491 0.011455262746087921 0.018901874754613246
1 0.7703899607521454 0.6356806659795838 0.008942440938919865 0.0156920641931684
1 0.7742769427057041 0.24752228297997644 0.00905590762241297 0.015973298193953666
1 0.0818142356133266 0.8339801077738516 0.011787985108531058 0.010485014134275555
1 0.12966990030287734 0.04548604024342363 0.011041320040383669 0.014544213191990575
1 0.5734822554265522 0.5424632519630939 0.013067489146895537 0.01258649607381231
1 0.13423775795053 0.3489893622889674 0.011686018677435683 0.009961989988221434
1 0.03155146188793539 0.349330746171967 0.008514945986875315 0.019094691401649013
1 0.9685900806410903 0.8296078571849234 0.01259268071680972 0.010027512956419274
1 0.027757981322564358 0.8353190751864938 0.007267984856133269 0.02253028307813112
1 0.07900750643614336 0.15923023861405575 0.006359040636042401 0.02078667628582647
1 0.27984629366481567 0.35146429416961134 0.011358412670368473 0.012778411660777372
1 0.7202647946744068 0.5406069202002356 0.013597114336193832 0.01075710581075769
1 0.8184957469712266 0.2444151828621908 0.00990401337708237 0.020960564782096635
1 0.2249204852347299 0.34844207911268155 0.009838484351337686 0.014123890459363981
1 0.37653006612821804 0.14923092049469963 0.01044314891468946 0.020540907341970942
1 0.18046905805148913 0.738699779642717 0.006616149419485114 0.024367225166862835
1 0.18154342264008078 0.6283280652728699 0.010146370267541624 0.02058179642716921
1 0.12802578432609793 0.448725825480958 0.011174579757698132 0.018454316843345087
1 0.6247008493185259 0.6325498988025127 0.01132520696617872 0.015205463486454658
1 0.035312372286723875 0.5471000357283078 0.012573255426552249 0.015111928543384402
1 0.03603994522968198 0.25188280015704745 0.00805640434124179 0.01584079937181003
1 0.1298271075214538 0.932316205339615 0.008202927814235242 0.019937671770710708
1 0.234414315118627 0.04979469071456615 0.010411652448258429 0.011448113663133103
1 0.32228080350832905 0.055235324597565756 0.011041623674911653 0.00976884825284648
1 0.5772810449268045 0.0590461817824892 0.0042592125189298505 0.011349136238712216
1 0.3232269056032307 0.6303371613663132 0.002523977788995424 0.009815469179426746
1 0.47663743059061076 0.6447536317235963 0.0033127208480564717 0.007361601884570135
1 0.7224886420999495 0.35305015704750686 0.006309944472488687 0.007975068708284214
1 0.8777669051312023 0.9487729710567842 0.003976806239737231 0.0053676461813757384
