0 0.029195867447960655 0.41416269055909205 0.025412083917623573 0.05107559992140169
0 0.6121059441777192 0.27410364590321945 0.028598111644561823 0.04891870819356112
0 0.5723440464213251 0.49386857765164743 0.029126124019750246 0.05541250996382048
0 0.14509925337197577 0.27048636147335725 0.02620409952723016 0.050018171365161186
0 0.5730245032515916 0.346489742628908 0.029050210359217114 0.052804514742183895
0 0.7314010601258353 0.6447920542457489 0.02826448615206353 0.05473288730984823
0 0.6122664441777191 0.4202595635595165 0.02891911164456179 0.05267287288096689
0 0.07292512791416915 0.12856138333564315 0.026557399222497665 0.049046127640589354
0 0.6123177594391859 0.34740090999535034 0.02881648112162848 0.052232180009299356
0 0.5728058837745249 0.41952211934833056 0.028818232450950314 0.050399761303338744
0 0.7652694558547635 0.06279324414852537 0.027444088290473023 0.05015440012532103
0 0.4512906031521426 0.6428309426681208 0.029637793695714874 0.05480177993087376
0 0.7714710994510293 0.795263753995107 0.028147495868608312 0.05434704569927341
0 0.6915543260299744 0.795862171361549 0.02903334794005139 0.05474565727690151
0 0.30215685010964904 0.055325453211708474 0.026896906051883617 0.0476203916805416
0 0.731285571171702 0.49588996817334613 0.02905981347312976 0.055065063653307766
0 0.2958970417452257 0.41716032740935094 0.027851522780730283 0.05099564328525677
0 0.10770670283798603 0.2707434143174194 0.026210758086736948 0.04939317136516121
0 0.1391890268889069 0.6353738196771963 0.026686207544203762 0.05418276443768986
0 0.6124271941777192 0.4948663565957179 0.029240611644561793 0.054614286808564096
0 0.7305081545081998 0.4216613817641929 0.028941807467191504 0.05308183982455057
0 0.6519911351038467 0.42128317513714464 0.029137729792306607 0.053123649725710494
0 0.731439516956102 0.5701718448927686 0.028751921904329975 0.05316375232632154
0 0.11209732217697724 0.05622272489363602 0.02620445320535414 0.04827582935627243
0 0.6916703149841078 0.4955777181733461 0.029060064802451567 0.05444056365330781
0 0.5340733336138568 0.20015445618054212 0.028326024329591786 0.05188450509166596
0 0.5715740674993253 0.7202578493812773 0.029228254542683595 0.05400207808218898
0 0.18797024728733414 0.05573262868571885 0.025828160476167747 0.04805504073252091
0 0.49080297881680357 0.7181361809651714 0.02902125922879317 0.053350745448631165
0 0.21536916105858658 0.6376952234692793 0.027314890425190197 0.0535097454772759
0 0.037653958914084185 0.057441287217905215 0.02553429471419486 0.045017425564189556
0 0.6918823802455744 0.7205700993812773 0.029484195325384953 0.05382835492693262
0 0.533628116541064 0.27278070064237003 0.028256634367472645 0.04906659871525976
0 0.10896337095663151 0.1987167558754122 0.026380749374863875 0.05228448824917558
0 0.2551209946942765 0.5649336707153964 0.02792594440804668 0.052273360465248775
0 0.6512528087965135 0.27451592379762646 0.028482121361106453 0.04934415240474705
0 0.3382937071076256 0.1982387391900629 0.02819958578474884 0.05324152161987418
0 0.10485972287187666 0.41464957266924735 0.02617988178166467 0.05053055655754675
0 0.7318423513063326 0.9472913295005319 0.029352329558924747 0.0554765092903198
0 0.5333071165410641 0.3456915194736516 0.029256722734405462 0.053203626319812125
0 0.6506616076660896 0.9471915516061248 0.029352329558924823 0.054478730346249234
0 0.031024330863219936 0.3414440802210435 0.025358714578632372 0.053342416805416175
0 0.6515852823724894 0.3472270725365336 0.02832602432959186 0.05268272824692235
0 0.7305022338185022 0.34825054841772213 0.02892996608779631 0.05433056843167105
0 0.7687380243008552 0.2762849896131212 0.028223393806658472 0.04929027983708265
0 0.6116443568245192 0.7201446551700914 0.029522286350961435 0.05377568965981729
0 0.6913032947476777 0.8721585750120233 0.029762851650657993 0.05368050719099292
0 0.6908738691997077 0.2748281737976265 0.028904000554718045 0.04996865240474708
0 0.49521327401400295 0.1286983387748871 0.02819458046746146 0.0494595456054822
0 0.2524892812790172 0.787069795093397 0.028911437441965587 0.05381319843695706
0 0.7278910761734005 0.13270459956137637 0.02781287171492523 0.04909072404826856
0 0.5343467802015972 0.12940970035251528 0.02805187332160613 0.0484875992949694
0 0.14960105302452606 0.05535292678967743 0.026029597781438145 0.04805504073252091
0 0.1841325826517292 0.1985271549273915 0.02713565351008669 0.051525584457092766
0 0.4914768814314701 0.6441543879289702 0.028932237137060002 0.05425577783154704
0 0.6121751615661007 0.13090859746204947 0.02812076328372516 0.04869161247064036
0 0.0750810381938376 0.05706183532186381 0.02559669364621542 0.046916435044396645
0 0.4143979242856146 0.3445549636848375 0.028514846199437692 0.0529260726303249
0 0.45720264936307503 0.05524126784427863 0.028735701273850067 0.049418464311442714
0 0.6910980337018112 0.9471915516061248 0.02914706851305827 0.054079618768621
0 0.7315857749989995 0.8721585750120233 0.028428654852525097 0.05328139561336469
0 0.03332670020221116 0.270676212421378 0.024690927120995673 0.04925876757307843
0 0.7293792187559334 0.2756863222466789 0.02771024119199192 0.04849205668182627
0 0.5316516697429311 0.7193466820148351 0.0296405279637386 0.05417530123744536
0 0.6508999061818469 0.13095828403573642 0.028186838223506594 0.05038743192852708
0 0.6911438039382412 0.34782585420653617 0.028828086894184913 0.05308206843167104
0 0.21611352334606226 0.5636674646734848 0.027436663779795877 0.05315826544579846
0 0.44903298164760996 0.9450633411171732 0.02943303264984821 0.05541075987751285
0 0.7317605169561019 0.7204571551700915 0.02898339981259667 0.05400157808218914
0 0.2238553344060646 0.12725990027746714 0.027102707492943065 0.049480776692568666
0 0.11069369499900897 0.12796410691361212 0.026131101290109017 0.04975008427673436
0 0.14620946243129854 0.19840475587541223 0.02686228767976627 0.0516604882491756
0 0.34102864285989193 0.05471654573868568 0.027306364867416735 0.047969908522628626
0 0.6125368789162525 0.2017957970782039 0.028638936938161958 0.05237340584359216
0 0.2984516035926896 0.27134069073945044 0.027492841594275157 0.05020802231318187
0 0.02412821936320578 0.8499229826789487 0.02465016754477007 0.04966152516189547
0 0.931427689462873 0.7951766424174787 0.029290271661454564 0.056168380432157924
0 0.7319962970907326 0.7958284857906299 0.02945496008185806 0.05467828613506335
0 0.14359203995671652 0.3420258878052091 0.02709524761198505 0.05260752249354041
0 0.4496733631842763 0.8697320201865646 0.029071707356247995 0.05241940173872959
0 0.4553044072625464 0.19945601091969278 0.028223393806658472 0.05168494930285188
0 0.4900712067250703 0.8704694643977505 0.029405064458126233 0.0530960670058449
0 0.6118632263015861 0.5696600391039546 0.02913898112162848 0.05293836390394981
0 0.5732496769442583 0.20087171339498278 0.02826899146935084 0.05172257321003446
0 0.5327391368157239 0.4187678228263885 0.0291470685130582 0.05168494930285185
0 0.6515803630121135 0.7202575993812773 0.02913722979230657 0.054799801237445454
0 0.5323567249722642 0.5696468727871757 0.029408550055471726 0.053710254425648536
0 0.6516382324891803 0.7960746434671421 0.02966349083817331 0.055170601488087494
0 0.6915231734153077 0.42179523092595883 0.029381564802451497 0.052551314992825886
0 0.290628418050298 0.863398537541601 0.028445163899404085 0.053071117332632096
0 0.29122829522826627 0.7883192950933972 0.02769213079770387 0.05479339085279154
0 0.4103594443498819 0.7168005693875434 0.029264111300236387 0.0526750801815161
0 0.5731273837745249 0.2734923122199983 0.02802440512988404 0.04889337556000345
0 0.03561617581238401 0.12934826070569497 0.025950139663358955 0.04872137290048585
0 0.3715858949925542 0.6416204416184575 0.02868990478555864 0.0543763357196883
0 0.6509181839734228 0.871759463434395 0.029249699035991582 0.052882284035736464
0 0.452433147335609 0.49217260344672764 0.0288439663746486 0.0544152310197501
0 0.6503733951359805 0.05944865836597733 0.028570643452839876 0.05104834853516073
0 0.2642134920841319 0.055475325841656695 0.02619250711986304 0.0475404350443966
0 0.14242681434654364 0.41565427456528875 0.026522305103512393 0.05102115276546383
0 0.49479619770666966 0.1992884334012488 0.028797255173861214 0.051748905843592166
0 0.2972089764147213 0.3435996425453126 0.028132047170557433 0.052337714909374625
0 0.7722811536666295 0.9478829547941283 0.02915182116220861 0.053865978834115306
0 0.07118001293111448 0.1985943568234329 0.02638690793437073 0.05203969014521702
0 0.33415990086455954 0.4913829939684263 0.02875819827088094 0.05283601206314742
0 0.4538587346888089 0.34455521368483755 0.028821486438915897 0.05292657263032495
0 0.811362594592757 0.7203576272756843 0.028699722447553314 0.054201633871003095
0 0.9557181243066026 0.06801157993107343 0.02778744615746195 0.05021417067208395
0 0.7676604038100556 0.20464446142885936 0.02771024119199192 0.05088672614759546
0 0.4499296894916095 0.7929559461069657 0.02917383787918127 0.054121657276901394
0 0.18565358700766568 0.12708255406955 0.026857923543977237 0.04950578617277575
0 0.4903990109406704 0.7942659750510365 0.02903436765999335 0.05514526885453001
0 0.02683959901462347 0.5587313400249463 0.025386236949277326 0.05125975596559143
0 0.40858382284534916 0.9440397295395448 0.028997045025036663 0.05615731776565366
0 0.6117890000000001 0.644597 0.02987500000000006 0.05496600000000003
0 0.651790543418356 0.6442658641863213 0.029147068513058125 0.054877841923877464
0 0.25585274810896946 0.49019514778947043 0.028608336254377916 0.05391766923788132
0 0.415218968469081 0.2722820611703348 0.027899063061838043 0.050064877659330306
0 0.22531397813488294 0.055230277737698126 0.027481371255652108 0.04818944452460373
0 0.7721135994510294 0.8720914933418211 0.029021973776875012 0.05354634385058866
0 0.7665096948088969 0.13373028508539986 0.027871955740073853 0.049545648785802754
0 0.6511747602807562 0.201950458279869 0.02873654642132503 0.05228361666929415
0 0.5302260823897312 0.8709554375530071 0.0296630078994713 0.052471567005845085
0 0.2611362046264953 0.1987167558754122 0.027849082035136526 0.05266419014521694
0 0.6104507473795863 0.9470844816388718 0.029392938965627946 0.05386547883411519
0 0.5306363544814645 0.7950773645230717 0.029457246853604867 0.054373378332831145
0 0.6918823802455744 0.6444537216121913 0.02907367323365171 0.05485444519798938
0 0.9283284874621422 0.5702306665362902 0.02760761066905861 0.052882284035736464
0 0.30081683355879896 0.12774678238762247 0.027341332882402137 0.049315435224755066
0 0.4561767667074795 0.12761592694661683 0.02771024119199192 0.04968939141471084
0 0.7694051226999218 0.3491228525302676 0.028326024329591786 0.05328139561336462
0 0.416162305822281 0.19914990655650522 0.027938388355438153 0.05266918688698957
0 0.49252990352320325 0.49354341133486856 0.02939619295359353 0.054762177330262764
0 0.1830569023381701 0.27064848884340903 0.027132359086368883 0.049583022313181964
0 0.8792816671607471 0.06576480098700292 0.027628749990506546 0.05050995171548133
0 0.7711634578822295 0.6448654995065984 0.02794273482274165 0.055278889409175386
0 0.3768952664970868 0.19924918445091228 0.027814029226093977 0.05326685425343185
0 0.6518434935350469 0.4954652739621603 0.029252968746440063 0.05421567523093599
0 0.1770212046008649 0.6362835960992275 0.027949360832160833 0.05334440400946232
0 0.2529723866089553 0.7130801607657827 0.02851069688149606 0.05201915975767423
0 0.8031708957671582 0.06371707783174652 0.026889859052884525 0.04801095171548131
0 0.0699869554395871 0.27052633979142976 0.025953580408952705 0.04933872420922335
0 0.9592715901265334 0.2091344666771766 0.027094458054392197 0.05148539351403777
0 0.6903607165850412 0.20354393655023917 0.0284934784629848 0.05108034585612429
0 0.1777900694899417 0.5626232844593709 0.026557909423859338 0.05182930880965355
0 0.41774183895988076 0.05502879573868568 0.02863432208023863 0.048594408522628633
0 0.41701687108374763 0.12780083772522366 0.028210691557305347 0.05085743612718087
0 0.5705723606690587 0.8716794654474139 0.029072190294949927 0.0535205112170309
0 0.2169922777019988 0.48934081852337724 0.027241385034032197 0.05372781828986064
0 0.034115659261533905 0.19919138324546398 0.025683009002350148 0.0505758297169892
0 0.689796248708908 0.1318565350853999 0.028390847940051343 0.04899104140682842
0 0.5722861769442583 0.5697466506815827 0.029215646111483376 0.05351069863683428
0 0.6114456499942528 0.05859876994360553 0.028919611644561753 0.048550348535160735
0 0.8107784640698238 0.6453643889786336 0.028352505585153277 0.053881998887476516
0 0.495925133458936 0.05656421310512799 0.02777094994452818 0.048871462212115836
0 0.5719714811598584 0.6442409995065983 0.02920203768028338 0.054429000986803415
0 0.21855837882978238 0.41634597646133015 0.026663291120089572 0.050126345181298215
0 0.8076594730882243 0.3492483273617926 0.02806709395208597 0.05233501054353012
0 0.37519319018975356 0.3445549636848375 0.028104575437026397 0.0529260726303249
0 0.4941670561378698 0.27238183906474195 0.028565277265594487 0.04946621029288807
0 0.8104122030239571 0.5704843448927687 0.02844102767688619 0.053389640748693394
0 0.7711055884051627 0.5701718448927686 0.028442779006208025 0.05356286390394977
0 0.2949133039401393 0.49070850753328554 0.027641555882430478 0.053805283037387346
0 0.8807079248210895 0.13659593744325133 0.02801813276079185 0.04889116825945444
0 0.4931590450920032 0.41851167408748124 0.02901238772426061 0.05117265182503735
0 0.8071777230882244 0.2766631748472899 0.028745682319018785 0.04964753872779196
0 0.29205178303335266 0.7141458649694623 0.027972155187531062 0.05187235678878513
0 0.4092239543820154 0.868022879664866 0.02904574182316958 0.05179490173872963
0 0.48916769466547066 0.9458873969059871 0.02882960661412662 0.055063313566999714
0 0.33071285566736014 0.7900841671628952 0.028432461344213424 0.05396566147555518
0 0.25151958441460803 0.8619869101715492 0.028143716187729248 0.05176667017669429
0 0.3792178116942863 0.05551451889394208 0.027327593473827676 0.04717118536737223
0 0.7275416243735691 0.06065890941564078 0.027935012298728606 0.05147329274634663
0 0.6109256931639861 0.8717665770250422 0.029727047396828098 0.05369473437228738
0 0.6108922800294345 0.7955291521074088 0.028839176944258266 0.05368050719099292
0 0.9191430556596117 0.13769349428172886 0.026273413870925712 0.04869161247064034
0 0.2996373170079489 0.19890660682343292 0.02713036598410234 0.05190478635313418
0 0.7715156104968959 0.7202578493812773 0.028441779006207955 0.05320385492693252
0 0.5316830723575976 0.6437811089848995 0.02908755005547176 0.05430744309866226
0 0.3708407644696209 0.7159633472819503 0.028636471060758357 0.05339530543609917
0 0.1476611592957077 0.12717747954356035 0.02664122147636591 0.049315935224755046
0 0.9571235490130023 0.13809873244557616 0.02710885779052899 0.0491029772207067
0 0.2571787656010631 0.4162510509873199 0.027940632560582733 0.05069589802536026
0 0.770328805267563 0.4223328693483306 0.02873656214380785 0.053227480259941354
0 0.5343598886327974 0.0569894073163139 0.02766756809227303 0.04852451590160305
0 0.9222337838070075 0.2790102316857675 0.026297038789719222 0.04995142505083681
0 0.45071302684480935 0.717798098331614 0.029508946310381416 0.05267458018151612
0 0.6913032947476778 0.5695322212754409 0.02873654642132503 0.05308183982455057
0 0.8467608266611522 0.3498472447282349 0.02765482053103104 0.05273462212115819
0 0.5733295086358454 0.12951170694035077 0.02760761066905861 0.04909072404826856
0 0.22098002255860075 0.27036396242137795 0.02721044617092557 0.050153075157244056
0 0.4531780278585423 0.418012284615446 0.0286916390535823 0.05177031919147974
0 0.3317885729123156 0.6411727494597027 0.028736546421324918 0.053480951402178734
0 0.3724815752553704 0.5670377739152647 0.028223393806658472 0.05328139561336462
0 0.6518303851038467 0.5697339843648039 0.028816229792306674 0.0522880312703921
0 0.45202262524387576 0.56815045437107 0.02904922742051522 0.053112087059206246
0 0.8425806855513672 0.13549838060477376 0.026273413870925712 0.04869161247064034
0 0.8092699088404908 0.42251975882036585 0.0288248329062194 0.05360125920401188
0 0.024679776854733132 0.9215699392249144 0.023995773815951714 0.04904841965412956
0 0.26218355305869984 0.12736733049158105 0.027014597713090643 0.049315935224755046
0 0.2539976000242146 0.6388484400896856 0.028022500017086914 0.05315826544579846
0 0.2127379476433273 0.8604806073274871 0.02791082596758181 0.051032275864818503
0 0.3393467291993588 0.12768789351403775 0.028663541601282407 0.04943421297192449
0 0.4113548469645484 0.6424318310904925 0.028997045025036736 0.05400355677561759
0 0.9177920859951416 0.06638905098700291 0.02726617336758453 0.050960228560224904
0 0.770790892620763 0.49620246817334607 0.028223909529141552 0.0536945057651667
0 0.4135946742856147 0.41789959040426006 0.027934651428770853 0.05114581919147978
0 0.2940409964486119 0.5655309471374274 0.02804500710277615 0.05194910572514524
0 0.024121772498796608 0.7777886440228277 0.02541838879900641 0.053856289201847825
0 0.45485994151907544 0.2722820611703348 0.02836076754904963 0.050064877659330306
0 0.5294940602979981 0.9456620084836156 0.02922526894533799 0.05421342514462803
0 0.18011228299917886 0.4164131783573716 0.026906204035532892 0.050260748973381
0 0.3699618508090878 0.7909084729517094 0.02934177629009135 0.05521516147555536
0 0.8414315425098192 0.06494049519818883 0.0264382603382289 0.049659563293109533
0 0.811991986161557 0.8720790770250422 0.028521678264086834 0.05471884594991555
0 0.09832748419389423 0.8550116940551972 0.027175474120684186 0.05072610240939844
0 0.5326777249722641 0.49359557660198394 0.029434766917871946 0.055664731019749995
0 0.025259166227614965 0.7049998676909759 0.02495927381595172 0.05104664944971718
0 0.5698342843617255 0.9465858421668365 0.029032865001349602 0.05486375777818574
0 0.2131711279568864 0.7855632422493352 0.027800792865881604 0.05459711170924717
0 0.8869403007248795 0.4224065646091799 0.02939878809157512 0.05297575920401175
0 0.5708226327607919 0.794951503995107 0.028751690294949846 0.05372254569927345
0 0.2225298587958918 0.19811997945338114 0.027185658713288798 0.05185033919719625
0 0.13599221504144304 0.8568027733212906 0.027127339951004567 0.05127064577325369
0 0.21443399293994106 0.7119201366513899 0.027397341645535898 0.0519773229051372
0 0.49194350394973574 0.5688337760145915 0.02924969903599151 0.05368050719099285
0 0.8825552742338889 0.207937131944292 0.026786566485592266 0.05228361666929415
0 0.18151541017714715 0.3429076906492712 0.02697855595077805 0.052472618701457426
0 0.29280925074474434 0.639512918407758 0.026753188169623018 0.052968414497777776
0 0.17500390930425114 0.7841793384572522 0.027820345154206737 0.054107515501329834
0 0.37792182172641986 0.1277874214084448 0.028225051317827182 0.049234157183110416
0 0.8856956260184797 0.35018557736179257 0.028962049137441805 0.05261306423301725
0 0.33317810668109316 0.5663762322654771 0.028231437225014318 0.05275653546904591
0 0.2597473683892042 0.27067646242137794 0.028195869492773223 0.05077807515724403
0 0.06684655735483223 0.4138626952991956 0.026116982849644133 0.0500959075055674
0 0.06825613139720968 0.341428861383178 0.0263975072394713 0.05255257533760242
0 0.329820583575627 0.8654891833543531 0.028700527619413142 0.0531132943597552
0 0.3314378235434933 0.7156510972819503 0.029061352913013434 0.05277080543609921
0 0.7289297548965022 0.2039298818110885 0.028453401840062634 0.05225134795545117
0 0.3288122877472498 0.9401073211032241 0.02812076328372516 0.055077397712691434
0 0.21966833788910514 0.34322019064927123 0.027320979272625737 0.05309761870145743
0 0.8044223746891579 0.13472806402947038 0.02713494539235151 0.04874742563054639
0 0.13821098594822967 0.7095315309632657 0.02707347061201333 0.05099713048930286
0 0.36873556116830486 0.9421028789913652 0.028531285375458407 0.05627473244557612
0 0.8514907533950178 0.7957626434671421 0.02828844902649816 0.05534482464334384
0 0.14118443716857537 0.4878183008971406 0.026771453188267253 0.053720398205718736
0 0.3372540434470925 0.27085883801507843 0.028378129968215246 0.0504113239698431
0 0.3694350897632211 0.8668994901928307 0.028698776290091346 0.05274101541568455
0 0.5727650407597122 0.05757184507286779 0.027094458054392125 0.04889116825945446
0 0.10594160004984492 0.3420536113831781 0.02697668491725551 0.05304267154551963
0 0.9610413542423356 0.27983428747458156 0.027965592689730572 0.04960397874032398
0 0.3351034882177594 0.417800062509853 0.028798023564481228 0.051345874980293874
0 0.8478389471519518 0.42251925882036584 0.02816897314569737 0.05320114762638362
0 0.8494941439500847 0.5699591227871758 0.027989928962230966 0.054334754425648495
0 0.9256428721739404 0.42301814829240114 0.027367906239320058 0.05300159183756958
0 0.37331256969895393 0.49169574396842625 0.028243294326892626 0.0542597352184038
0 0.9272357637427403 0.496627412384532 0.02809055682652064 0.053347059454653914
0 0.8917407060364195 0.8713603518567669 0.029557590604791517 0.054079618768621
0 0.13599891190585223 0.9301341289192356 0.02655489744253189 0.05212782888923914
0 0.14006803124484343 0.5618533631312307 0.02629615005267642 0.051048869945455815
0 0.027904920583551495 0.48540247163104744 0.0251735351379693 0.052306056737905025
0 0.412041608010415 0.5677120938431052 0.028523217703970434 0.05343270073616117
0 0.8898092696147456 0.6447657216121914 0.028568372403576042 0.0554784451979895
0 0.4935761213993364 0.34516679736805866 0.029230757201327194 0.052952405263882535
0 0.6888914774587451 0.06036562611626519 0.02781287171492523 0.05048761456996725
0 0.2898672908723297 0.9383978233536601 0.02828986076381326 0.05460624760455577
0 0.4126060758865481 0.4920077439684262 0.028625848226903745 0.054085512063147385
0 0.4098390856030929 0.791837370014348 0.02924969903599151 0.055077397712691434
0 0.8903038787153533 0.7198975081468652 0.02873654642132503 0.05368050719099292
0 0.2582892246603859 0.34350496707130224 0.028404041967355253 0.05328746964947808
0 0.13687881347364764 0.7823208072951175 0.027924143086595347 0.053428068345392106
0 0.8928411069679455 0.9473969816388719 0.030321565146777137 0.05409136725648704
0 0.8454561640143519 0.2777868143193252 0.02689284465022991 0.05029837136134961
0 0.8123776598542237 0.9480825105829424 0.028677242511820394 0.05426509041174354
0 0.17409657306696014 0.8587444752173318 0.027763181391497752 0.05173673250096345
0 0.8117288556386236 0.7965866992559562 0.028611200355819964 0.05579560148808758
0 0.17608528648221938 0.7104410573852967 0.027249197069451843 0.05205677954128222
0 0.02588737528693772 0.6309650554568857 0.025239298205778866 0.053338975813938365
0 0.06515076205821846 0.48605444520901636 0.026630967171690032 0.05285060010176006
0 0.17904444676188785 0.488822502793182 0.027309155255878636 0.0538302925175945
0 0.10100751729559443 0.6344922668331342 0.027263014188465468 0.05393846633373139
0 0.10309594923533727 0.48696768167311844 0.027143745661150357 0.05239886165371566
0 0.10204082478712179 0.5607539857611787 0.026791005476592404 0.05150802847764219
0 0.9240766974675405 0.3509706342002702 0.027314472514519555 0.052586731599459584
0 0.09816698419389423 0.9283825279712147 0.027245031612211538 0.052041944057570434
0 0.8508037423491512 0.720270515698056 0.028351254255831404 0.05442652229337484
0 0.09989111137186249 0.7080252281192034 0.027373547290165636 0.0514018418655513
0 0.9630180510404683 0.3515822178834913 0.027813765368664454 0.05261256423301727
0 0.25108615410104895 0.9366744459836082 0.0278626917979021 0.054197108032783554
0 0.9208364592880111 0.2091344666771766 0.027402349623192133 0.05188450509166592
0 0.9721402287880672 0.8713674654474141 0.028200409873466885 0.05449295752754356
0 0.8838262454955463 0.27815072958644055 0.028302203779574174 0.04982886716269584
0 0.9323310778565411 0.871659685539988 0.02904443799012496 0.05467828613506335
0 0.374345929143887 0.417799812509853 0.028052141712226107 0.051345374980293894
0 0.09866277513457149 0.7816683337171485 0.028041334747802377 0.053641928773619764
0 0.06389374102328017 0.5592059673949981 0.025874433813686506 0.05144960691361211
0 0.8485055455510183 0.4964146902789391 0.02806534262276399 0.053719838398724476
0 0.8437609365651002 0.2073384645778497 0.02678656648559212 0.05028805878115315
0 0.06082300334634542 0.8533829921591558 0.026177157070018147 0.05050631378564678
0 0.8520683297023511 0.8719919654474141 0.028827818503564934 0.054943734372287154
0 0.37629072332735336 0.27147042169829955 0.028041770207693374 0.050437156603400785
0 0.060809212405668174 0.9249899703870491 0.02556373895137265 0.05133205922590175
0 0.061451462405668185 0.7796479251849622 0.026457681459845308 0.05415753446174399
0 0.9714600219578005 0.7951768924174787 0.0288926066715997 0.05576976885452982
0 0.8098924961936905 0.4961029402789391 0.02883844133741925 0.05429367313160902
0 0.9727691203568669 0.9465729258500578 0.02802136569000019 0.052443255678858755
0 0.17387321243984197 0.9332144365034012 0.02809757512031612 0.05487112699319755
0 0.33615626030949264 0.3437309078960234 0.028235174151681686 0.05207618420795304
0 0.8889183666557536 0.5702306665362902 0.028223393806658472 0.05368050719099292
0 0.9661478351630646 0.49699369204151556 0.02812076328372516 0.05368050719099292
0 0.9700854998660672 0.7189863193875433 0.028401433992665957 0.054252799138118625
0 0.9690837930358008 0.6446659437177843 0.028655891836665677 0.054480666253918786
0 0.2118306114060363 0.9352902921915254 0.028634777187927486 0.05446641561694911
0 0.9307336242014065 0.7196462656980561 0.02892844636785446 0.05397624544863137
0 0.8056850125568445 0.205941574056151 0.027402349623191987 0.05108628193640957
0 0.8911322264450121 0.7956889482062927 0.029366936651309464 0.0555965456992733
0 0.8524343407482177 0.9477831768997212 0.028738796411831618 0.05486375777818574
0 0.8878257686010125 0.4963888576453814 0.028911852339308784 0.053668173131609036
0 0.9296876563252732 0.6447788879289701 0.028478598982521107 0.05470655467629049
0 0.9675759878064677 0.5706097054207335 0.02810341392839887 0.0540394733822512
0 0.8502769813032846 0.6450653052954124 0.027913515301697726 0.05527938940917508
0 0.06298700770228194 0.6329185120930307 0.02640431212085409 0.053448870125814195
0 0.062212339583636436 0.7064789469570689 0.027198320832727135 0.05172659660565489
0 0.9644810952239347 0.42392906565884336 0.027866199093464303 0.05242875710468492
0 0.9322107768160728 0.9465597595332788 0.027982791725721847 0.0536142577781857
1 0.6939157257086384 0.5659492522090825 0.003806624096209929 0.015148169685280669
1 0.8438442574499497 0.13366722029612083 0.003425426532966396 0.010447217436985262
1 0.2951005971783315 0.6452653561970506 0.00342373570913628 0.0031136474190094554
1 0.8815519262843442 0.07025682302993537 0.0053935031558885104 0.010350530283588729
1 0.6150501059159825 0.05978520515432647 0.00820786241916567 0.007347071377114538
1 0.7043990900398188 0.11483605955493252 0.005569548775723812 0.014680654911865825
1 0.8528174251654149 0.8700812332916925 0.007647284055629819 0.007946243428129027
1 0.7330963102310316 0.0661666877565539 0.015555054186863478 0.030903259736825835
1 0.26267271595705627 0.3462255523931661 0.008914759439530484 0.008098893410083786
1 0.965185429641132 0.43360573557111864 0.007261598236397223 0.03078957852121184
1 0.6485991201082445 0.06636143250823666 0.006588107666089526 0.010159079774422148
1 0.030014124422585175 0.6321363955188531 0.007711018879060968 0.008108262597084956
1 0.7308464355138493 0.28176157386354467 0.008632143818980621 0.0070865496253495
1 0.029203280346317105 0.8525552190713821 0.013238281946870533 0.030506928662557033
1 0.9648440169943319 0.572902811146887 0.007328640392397578 0.0076268370517227745
1 0.29778338495714124 0.49550248444551176 0.006845703710881998 0.013686248034568032
1 0.6500692185073109 0.13672588871222657 0.007547870739422168 0.007123661648171172
1 0.6110699954573166 0.7940256344666771 0.008573424639433367 0.008395041579444176
1 0.7690048776251605 0.13515122239544772 0.004289927929254755 0.01426411005801089
1 0.3321686248230906 0.9407017215887435 0.003550378141648597 0.014775662134089474
1 0.7284533382999667 0.871413292229497 0.0032885882329999907 0.015259914993225194
1 0.615871150099449 0.9458336957936633 0.009028906602632086 0.009700164233416343
1 0.6544933961686652 0.20822189658152174 0.009167828755910669 0.007412702278104522
1 0.2620235190926471 0.27415595153532457 0.007479250727657407 0.0068122689419036824
1 0.773799728051693 0.9420251668495927 0.005579062507119964 0.0149225526557884
1 0.027376464142916716 0.7795542964090642 0.004003517133268974 0.015515170065631545
1 0.18826377342295325 0.2611911399139785 0.007668453154093485 0.009784720172042962
1 0.306954431126651 0.20218177615149344 0.004125911032956241 0.015207042822779834
1 0.7682169831200066 0.21008662591403082 0.006276239031295798 0.012064586743278491
1 0.493760248986267 0.7940734970939689 0.005705887513868033 0.0138868784116557
1 0.2987530818215504 0.5656858305632497 0.00646853994817302 0.011151344062126816
1 0.10994212793125605 0.4211026891532457 0.008178862133693707 0.00832686882628453
1 0.8532145888259479 0.948167086315362 0.008700306147363107 0.01261650316495477
1 0.384024549739883 0.12371652188628113 0.005137444837633354 0.013585927996280271
1 0.22057639016034342 0.34604770618524894 0.008942271608813706 0.0084545858259181
1 0.7722647059599599 0.4218800566583784 0.007622801461253261 0.009939551229962137
1 0.9739598905263304 0.8747097653847533 0.008391431639861427 0.01026341499322513
1 0.7704602491296931 0.7222642877409884 0.010000148846586893 0.009834013395182547
1 0.339253867832156 0.41888671982616693 0.007853386251512552 0.008343104919449364
1 0.6949926817675156 0.7989655550865244 0.008419806435301973 0.023279897652942284
1 0.8145811268218202 0.9442111668495927 0.009610121093240666 0.009353217922903606
1 0.7306999698366329 0.726832040889979 0.004953156535665595 0.014667412314188603
1 0.934137754829536 0.8712656517077985 0.009625983512406544 0.0067747413288020975
1 0.9567680571228662 0.07056882302993536 0.008291242741199807 0.00892830712833233
1 0.2202489432959342 0.48835263621900443 0.00783965662575906 0.009380551581553364
1 0.37399674146935097 0.7117663372318219 0.008156394571769102 0.010076112376849196
1 0.22052871768576132 0.20543992994357632 0.005913156625759066 0.011728350406945505
1 0.3700811058777527 0.9415381852970287 0.006385788244494556 0.013238629405942304
1 0.45865161430320556 0.2696728837537641 0.007571228606410977 0.009432651731246286
1 0.1821838412696243 0.49484649601597785 0.004881968644091802 0.016137330581760288
1 0.7313466555888991 0.7991533060317733 0.005712395489799054 0.014902384709636273
1 0.4169130197486784 0.6368602105123994 0.004633517405623666 0.01620819786954251
1 0.93128894858647 0.9438123052719646 0.00978154776013996 0.007756271612390996
1 0.5283486768390621 0.9473911431538394 0.004059915898391669 0.015764835798512736
1 0.731795384510899 0.48657490023507666 0.007688592287932035 0.010660238383358734
1 0.8455041400003491 0.06761068250823665 0.007495059083365733 0.008857914507306748
1 0.06969475335488887 0.559849470135022 0.006265980574158585 0.012192411829422718
1 0.4508324807390733 0.7169937866913251 0.004530740560814191 0.017980346028740095
1 0.5298190252381285 0.7997775560317733 0.0052244400175909 0.01564944259777734
1 0.4950876415688 0.20321698438825175 0.009003672678933762 0.009041183534452315
1 0.5758925013293219 0.13310349924019133 0.005650219521043909 0.015166663747498066
1 0.33603249632762333 0.6396803241893544 0.005675165334180432 0.016554644180055266
1 0.9316811764947366 0.6491670794376717 0.005918176255607606 0.015142043099061649
1 0.3707284904556179 0.862403396459481 0.009150848360836626 0.008933900297936802
1 0.8507312936287486 0.6453585504936012 0.004019627386031271 0.017570650478035965
1 0.2568727725756876 0.5673267871993948 0.00918847894797483 0.011666449750251067
1 0.38227115817108315 0.26864927217613593 0.009670533204566258 0.010282540153618042
1 0.7310010571898327 0.6477182736488577 0.005993070196198848 0.01803965467668976
1 0.6541899163191769 0.5758222027182491 0.008543222179687622 0.012164954927331821
1 0.9271614465590039 0.572924341140621 0.005720889063075832 0.016763343349703544
1 0.8810767304999442 0.14030497659410152 0.006343894724688634 0.013535279523780053
1 0.2541512638638146 0.9412508483698447 0.007406182778465018 0.013729572091151361
1 0.37964752562068377 0.41462691403735286 0.004038962874434629 0.015266270186564753
1 0.45180747070693955 0.8621650917203305 0.008943853046946344 0.011006956086750931
1 0.6523401984430438 0.4939146544337305 0.00936900328982133 0.011546081513550832
1 0.807840253538444 0.27887921486770445 0.007286767128264495 0.014168461005801087
1 0.338870062602823 0.4944006275889869 0.006157864159779365 0.014964362556948246
1 0.6135174522875831 0.872485016434417 0.004704816208233247 0.01950225182543654
1 0.34041002044682256 0.27247933111394035 0.007798952526712126 0.014196658029226934
1 0.34285042306148905 0.12724774714086443 0.004354974618445355 0.019694159548844264
1 0.6565321241631764 0.6426774636613898 0.01022189891355333 0.010959476813613003
1 0.17941548248227604 0.7157643588235125 0.008465898761151593 0.010579083518279724
1 0.21509769677897475 0.9339753869935962 0.009549884846076441 0.01954735123469574
1 0.6943308951742102 0.8749523560554207 0.007492028174131117 0.021751580980736755
1 0.3328338547588235 0.8718379864406831 0.010840882196580463 0.010818522372199432
1 0.5800110806778541 0.2776108053188602 0.01137081194290878 0.009521271706182098
1 0.8478421620920823 0.20814485016453374 0.005282147450298586 0.01874191928567008
1 0.9258272497608709 0.21303751963030296 0.005105105925475966 0.018136146639580263
1 0.7745893696204929 0.876141602216965 0.005231345644719817 0.02057042339053273
1 0.6931176614609046 0.3541009620320167 0.00889219037140957 0.013391808287751442
1 0.21321421681286537 0.8582439209674234 0.006091531185039292 0.019129524870474247
1 0.2524066488807599 0.6394086427973398 0.008161510303883006 0.013687968530306759
1 0.7699356065471603 0.35461276782083084 0.005096863681520993 0.015561089331148872
1 0.1866264327357479 0.41510909784728006 0.008104067949192384 0.014618522997594557
1 0.5329869630178609 0.7156490614367418 0.012435793485322297 0.010292895519573474
1 0.4891114216652008 0.8673573448693208 0.009461493917602036 0.012196685539987984
1 0.10308888925327363 0.921072099072768 0.007044154811619504 0.015737179185121627
1 0.8508020727114163 0.575860193271278 0.008642854577167243 0.015050613457443662
1 0.8496963157204818 0.4939275707505093 0.00978428202816398 0.010322914147108602
1 0.5295354820683951 0.8709014864406829 0.006817831586390664 0.015884414993225293
1 0.2193416070586432 0.7036609530128396 0.007310984151176989 0.013902290857347805
1 0.8900808008300759 0.49789690653305735 0.010914469109751981 0.01076558571220473
1 0.26107595724518323 0.20445973752774196 0.0048829632700206835 0.018624859887152602
1 0.569047857733056 0.8733219885400099 0.005792277686379759 0.01742919603662241
1 0.7718787822672931 0.495636961272208 0.009626215121786528 0.012491695190505981
1 0.7294508082035658 0.351767321510318 0.013198789086064876 0.011673304089097681
1 0.4979903815366663 0.3482710425662475 0.005866586339466856 0.016670304089097653
1 0.5347162561875943 0.6419400194502038 0.0075403798247891075 0.014429923124125698
1 0.40938091628094697 0.9455113237194006 0.0061651674381061035 0.022781352561198672
1 0.3470467845338881 0.06237918040890977 0.009920002792576444 0.01333424504153753
1 0.6533353510577102 0.9407716142097691 0.00922604747328777 0.02660922422088435
1 0.494068390555067 0.5694414785133293 0.005089604376268133 0.0201370644056331
1 0.6538370137045104 0.8728707116952663 0.005964850675154846 0.02112553076950717
1 0.8127471358402208 0.8769142427386637 0.005067661221775243 0.024213592856302035
1 0.4128148018725452 0.7939088876156676 0.006877382827758323 0.022198328920822154
1 0.8457811289544823 0.27693464005174484 0.006735820129232419 0.016461164327207636
1 0.17550711314328482 0.9383201634156272 0.010228996320460287 0.013515711662923563
1 0.968670181668598 0.9477251731475734 0.007476230786796437 0.024675453674121373
1 0.295681344016464 0.9377356417336997 0.01144034308376388 0.016583264506985575
1 0.9245157828984707 0.3547122957152379 0.011012216384142055 0.011770029343680963
1 0.18374918805855828 0.3502950930355078 0.008976588659479806 0.009452359526435793
1 0.7357239297080984 0.945031419998583 0.008657726865797343 0.01808961264325633
1 0.3782198198041502 0.1973128696616332 0.009973290195500858 0.009674288814099794
1 0.6959017940113038 0.9444588352656984 0.013586977563941218 0.014046331599858835
1 0.4576818100876055 0.13356363976189006 0.008689792854144517 0.011851713238331445
1 0.5728988708063886 0.9457817805265479 0.00958487010824446 0.014194222121557437
1 0.8060836548907548 0.06997926934044817 0.0052579161852441235 0.017690534482242518
1 0.9211577597930046 0.14310231027732265 0.011570431219076296 0.009936170045478789
1 0.809484990216489 0.4922303381482819 0.006471019567022329 0.017413323703436116
1 0.5332011467426612 0.4947475738994997 0.006465377797323224 0.020656255177973867
1 0.893742001233619 0.9437991031962849 0.013855120595996105 0.0257426967570189
1 0.1877835286517858 0.12920314887162088 0.005594597371352816 0.016877576886786167
1 0.4519115208676077 0.640056397375941 0.00912195826478466 0.015328205248117687
1 0.7334772981714319 0.4222660019192277 0.009045769021797812 0.013956999639801805
1 0.4187472607302778 0.49057893232813754 0.005686039497356701 0.021011306768134144
1 0.26836072902486585 0.06558759339622462 0.005545161880221844 0.019186764039952238
1 0.8935744755364755 0.7973659176094015 0.008032340614284757 0.01967449628726457
1 0.6907840123169846 0.20359823156690293 0.00637535205391829 0.015462697574457585
1 0.10515475423632831 0.4907380278093669 0.006427442269256226 0.01789933476227811
1 0.25662222727907386 0.7051920153371088 0.005198158388637951 0.019953011713803488
1 0.812046766363154 0.5686171727245152 0.0060578780841755815 0.020987452828004908
1 0.49851664258253287 0.05357770410466301 0.006866674706399747 0.01577095770015944
1 0.10409981172785567 0.7805864718830745 0.00970899976078355 0.013071117221569386
1 0.13788475511776777 0.9268105699292235 0.008924444032135081 0.02096712089803283
1 0.7669304860563607 0.27676066689648837 0.007001883745788207 0.01640999906009228
1 0.5732779902834552 0.06356359882501551 0.008210848016511276 0.016952081873749032
1 0.8827054604356769 0.2871461731944691 0.009449527275087704 0.012800784302143427
1 0.8926465639034084 0.721088983001838 0.016661778394017102 0.016175738649765615
1 0.4524434164913396 0.5655848369419673 0.007056178340546498 0.01747344653002417
1 0.7332788413411655 0.20547262700927735 0.0063637669943317305 0.019696138242272714
1 0.6927249335526378 0.6437747704998674 0.01193551769247565 0.014352425223452571
1 0.7755116388144534 0.6469598673353116 0.008928855495197471 0.029534256744486717
1 0.7733177280516932 0.06084376304246746 0.007979889828186147 0.016005968196793938
1 0.41642259706974466 0.7152975624864051 0.010335366818422986 0.01578523235178512
1 0.3720842695382858 0.5592628748865026 0.00751846092342842 0.02575825022699469
1 0.41764947759267795 0.4212770866521124 0.006855300543223371 0.020724169105571053
1 0.7292165130063663 0.14166236816546368 0.006893764966865619 0.022394732132273585
1 0.3733430015014846 0.634531631027832 0.007206003002969124 0.03283870416752319
1 0.8904732787383426 0.5746208153455408 0.008282163880418959 0.017361510716145837
1 0.33711011681842307 0.5682051448301082 0.007009362132313329 0.02181150861681891
1 0.6564484116224845 0.28175395287409893 0.009363018765604183 0.016002104967947926
1 0.4902670742798673 0.9415478073712914 0.009202799146935055 0.021464833699185684
1 0.811942017376887 0.8027189775968694 0.011398902203374865 0.024134616262200436
1 0.8533931330094143 0.7957436386653308 0.011216872422562637 0.01972616155437994
1 0.33133678949735684 0.7803051560631036 0.013629751673647151 0.014683084772296972
1 0.06123691188876533 0.8520161039030507 0.008340478828366608 0.017156486949645895
1 0.10292813925327363 0.8552158464414338 0.007560933557383186 0.027084183402660472
1 0.8518687478768312 0.7277799618050218 0.008928855495197471 0.019556467303781924
1 0.6518186231494435 0.7999125302366932 0.015543680023687102 0.017375052076078753
1 0.029693328479167762 0.6870773181957779 0.00637683606905492 0.007141623429193034
1 0.41870249968441126 0.26504916269783463 0.007007127864289636 0.02227209804175899
1 0.8891259735090095 0.6472543304873352 0.007897858651085932 0.022559545198388396
1 0.7738044138039595 0.8004111697087284 0.010906478195119104 0.02116711206354662
1 0.8064674601200881 0.14141519974935793 0.009621831873243104 0.01610417214480569
1 0.25934513320280583 0.4894338306534289 0.0060012664056115226 0.02468444993060951
1 0.06415939621081124 0.7111502748173159 0.013626398692804095 0.016010232570259065
1 0.06319729342267012 0.7799342483051056 0.010082799387703519 0.0174131795458388
1 0.17693832220260755 0.5600118475050737 0.008147693184869468 0.01490527225765052
1 0.06474687965996113 0.9262132935071925 0.009717529353812893 0.021022568053970726
1 0.573496609760522 0.7209851524676071 0.0065420427871782675 0.027957635469445262
1 0.9657543332695314 0.5032494665205253 0.011255317126263282 0.01482759410951226
1 0.2282696252698508 0.06008782504855437 0.006248919864437485 0.018035840061967356
1 0.4920380100321337 0.6398798799781686 0.010176670651467802 0.016554644180055197
1 0.22052137360949334 0.4165928212634011 0.0065136810155861915 0.021903027358470974
1 0.4138348028862782 0.5671468369419671 0.012226778451490204 0.01594589284053693
1 0.03855581432091329 0.2053572592096695 0.008983841184189866 0.011893691874759122
1 0.6521105889981106 0.4198672798136348 0.006749306491688455 0.01995177858387228
1 0.9729246626180635 0.7952318328765168 0.009435582227061793 0.02035066155438018
1 0.6122036169618492 0.7153844240640335 0.014516623465032227 0.016010620774156707
1 0.1048402011007375 0.5618703786672083 0.009204614743838236 0.014985228893795444
1 0.041842171464990925 0.13407453572187975 0.011198670455399821 0.011691225938765475
1 0.8153511057438199 0.7206247898403153 0.010533295799640505 0.022691687059605305
1 0.29320393373679554 0.7878984474796337 0.01053680127019064 0.020849577894894843
1 0.3716188940840175 0.4995926307379772 0.015169960846968544 0.014159034122044422
1 0.10447772549056462 0.7093439767133572 0.006609827286201522 0.021141636362341894
1 0.4569464956294792 0.4205638249257153 0.012007771183196509 0.017760465204454897
1 0.49009977006426725 0.7152071482689533 0.00953740757813524 0.023549180761624763
1 0.14112648497281233 0.702448507676623 0.009861576661065425 0.022782113762485113
1 0.42550469952374315 0.052797458303316815 0.013107788588819981 0.032497689252723436
1 0.9702986616043308 0.7193150108962448 0.012429712749995065 0.022517463904348965
1 0.0647530765243703 0.6363528446933812 0.009705135624994525 0.017521353361975404
1 0.08037970980406708 0.06300988676007967 0.00852479591320644 0.01940605266370372
1 0.4613151233216062 0.05586677624158623 0.0063767533567878785 0.021933447516827548
1 0.26075331003332436 0.4222913138017842 0.00904327511748462 0.021897099162947256
1 0.5720309471137218 0.7986149176094014 0.012552283768777482 0.017974719442520912
1 0.9618077438888655 0.35224899202575066 0.007038094181465085 0.025077979852847484
1 0.2641165687451974 0.13190375455974512 0.009542071286994408 0.016792192055117523
1 0.5402735313205265 0.054701343576698265 0.012436191136520265 0.01631745979948634
1 0.6525902205347769 0.7274527382501551 0.011126830610887652 0.0222064723016565
1 0.6939157768830393 0.41660373617427604 0.009535446233921614 0.025006527651447886
1 0.1742785269059938 0.6372623711154122 0.009756987608587188 0.021397828958534603
1 0.9610249065356657 0.28341108951124794 0.006961680520932138 0.020670063246213947
1 0.9319225259075363 0.7905382191995617 0.014672224494005638 0.022553880510982338
1 0.9226660650223375 0.0694196009243424 0.01368534690707536 0.01601609027105664
1 0.6537793942274436 0.34919082360964493 0.007106394858621341 0.026404977753520718
1 0.10412814360921015 0.6309239097391637 0.007894827286201521 0.024582204309996195
1 0.03823462645265557 0.06583032051385083 0.008259265700359609 0.01946071359678263
1 0.21879860610031276 0.6337224644931264 0.010935609762765643 0.018605392906029423
1 0.6919418461994379 0.07223491196147375 0.01124382089434309 0.026349931301921918
1 0.21879534921966615 0.786404149375675 0.012113795998640896 0.024217875998853326
1 0.4573469516564053 0.19877078912740237 0.00977003180827802 0.017534462478522847
1 0.7737908053727595 0.567793116935701 0.011754739240985586 0.022236452828004894
1 0.14190315755845917 0.49613923918561537 0.012604363896572584 0.015070651826650835
1 0.8084640695650211 0.3505269351872732 0.007475962396176459 0.023732754598264266
1 0.5755625786503881 0.5709120642958775 0.010415285796243614 0.024379901237844497
1 0.9257023381278037 0.49930241073171117 0.011923282659341632 0.021923482531884045
1 0.2929034215418819 0.7099962002913264 0.0132858918634182 0.018698083518279857
1 0.2241132926010348 0.2759325619635524 0.013780470219014922 0.013890701174607752
1 0.3077832185842877 0.05456759611773796 0.008326698490592921 0.02414017327506174
1 0.4952282289219998 0.42331189349058984 0.009748803201867044 0.01984744804964158
1 0.1350849476262404 0.8560024738114854 0.01237599281178937 0.028168841934846908
1 0.2165277586264386 0.5656826164654879 0.012548123524058877 0.01989091586660311
1 0.14038240320252263 0.7796467577853127 0.011935576438935865 0.024443092818128582
1 0.291193085304591 0.8683391729860136 0.013582104405781397 0.022100836491820198
1 0.5359991377242606 0.1343747792339253 0.01051666498985498 0.01701433111394038
1 0.33436625838722295 0.3493551830879462 0.014754950499246237 0.018892250399610486
1 0.888989821908076 0.4261274545277213 0.01022277231161913 0.03497012801204516
1 0.6136561711774493 0.571987591140621 0.01079047085036578 0.020233289660216404
1 0.30504007485546936 0.12995958856594186 0.010102689778719927 0.027894860067511008
1 0.41628432700547746 0.34624534940472507 0.01841182668988849 0.023914583033168235
1 0.17959532307550358 0.7893652720056233 0.014745694930661427 0.01715652505083263
1 0.9545397197696665 0.14122450763749891 0.010695306988933326 0.026064234231600467
1 0.1508434990245827 0.05215473094940662 0.012689325574583342 0.016815442938399056
1 0.6144458127462491 0.3475075157215039 0.009416448758632522 0.020192915666725913
1 0.38237847444628276 0.058492653564166164 0.012329555296299387 0.02509841450730673
1 0.1430626863042228 0.5601317824592912 0.010675863896572583 0.0252970554383753
1 0.9709348573887306 0.647089721009034 0.011567843272928587 0.028476326241785692
1 0.4573783542710719 0.34846629571523785 0.01073353180827796 0.025459364076565568
1 0.0749638770498166 0.27451772049573875 0.009592524133523813 0.02469412392710483
1 0.4573513874086717 0.49607076916034903 0.014892686450410426 0.020404534122044328
1 0.11459568629567937 0.054460415903624056 0.011174306387958355 0.02055751474287537
1 0.4218662517118772 0.20708198963656896 0.010121631919221556 0.024060532962625225
1 0.10994832479566521 0.19656027615149343 0.007971189659111678 0.025310937134655608
1 0.3345717694330895 0.7136198156353956 0.014549189453379617 0.029517627072137502
1 0.8050434617720238 0.20945246850734434 0.0110163417770735 0.023095104472297054
1 0.5361326708618603 0.19762081702180945 0.01291799231092127 0.021829964577849716
1 0.5011402751329322 0.12765572239544773 0.00982985144026551 0.026860440592241668
1 0.0382062324395588 0.27100547795735563 0.01144051365877189 0.01653053316221438
1 0.14107991975337275 0.636255205121609 0.012493330794872363 0.03062649697092804
1 0.031771633134458216 0.414149518419339 0.011616593794334402 0.024511421670346468
1 0.1108963866431291 0.27291945627542813 0.012714543320148753 0.015740191694400718
1 0.533457550476257 0.42176115965859995 0.010263052293330367 0.030532035688557217
1 0.5370966708618604 0.34629701467184043 0.010989992310921246 0.01982013672265535
1 0.8876021913851426 0.3508738814977859 0.012176989174019442 0.0306219819521745
1 0.30402725516902845 0.2766490233398009 0.011542492914310733 0.01777360496669061
1 0.3013048492452965 0.34324946092535247 0.01659674727024722 0.0197466047863323
1 0.032580829998867404 0.3363416967050418 0.012536823760443771 0.021031970657586677
1 0.15128907306696013 0.20053785541758665 0.015117916167810858 0.019633989978717712
1 0.11453282566856121 0.12889064887162088 0.012471700116776684 0.016743173094703342
1 0.6116794099475586 0.27955421004565867 0.012691382851480922 0.025190929556366995
1 0.5342834529857272 0.5673772864014702 0.014769078650388236 0.032646791759543305
1 0.03165185874463106 0.4912403787573876 0.014199487523152763 0.01651493097019531
1 0.5749446770494546 0.2054467943757196 0.013498438410910129 0.02413803086329828
1 0.4930713694770667 0.2770564479398858 0.012009911633067149 0.025397114836374187
1 0.19155073858400454 0.05744333391601753 0.010167459744262964 0.03015945645578655
1 0.14572728125338688 0.3458004439835285 0.015696447523719074 0.021479272798725618
1 0.6162033900673154 0.41954186349685596 0.013290691767697862 0.021400834372686358
1 0.5735214581595884 0.3505874641313436 0.010597566906377427 0.029199258796918086
1 0.5722807192054551 0.6436929699593704 0.012873783768777486 0.032875158875343445
1 0.5747080133889215 0.41941625296889123 0.011508633181576933 0.024046724894385002
1 0.8834484724952766 0.20971546384148884 0.013916073486020142 0.02438114663958026
1 0.5330319740637275 0.27422366794615183 0.01316681557705555 0.022681331693649942
1 0.2981223283385099 0.4173372562176185 0.01651759047361929 0.02876759916294717
1 0.0674886261769206 0.4155881193673596 0.012435743641968157 0.020495114086180887
1 0.9222421844994043 0.2847084521385396 0.01268575854014243 0.022864676923168976
1 0.1517217533805192 0.1353056027862525 0.014057276794929038 0.028214186612090842
1 0.5748417965265213 0.4962923549428971 0.014525243640243053 0.029540040420025067
1 0.14539149031270965 0.27137950165787333 0.016172750659309884 0.03666609004345692
1 0.07259699987184834 0.20449725174805258 0.011982933540296276 0.029561186431732455
1 0.07677640231253974 0.13086615089021109 0.014559738421679078 0.036713388508132244
1 0.06886646589725215 0.48856971074499406 0.005383931794504286 0.011604315801863956
1 0.03255414532937179 0.9142622244242294 0.0077082244553431925 0.008853026095962084
1 0.6907916563538414 0.2760569725888532 0.003159674132274384 0.006553281248400103
1 0.02432274165510569 0.7096076124428977 0.014626147543159324 0.014324942357906571
1 0.690769183702046 0.13687644855664843 0.00541272626078277 0.010410160316468867
1 0.6857155004629543 0.80683947532792 0.00770015683755032 0.01432927949443366
