0 0.5415177746287033 0.05722044208534478 0.029079364388616948 0.05639213275522972
0 0.3874605301913827 0.05579872382144347 0.02769487485175212 0.05563463698670953
0 0.34892809205813125 0.054278973821443484 0.029193815883737585 0.05557505235711303
0 0.46444965375932384 0.056394956895524186 0.027254584538881688 0.055039153912628855
0 0.2305600973378605 0.05128153306216105 0.028600794530031864 0.05673196772751651
0 0.6950330271617091 0.05586145477978427 0.027874816145617053 0.05695206505155251
0 0.6584456658914825 0.9458762712560586 0.028467507282996872 0.05492787590021642
0 0.580154108001168 0.056773454779784266 0.02688518145231695 0.05520016660706833
0 0.4269426108652856 0.0557124590112641 0.029750778269428728 0.05635608197747182
0 0.6570455755356487 0.05646945477978427 0.028657665426502166 0.05638011582931042
0 0.1100414115028265 0.048489060566779915 0.030780144611605803 0.05561689579235947
0 0.10963625546936613 0.35041102619345615 0.030722359530302782 0.05721993068716854
0 0.7357221456154768 0.9463618280439836 0.027980138606440413 0.05447346239346806
0 0.6190076755014148 0.9452381013171227 0.02717909257676474 0.053377705961280456
0 0.8121129921978002 0.35207426349901666 0.028600875279187463 0.05548054916860359
0 0.5031989776385997 0.9466075016224432 0.028462697329660124 0.0539258660834088
0 0.8913236238614267 0.9474850547708445 0.02688439606699292 0.05344200893974592
0 0.9695803831952036 0.9480188900561219 0.026444710616353135 0.05349879670017404
0 0.8527325971587592 0.9469578111180645 0.027363127577404934 0.05328149624530678
0 0.7747210729544812 0.946981094969903 0.028317208368702183 0.055414004708266434
0 0.1052995960435141 0.958832469157876 0.029122794343405162 0.05617140473210567
0 0.02952234142299841 0.047285577492699224 0.030331263182767743 0.05469988732939982
0 0.30767133376227374 0.9520769934143872 0.02810371913585826 0.056666055486024325
0 0.2301895730508046 0.49984793161094226 0.028612272941537693 0.05750622140771196
0 0.4646063983622003 0.9481675526551047 0.028772116921622733 0.05659495393050842
0 0.30968649249429586 0.053763497094582516 0.028672412466061042 0.05514008197747179
0 0.618767288038734 0.35237801349901665 0.027504294391566774 0.05608804916860354
0 0.8900054999044051 0.42561056675005465 0.027012578019962673 0.05459961130759978
0 0.028240832716261186 0.3495887716788843 0.029574310534775775 0.057065379343226655
0 0.06763465050840722 0.5009774168007629 0.02949711802633244 0.05916920871327248
0 0.6971125254821907 0.9473014047482133 0.027383846849612887 0.0569566527013335
0 0.8894796012143871 0.20236140921038612 0.027601013081366123 0.05829437385003367
0 0.7336633713284207 0.2786430544430539 0.02687269797479935 0.05582595035460993
0 0.81191263203989 0.27856254809583414 0.028049649566243676 0.05626092073425114
0 0.6578691139863044 0.7216198052510694 0.028712858319776054 0.055529698386719756
0 0.02374573887765115 0.8855889666547472 0.029614446684968147 0.0577861936349008
0 0.06577898098213802 0.7305171522140772 0.029849424696129646 0.05814974634960371
0 0.06969093019258668 0.04795555845104001 0.029245020878108683 0.05574185770904105
0 0.8123008739442046 0.4991536668007629 0.028224111786378767 0.05671367486143386
0 0.025755408403920352 0.6543807354729128 0.029570140015170956 0.05874657136897319
0 0.8504278679110564 0.05385867789273918 0.027306072915508104 0.055396111157907484
0 0.618620027244487 0.05669294843256454 0.02781179439156665 0.05533714544966921
0 0.7728624088253354 0.4986319316109422 0.02836251503849945 0.05686217062995402
0 0.9301799761238237 0.946963819581024 0.02663530488179312 0.05359150470826632
0 0.9684532669744835 0.27719630030039943 0.028086030223333013 0.05715556420274923
0 0.2704677962653591 0.05280103306216104 0.029400858895170023 0.056195069283032306
0 0.5415928635150349 0.9458542189545168 0.028216112035892253 0.054336111175004836
0 0.9694773250848437 0.8749588410293752 0.025828536285273523 0.0549397299501194
0 0.06524023368069978 0.807715064723762 0.030276984064488584 0.05878193825615365
0 0.024093359829808477 0.8093720435663627 0.03106221557490052 0.057924014422790424
0 0.5418564117722311 0.20377861019727045 0.028552595498684545 0.056880779605459196
0 0.9692469391891511 0.5737964442675483 0.027418055045688308 0.055849303735709406
0 0.38603946272733847 0.9502650103403064 0.028314364057505117 0.0572139708564276
0 0.734361607835612 0.42489697255497955 0.027667149400687412 0.05421613951963769
0 0.19097711602762074 0.050307052103820256 0.03055724095914081 0.05686894657011736
0 0.19079472348696927 0.27578810098933193 0.03079447746633199 0.058459806484295815
0 0.23080082844792815 0.1254632294236844 0.02893175135304356 0.05639758346742952
0 0.38734740114354005 0.2778355946421122 0.027619122153190373 0.057488937660170415
0 0.5809511851113472 0.9449642712560584 0.027685562072818973 0.05502068632766508
0 0.8516326854016238 0.7238700863166068 0.028177989982793042 0.05600318444114063
0 0.6957612023035662 0.6467556388617641 0.027391962274085798 0.05736444583201534
0 0.5421421424644632 0.6467143128234618 0.028484856393851683 0.056017962704345545
0 0.022920953796348127 0.9621548453125932 0.029319425096473978 0.054770385541450556
0 0.38713087685648406 0.12921215748852735 0.027637589770449077 0.055551676559985684
0 0.30952725328854286 0.1270399519190655 0.028353934054555132 0.05746508769890933
0 0.14599704026771898 0.9574319362894096 0.029696284536473497 0.0569462374396569
0 0.8894032371100795 0.12767966511815543 0.026935712234801273 0.05608597190352714
0 0.06656938431703661 0.6539212312414328 0.029774671997567868 0.05872153751713437
0 0.9697361737375209 0.7994859720608308 0.027063835283757602 0.05662933663501985
0 0.6966752841025705 0.8724816182261289 0.02761578214490198 0.054089992387524474
0 0.7345936051370503 0.7211902876214316 0.028131144003564004 0.055289568627450734
0 0.5812498098343969 0.7221446370382542 0.028144509262102164 0.05627207754867339
0 0.6965867400680331 0.7962842896959111 0.028070541390836482 0.05742162371920944
0 0.6955540568458886 0.352297507151797 0.027712832336987646 0.05592703647416404
0 0.5421874856940145 0.7973286221008242 0.02912875188021929 0.058771814699197546
0 0.1906384788840928 0.1997376990583468 0.03063249365770258 0.05833468651290302
0 0.34881795761316503 0.12786518710888614 0.029726073979422896 0.05673162578222777
0 0.7344368605341738 0.49885542526372256 0.02796816019493478 0.05701116639847427
0 0.10909126896217497 0.4247539852494189 0.030234408104414648 0.05601610566779899
0 0.5813810396249796 0.8704362604055423 0.027992062072818902 0.053285237479120486
0 0.14998399217672945 0.12403575269682343 0.029542896909823216 0.05801250306931281
0 0.8505630354141561 0.3515763354324077 0.02788395150447759 0.05531001517219686
0 0.34741380427826646 0.7998896747422374 0.029476359060725897 0.0580307351451219
0 0.42656934197535323 0.12883966806722694 0.029305251283810913 0.055700672328505875
0 0.30861823170004876 0.6501607862506706 0.029244988025790588 0.05805445288753817
0 0.3081607263029252 0.8011561387746589 0.02878149342291411 0.05728575630252102
0 0.10662459403878222 0.7297721733714764 0.03056874715695306 0.05904372096072463
0 0.9282477452357655 0.052693253427698664 0.028353919959219685 0.05610985021895655
0 0.8527614896994107 0.8737616126408011 0.02847445043857283 0.05588486781095407
0 0.6569927261719855 0.4258714535133203 0.027799439713558128 0.05556911836223846
0 0.5034992504831223 0.05688658442100247 0.027843498467855075 0.05453245127838369
0 0.9674534567477113 0.2019047210117166 0.026701496935328247 0.05839586011640472
0 0.23056883114648996 0.2763900925263723 0.02801624055879651 0.05847182341021514
0 0.969861732771921 0.7240726000502358 0.028442613156048294 0.055393349244688396
0 0.38743188765073117 0.49961242103224274 0.02869112755031388 0.05643921717623214
0 0.5421448467196087 0.7222815520687862 0.02793705587687777 0.05654590760973738
0 0.34684616443617666 0.9496630188032662 0.029093606362164105 0.05511601317122594
0 0.2282150352709398 0.8788185639787831 0.029027853898390795 0.05586705822754642
0 0.8145044144226311 0.9467460843912033 0.028567547020895968 0.0552419750879075
0 0.5418542702854836 0.872451448287193 0.028324018806340924 0.05567263287603705
0 0.34844768332610915 0.20213965674354853 0.029437041596681653 0.05807274575362057
0 0.38750389574641647 0.352297507151797 0.028082616756066776 0.056821011085285165
0 0.696177986480216 0.7213916924177198 0.027391962274085798 0.0558986800533632
0 0.695697076406612 0.5726476625280227 0.027680494656826926 0.054384983832812955
0 0.2677031051505957 0.877832566094523 0.029590681756337778 0.05747096090351029
0 0.5418056813622014 0.5727805835882189 0.029354167061366176 0.05616370606433349
0 0.772715779587856 0.35197270397520714 0.027768245769293303 0.055873413195065245
0 0.9681459733917137 0.49901021111426846 0.02562618156117338 0.055867594060008754
0 0.18725629316645293 0.955464948983849 0.03064086509298223 0.055098203587818154
0 0.06729027415912635 0.5771143335419275 0.029861903107635458 0.05827539215686275
0 0.27013215372470756 0.1264377103820252 0.0302346277851024 0.056856587698909354
0 0.619032469919297 0.4987066516387243 0.028561427042625084 0.05669069672255152
0 0.9296057473521778 0.7238188843843083 0.027379401198804797 0.054277000314607415
0 0.6192265400665049 0.7968169025292605 0.02797707092485809 0.057386572941451636
0 0.22901417241446775 0.7268372135705347 0.028669558022840668 0.05794166595148695
0 0.7334714972878927 0.20349842064485374 0.027241476879360974 0.05691638357470648
0 0.9675300708520187 0.052085003427698666 0.027367297781893007 0.05529929528444057
0 0.3480744144361767 0.49900442103224274 0.029292525405310996 0.056713174861433846
0 0.23053145479720902 0.425361985249419 0.0286940148458524 0.055742147982597356
0 0.50321683379689 0.12929867229870673 0.028633213669502142 0.05632068925442518
0 0.5805017289533253 0.2782585480958341 0.02818244494512573 0.05684488688241255
0 0.42634333387966794 0.42557346197627993 0.02900374048956392 0.05527112682519818
0 0.06884493289114847 0.35019954946659515 0.029509596437838282 0.057988943381608
0 0.4648261672521327 0.12945317653018656 0.026803568347511034 0.05573572310626376
0 0.22950630955799575 0.6500238074080696 0.029352821515649535 0.05688652059121526
0 0.8115085456964486 0.2030514333392932 0.027391982276484376 0.057512366648787186
0 0.928223181978023 0.20200574847897462 0.027792220805784734 0.05798899745269461
0 0.8131815029920473 0.648155351838608 0.02848031591082877 0.05851345711901795
0 0.6568642501520104 0.20334942487633356 0.02769299307073146 0.05691638357470648
0 0.10567195689525426 0.8830505301269442 0.02986751604688548 0.05717919363490066
0 0.06481761002998067 0.9611983897431313 0.028829715174556167 0.056731364384051367
0 0.26857475038980894 0.7260922347279337 0.02967841286640537 0.05734568287740624
0 0.7728444412080766 0.27841956079027363 0.028778095995352346 0.05597494612313011
0 0.3865189305688502 0.8751713451337981 0.028972288946281583 0.05691638357470655
0 0.30801321550867816 0.8773735618630432 0.028636977231543525 0.05744692705167178
0 0.8144665380733503 0.8732341189880208 0.028040278130963867 0.056021846653555064
0 0.6190069717132053 0.5727342051946802 0.0282325745126752 0.055658345610584616
0 0.7730071750167061 0.5726593737409859 0.0280500258327465 0.05562329483282674
0 0.580883981651887 0.352372255036057 0.028344928753755112 0.056970506853805294
0 0.6195069311434552 0.8718353306497988 0.028454208374478034 0.054714227662312674
0 0.8114733442600252 0.05458898228440313 0.027472084800761236 0.05619506928303232
0 0.890402188379927 0.5729852629356933 0.02657578063992647 0.05463288613748346
0 0.30949536614501494 0.2769235946421122 0.02844066516462284 0.05715489534537219
0 0.19049071808984572 0.12417273153942432 0.031089499054826122 0.0579884692174742
0 0.10639010213446752 0.8064486006913404 0.029798752554076588 0.05803695941355263
0 0.735014177608409 0.6465373383395911 0.027918751166416848 0.057065379343226655
0 0.10817950277080435 0.5760533377734073 0.03021694048715588 0.05704737523094343
0 0.6956004170037987 0.12974540960426725 0.028407574241302136 0.055724206180344425
0 0.7731287878731782 0.6476963476071279 0.027390219162949377 0.057595448656058104
0 0.5033299628447326 0.20355511654449018 0.02840795557381687 0.05732776691101973
0 0.4254716886404547 0.7986741747422375 0.029066514776619874 0.057685675904404286
0 0.46516754899853713 0.20356713347040947 0.02823885882593761 0.0567558176887776
0 0.14671468550693226 0.8810775343584244 0.030981069617776528 0.05680910054234478
0 0.5031903674829266 0.7223460115556285 0.028583779275130273 0.05585333640022985
0 0.7722830405717399 0.12900618922462603 0.028558327105419987 0.05662969771738481
0 0.54207917526504 0.42549921409201985 0.0286971116900552 0.05571861413075879
0 0.14724469899974113 0.8049346091543 0.029934021043664674 0.05679692556171392
0 0.15000664551162804 0.19897469482686694 0.028835676594002664 0.058298635735145085
0 0.46486978280716645 0.722113804547351 0.028395853428814014 0.05594463633112803
0 0.3875851376507312 0.2031826271231897 0.027643078976202058 0.057178771142499515
0 0.6958234304966076 0.4246734789021992 0.02780006344705526 0.0549611183622385
0 0.26765649499268546 0.953051474372728 0.02964796683764082 0.05593309356934277
0 0.734022970692084 0.5727396300882056 0.027742402099249254 0.055485815990225944
0 0.3092666134464532 0.4258029640920198 0.028434675958869955 0.05602812259371832
0 0.19031481475494713 0.3509565452351154 0.03103870317927601 0.05771498569640623
0 0.8916298947971572 0.7236154530524532 0.02903119347438654 0.05447905524912341
0 0.8523500153033686 0.7984503441424664 0.028484989982793016 0.05821158638764716
0 0.5030605891940136 0.5732613652780262 0.0284712298608728 0.05533732022170571
0 0.813288142834137 0.7229897537695931 0.028994606389255145 0.05501461094224941
0 0.4647441107238106 0.5724864413850647 0.027843498467855075 0.05557542165802496
0 0.23068196019433254 0.20047066097502836 0.02839300405160524 0.0577146695869837
0 0.5810892373681633 0.6473687180371862 0.027961666586451404 0.057874433253922664
0 0.027892179992414518 0.42535597678645926 0.030231553661194316 0.05692209720483938
0 0.15029099217672942 0.0495380394093808 0.028350832144340657 0.05562891271827878
0 0.30931347360436345 0.35191900926753694 0.028377890877566956 0.056659998390845734
0 0.8516650665857486 0.6483221783012214 0.02855029593381251 0.056933795434132885
0 0.929987728332728 0.8732392015300846 0.027528275994365123 0.0539361213444425
0 0.2691359010261458 0.6503097820191907 0.029747176359214277 0.05865043596161874
0 0.14975498947816768 0.3507270431193754 0.02908489151269965 0.05755397300196673
0 0.928479740088383 0.6486790756960689 0.02563995930916479 0.057241645158343915
0 0.5418096121025073 0.4986920936083477 0.028307930568327356 0.05611543537827996
0 0.18832480396070006 0.8040976070385601 0.030520305724623293 0.058698819774718414
0 0.14979586043032503 0.4257284662077598 0.029467644211261444 0.057071092973359556
0 0.22845302177813095 0.8028191260802194 0.029202816118526074 0.05852579015435973
0 0.270166785471112 0.2769235946421122 0.029852375086540657 0.05745288688241255
0 0.6580543170198905 0.8714844254360744 0.02879122759434289 0.054560077356992205
0 0.5418970327243885 0.13049013844686813 0.028332826608752186 0.055425714643304105
0 0.38736237415792235 0.4259459513975803 0.028100584373325573 0.05601610566779899
0 0.7727407959688635 0.42495970351332024 0.028420300119802403 0.05404360989927881
0 0.10978701086648969 0.1221557802014423 0.03132488111879697 0.058722431134155775
0 0.503612129530965 0.3520472018594673 0.028069256563540392 0.05602240896358542
0 0.7743713389562148 0.8721169318791347 0.028219761960663937 0.054383455509863544
0 0.26948077737542664 0.5747748568150665 0.029985412866405412 0.05627836253650397
0 0.4649510247114812 0.8728678880296801 0.029009853428813962 0.054991393199833094
0 0.18767317761141913 0.8807675258954647 0.0308726123944205 0.05797703283866741
0 0.8520929136102389 0.5731360747370238 0.02981604809315293 0.056152344936596384
0 0.10999480424361216 0.19833035978901617 0.030265032310861383 0.057794821503648466
0 0.4261771027109032 0.49940401692591935 0.02882178354915804 0.05721437511174683
0 0.10951439261289408 0.27489412637821087 0.031381666200099946 0.05935378109541684
0 0.6960883623771701 0.49870640163872426 0.028046282421293735 0.05614005850032322
0 0.5031557919187226 0.8731661933787892 0.028929534917170905 0.05600680281497295
0 0.4259578365782298 0.7226232728112522 0.029135778269428758 0.055473615173729125
0 0.7333715943428031 0.055333961127004005 0.028095208769046545 0.055003103134870925
0 0.8508381978128012 0.42605465114857083 0.02822924724658797 0.056096697702858266
0 0.10719223388087197 0.6524257650932714 0.030800994458391323 0.058412529054174864
0 0.2683833740405281 0.8016956493533584 0.029747176359214242 0.05747080284879917
0 0.34707516713473846 0.8752575787889624 0.02925060096504065 0.05559889319983318
0 0.34784266713473844 0.724205753769593 0.029882568582299398 0.057148619405209045
0 0.9701940896124336 0.6495421677593355 0.0284922396715333 0.057952966621166876
0 0.30877148170004876 0.4997554083378033 0.02834744484880227 0.05583121717623218
0 0.5807244924461341 0.13019815537278745 0.027574434150878735 0.05573572310626378
0 0.889889637533362 0.2776516121017299 0.027703484026186425 0.0564424075434741
0 0.9286847909349479 0.2769435022326979 0.027382749860964735 0.05583807793637819
0 0.10860237642152348 0.5008224125692831 0.030159655405852904 0.05826321717623209
0 0.34841305157970465 0.3521425029203171 0.029668788898119854 0.05680899415936584
0 0.5812133849867857 0.42572270774480014 0.027649186849440392 0.05646359297335961
0 0.8508900422421362 0.2026658680094992 0.028948023270797672 0.05809140131729169
0 0.6578542920451877 0.6468310260284148 0.028822142496426145 0.05751522016531677
0 0.851126865315901 0.498680678537177 0.027371378866527598 0.05622339156953581
0 0.6190399062923296 0.12997491172000716 0.028350541693005177 0.05618321041182424
0 0.6570333471241429 0.12967091172000716 0.028181692412119944 0.05557521041182428
0 0.19011470459703686 0.42550497255497943 0.030337472069208414 0.056624105667799025
0 0.308357591857959 0.7249627495381131 0.028723708341611164 0.0568746617200072
0 0.34852019142179447 0.4258029640920198 0.029883068582299444 0.05602812259371832
0 0.4648321564578856 0.7975682234042554 0.02862161152449933 0.05696373091364188
0 0.347993422531862 0.6491802968293701 0.029130541596681655 0.057285440193098426
0 0.7357054814863312 0.8726321274509805 0.02824782114239628 0.054817863579474185
0 0.5812694416593465 0.49899584360834776 0.027841407905934243 0.05702462408079221
0 0.26998164832758403 0.42536198524941893 0.029933616990855314 0.05604013951963764
0 0.2699066456290222 0.3515465198462364 0.029633106196608205 0.057106985696406126
0 0.9276850024995604 0.12712240825134094 0.025588202045369813 0.05395659550618811
0 0.027049427293852752 0.5006674083378032 0.02990059683818264 0.05795320871327242
0 0.14819434154039265 0.6516002799034508 0.029726230565238106 0.05795352482269515
0 0.38694249511007967 0.573415869509506 0.028314364057505047 0.05564632868466536
0 0.30884099519285757 0.574327869509506 0.02908849342291419 0.05598037099946362
0 0.3094549951928577 0.20197864404910904 0.028209417863184684 0.05775072036474164
0 0.6574286453912237 0.35197270397520714 0.028069256563540392 0.0561714047321056
0 0.6188836616894533 0.20393962289170992 0.02788754709012889 0.05750079653137848
0 0.8122662421978002 0.42520698101793913 0.028154848293569953 0.05453816490851662
0 0.8124890056906091 0.5736393631622863 0.02784784829356984 0.05609331599022589
0 0.5038043370297682 0.4985412492570916 0.028788480713805163 0.05671881278330456
0 0.7336183146586235 0.13020416383574707 0.028287638606440294 0.056343723106263746
0 0.9294781913582303 0.49956884437842203 0.02814943448680957 0.05596999792460573
0 0.2696056348347752 0.5001339062220633 0.02963310619660824 0.05748218755587338
0 0.7719632526022384 0.20372191429763395 0.027918751166416848 0.058257345491388036
0 0.6565512398832587 0.4979786424720461 0.026493894290334597 0.05413440194473862
0 0.813352236811212 0.7971720603134871 0.027166224180799132 0.057661362417307294
0 0.8919131904963395 0.7983986834110549 0.02877766865203128 0.05628151213014603
0 0.06478871748932917 0.885228244159366 0.02982546787311798 0.05855470632934025
0 0.2277199035245354 0.9538889764884678 0.02833860119982901 0.05731010626378219
0 0.4257669602289488 0.9479947730347459 0.029958068747855268 0.05475943700458909
0 0.9677364588641237 0.3512686679952911 0.026139841364663272 0.056521433092641744
0 0.4266286189022738 0.35197270397520714 0.028821783549158108 0.056469396269145954
0 0.024811255069021765 0.7318821479825972 0.03099295208209168 0.05819781405328073
0 0.029904594121560175 0.12132428654866205 0.029590714608655862 0.0579534184397163
0 0.6953686697023606 0.20340011231301033 0.027643068844178782 0.05701775844806005
0 0.8900436811161322 0.4989608443784221 0.02688391138823646 0.055565888055573824
0 0.02830931443738073 0.27384514753560996 0.030463800962632563 0.05963975570653791
0 0.15021249487529123 0.27563910522081175 0.029548386115576124 0.058757798021336204
0 0.890145923852337 0.3523356501895256 0.027703484026186425 0.056828644686432804
0 0.9684535169744836 0.12671554558763087 0.02859910286128291 0.05557854057167209
0 0.6193946120076218 0.6460459050839649 0.02845214286597513 0.056220047387531134
0 0.38663549511007966 0.7992011683950176 0.02860339644024636 0.05784568859884376
0 0.4646377855057283 0.6475358349126885 0.028383375017308057 0.056976431730138784
0 0.2299638149551193 0.5753888652780261 0.029214294530031867 0.05720838792538286
0 0.18957595729559862 0.5753023504678467 0.030163009849073222 0.05733334984206446
0 0.4648665382042901 0.4987811773794624 0.027787342634566906 0.05686267062995404
0 0.8910159165885422 0.6484267364274806 0.027803237057156482 0.05775182928487713
0 0.3486736914217944 0.2775315946421122 0.02988905778805226 0.05717892919721077
0 0.5417276213525016 0.3520472018594673 0.027843498467855075 0.05632040050062578
0 0.6193686138015303 0.7220613398066263 0.02867800257155852 0.05613769838671965
0 0.6947546697023604 0.27841956079027363 0.026565574241302292 0.05716691227129152
0 0.42585094673614 0.873916616872281 0.029975536365114092 0.05619487627391375
0 0.8505312413955712 0.1280858601836394 0.029255566853567668 0.056492416969011076
0 0.14748243550693227 0.7288781987603553 0.03071050485229401 0.05755376327552314
0 0.06892891939833962 0.27429213484117054 0.029677569452220578 0.05874578109541688
0 0.9302168233515792 0.7982681368643788 0.026858806228577607 0.05662933663501985
0 0.7735112905717398 0.722760251653853 0.028606740751443545 0.056045564395971186
0 0.5032291231249671 0.7978083247076864 0.028937895072843858 0.0578144094854732
0 0.2309137074957708 0.35101301773049653 0.028404982463111118 0.056635964539007086
0 0.6189150488329811 0.4252009725549794 0.028251332171431442 0.05452614798259723
0 0.5035930972896988 0.42564795986053994 0.028482708272378598 0.05571811413075864
0 0.025914647609673266 0.5773378271947077 0.03064114541229449 0.05693443024018116
0 0.6571798118243755 0.5725103779724656 0.02788996623145128 0.05438548383281298
0 0.42592345483182537 0.6486588116395495 0.028916509379496375 0.05803041903569945
0 0.5032943441755388 0.6475137507051125 0.028653430403538335 0.05706917834551879
0 0.658071667942142 0.7973670407514888 0.029673678466984335 0.058761918497022614
0 0.8922149278326621 0.87408363802968 0.029570036392205064 0.05593293551463137
0 0.4268763419753533 0.2033436398176292 0.02901621890106988 0.057202804994338094
0 0.1488397286839206 0.5763513293104476 0.029812961675305692 0.05794134984206449
0 0.06922718558971025 0.12185778866440194 0.02967208024646768 0.058722431134155775
0 0.7721265459688634 0.054737978052923304 0.029148370282408388 0.055599086208951626
0 0.9690686041400236 0.42569899041715936 0.028291559278512915 0.056197266371003314
0 0.426152457530387 0.5731811089308064 0.028772493188125626 0.055474799064306586
0 0.7741832072098105 0.7974700518505274 0.028596025453472725 0.058555337028428356
0 0.5420385543128827 0.2778235777161929 0.028465364388617 0.05716691227129145
0 0.6572154896647944 0.27819606713749334 0.028244966699175873 0.05791189111389233
0 0.3482159360246709 0.5740178610465463 0.02987657937654644 0.056850311758746094
0 0.8113043712456429 0.12852990960426727 0.02758565496336709 0.055379146939626894
0 0.46505192534781803 0.27796055655879376 0.027706600730252225 0.055950912271291495
0 0.38671673701439435 0.7229452982001312 0.028314364057505047 0.055819674414446775
0 0.38712164304785474 0.6485038074080697 0.029274681521549353 0.05772041057273977
0 0.6190655542301046 0.2784195607902736 0.0277998159800606 0.05716691227129148
0 0.928836388395253 0.4254960178844173 0.027275886671214986 0.05457348610906721
0 0.7353142449791399 0.7974132191727755 0.02776635892226108 0.058143680135884106
0 0.18866344110422797 0.7275076945288755 0.031047074614555695 0.058090661720007264
0 0.18928068570710446 0.650986271440491 0.030174488260579054 0.05732149097085633
0 0.4651705436014135 0.3521425029203171 0.02839535342881397 0.05621301108528513
0 0.42623669403757825 0.2778235777161929 0.028940966202508037 0.05746490380833184
0 0.46505466995069444 0.42504020986054003 0.027862595333128678 0.05480060566779909
0 0.5809509351113472 0.7969346122840166 0.028099968843267643 0.05798379506558236
0 0.06915551891783378 0.19744597381342063 0.029521684726388126 0.059084138414776714
0 0.7344311213284208 0.35212472753143814 0.027053649400687513 0.055581477233446544
0 0.5813006160968532 0.2035611250074498 0.028275165260946252 0.057637775373979336
0 0.27032627467686493 0.20145715885928842 0.0295693319095523 0.05760172459622143
0 0.5036279790361032 0.27819606713749334 0.028853482559434547 0.057315908039811625
0 0.5809936160968532 0.5722866343196854 0.027811670658069707 0.05487781599022591
0 0.02897580334663801 0.19672969137245733 0.03049594905647009 0.057943834463408915
0 0.14925985773176323 0.49999692737946244 0.02914816579975558 0.057208229870671604
0 0.06825463971416011 0.42474797678645937 0.029834064055096993 0.05630208027892002
0 0.19011470459703683 0.5006674083378032 0.03063848286345547 0.057655217176232135
0 0.9288630824013054 0.35157450319174316 0.027431789210909746 0.057336076018287926
1 0.025601571283871232 0.5770339297782944 0.014233593993630587 0.02979291879730619
1 0.46091138631875844 0.3492996689761011 0.015491729460528481 0.029334388729960192
1 0.6583065666738909 0.4346356262590143 0.016982079376546527 0.037457396388342654
1 0.6192289970126995 0.5813894964172248 0.015224641495449474 0.034308025278851365
1 0.5778004291975426 0.5773339028656317 0.021213044854187995 0.030167485487006693
1 0.972849689763745 0.8770228058973669 0.009560205196410147 0.025977831532797906
1 0.5776811067519732 0.2768342860867752 0.014483127149969481 0.01722361448834858
1 0.7716058167912851 0.05671397273377438 0.028031601199829104 0.04444797085642771
1 0.7349365908781689 0.3480361012724239 0.020699160167843535 0.04109926178556535
1 0.4981452931254097 0.8047961608751609 0.01207116819628961 0.03308683156712953
1 0.8154120454029631 0.5036923818612552 0.020187004451949545 0.0393999075928244
1 0.5831584814543588 0.8740367077754048 0.011879962908717753 0.017007775062296164
1 0.4977471066663071 0.6537543712314138 0.015771888507635685 0.02218265105835325
1 0.46070000000000005 0.12462000000000001 0.008289999999999938 0.019452999999999995
1 0.22783763116996877 0.9610732804100364 0.021243229957196227 0.02308259467191146
1 0.18961804461581994 0.42061224862923896 0.003917540657527917 0.017825505721437554
1 0.7734683065734738 0.6523481733118781 0.005643952392132815 0.014750581083497222
1 0.6129926518614508 0.13209385951188987 0.007072303722901442 0.015566735949699055
1 0.8545944701787802 0.8905075505477722 0.007314309609250555 0.020726403235381982
1 0.6559222292121945 0.6542634473620873 0.017970753364490364 0.03984813450191858
1 0.34396132683300523 0.6437362953990107 0.006175126680392778 0.02035266696465826
1 0.6531740103277209 0.8768492829280649 0.012363998087279792 0.01631156585612974
1 0.8517273249028803 0.5049769768446398 0.008435446419500699 0.018462200894601516
1 0.4223176150132143 0.2818193858692413 0.020436681452316943 0.024834915608796724
1 0.5811547092973204 0.21498604986888378 0.01837231065217 0.029173260534000846
1 0.9654790154326652 0.3570435547734066 0.01835571125835036 0.043766658891972995
1 0.4615106633043761 0.5822425232135408 0.016851767240393212 0.03993714798259734
1 0.49888785028504096 0.8729358205043952 0.01805437574510336 0.020304869848571643
1 0.3878247281526365 0.2850680004618869 0.017631380745543594 0.038303119405208925
1 0.3861280478321203 0.4324511537636332 0.014251998516016705 0.03795245139758027
1 0.7750765371071057 0.5078491001251565 0.01672550405160499 0.0376422848799094
1 0.7733955798009715 0.2083677550956553 0.01180962182207844 0.017676552506108865
1 0.4988438919970017 0.7287697023261863 0.010397365939473317 0.03152108440811633
1 0.27254314756151155 0.5726147707551106 0.017168757343158283 0.0228376853805353
1 0.46221957473496 0.28360157662852375 0.020250117087178787 0.03319019557184576
1 0.4217183380275966 0.6646076857232255 0.018023105892587404 0.027778489927886132
1 0.657617563975329 0.278658070281304 0.018209579376546513 0.04248122519220457
1 0.5807650262782424 0.3535881076196436 0.015539547159361166 0.028207299868883755
1 0.8079046307906952 0.7293043669318792 0.0177432076101548 0.01728375078967759
1 0.7325317491270688 0.5805350803385184 0.013769422694407738 0.03560425376959303
1 0.8540589868227826 0.43045672053599976 0.013203459117975314 0.040441908015385414
1 0.6145372685857958 0.7326487346958425 0.01918990405280936 0.034090501836086105
1 0.11068097232055242 0.5837805486024198 0.01429639606699293 0.035371139519637655
1 0.22125396116057724 0.8889268107753742 0.014092341364301259 0.01986972310626374
1 0.46123804505078053 0.4276268166756065 0.017999025336078497 0.02584774336968833
1 0.5378800476665644 0.43142020030991124 0.017628503582028353 0.03405452756421724
1 0.42002490230995687 0.7249239050151975 0.015239256045801826 0.01829689465999172
1 0.5760910288083602 0.7314506794750678 0.01757843053492534 0.018765718461622713
1 0.7343198462752923 0.137198162748078 0.021180122387978693 0.030091427051671747
1 0.6575510450853969 0.3598874891382085 0.01593453080243447 0.03199807136897312
1 0.463543789653657 0.8748851919512487 0.011882482159090314 0.0303714600691341
1 0.774746633772207 0.7251594155938972 0.014977224367425695 0.017825873502592404
1 0.3833949938608848 0.8008702667471245 0.015202944544781476 0.02821357580904708
1 0.9007131175184258 0.7360750458350036 0.007135060705771437 0.028380174071781217
1 0.34616031922044227 0.5793018049496395 0.012914541292660812 0.03985875376959292
1 0.10624849342592425 0.7324693288485606 0.01262597605760142 0.015721691548960016
1 0.45850773568242154 0.6513768888342572 0.01728892279073131 0.02563289614994958
1 0.8886589701261134 0.4299481216059188 0.023247222338376693 0.0355729024260292
1 0.38551260671735693 0.5029293776297754 0.010215191846219591 0.04479980603730853
1 0.6150072523944251 0.6579688091398589 0.016999583905601117 0.03051192716857604
1 0.02687812255654487 0.7352819730615653 0.017851212730348492 0.022314056141605573
1 0.10717872723455363 0.8091426440342094 0.007153378909377653 0.02746237269801547
1 0.9806620302475522 0.6510472493631737 0.013823342581254323 0.019008048071507272
1 0.3450883138233188 0.4309434206895525 0.015811079072525554 0.03977595139758035
1 0.8920621205493959 0.8810771685610771 0.016645950546991854 0.01847802380360362
1 0.7310553376964847 0.6520055605518803 0.012357589038992941 0.03569923112223633
1 0.3910300105353778 0.5832888557273974 0.016187494085137966 0.027414779158471892
1 0.6205314536172467 0.34949337031408306 0.010958380248875743 0.03490681679480306
1 0.10223758469390211 0.8871208361642532 0.015229599225198188 0.01871380773586016
1 0.6153872063158086 0.42603857725430605 0.021397380248875775 0.026342298378926002
1 0.06753859846966112 0.655631888834257 0.017652669953704517 0.018314862298110766
1 0.6143620601711629 0.8807701471836578 0.015166377462817274 0.03694816369561039
1 0.1855199047737302 0.8911081711365397 0.010909777164719064 0.03696239305083736
1 0.4653107869550952 0.8024734194230885 0.010455563115943318 0.037820906549853976
1 0.4335272472427411 0.19465417012336853 0.013368967499864512 0.02245636563561599
1 0.6513864506357349 0.20987813449848028 0.017878847300233983 0.029555370552476364
1 0.42401 0.134347 0.012281000000000014 0.026747999999999987
1 0.2664812572362995 0.8864292176828179 0.012134922721498792 0.038870511532272584
1 0.4255019351758204 0.5793371057273974 0.021743816380405373 0.03323233839918946
1 0.4252278758074615 0.351952050494666 0.016723235423552245 0.03982317715596881
1 0.692685878660928 0.6521250418620804 0.015018908379723547 0.04054904705744817
1 0.30749054521633645 0.7324842421032243 0.018463014872943308 0.026121568836045144
1 0.6565104810061032 0.8016499070850928 0.015960681423373594 0.027296123059043522
1 0.23037462307428344 0.5034451043566364 0.014814697574454997 0.047642242565111126
1 0.9360753598027176 0.8760504779188272 0.010488181825570203 0.025954947374694743
1 0.4609880801320836 0.9550387359794984 0.022111084704437522 0.03842959044043152
1 0.19018113636692013 0.5081413331992372 0.01242370257123416 0.0385477764169497
1 0.9324443030061617 0.43212869993555625 0.015637888098473385 0.03730092174901441
1 0.8137098758766941 0.43040101378210865 0.018474160002287663 0.025365205286369843
1 0.27280054280072485 0.27785948107753744 0.018309526233090668 0.018749122951308195
1 0.26593926533198475 0.7313100513439419 0.015476487486981265 0.023106102687883722
1 0.10797306628709205 0.4280649333839919 0.014745530028836834 0.0437449767864593
1 0.8114174131734363 0.6583109505334049 0.013125729198649095 0.038286019548244815
1 0.3050194345753039 0.8084988432564515 0.010160761208136889 0.03709373729066101
1 0.5379389218813533 0.8813837142104111 0.019890936992257822 0.02723229774911684
1 0.4208482462764965 0.8808003171225937 0.009980438581757565 0.037314676559985875
1 0.5807546013548496 0.4334229883932297 0.009239170326957874 0.028856985249418956
1 0.3068467115609216 0.35326583223076463 0.010569852959237059 0.034513689850408286
1 0.7729918648822747 0.5748167686393706 0.015476654204819695 0.020519630371297552
1 0.23124302371062025 0.5747482792180703 0.01638901503849925 0.02274254997318074
1 0.614598606469023 0.27937586894332206 0.011536169761057594 0.035979771738482595
1 0.027080977317331594 0.5075989262917934 0.014435395266304227 0.025031004916860396
1 0.14743144013798337 0.587752470320043 0.020864331701854796 0.03398310989927887
1 0.6932318109938171 0.2119136112253412 0.018320643576128587 0.030550273228440374
1 0.582042068302644 0.8042482507530326 0.0159107185507583 0.03117052113968072
1 0.42352620628119225 0.4292148060969068 0.014256863988272622 0.025949671434531314
1 0.538568119624537 0.7978462148676032 0.016419705396830613 0.024532658574988417
1 0.35054424684239677 0.35124262242982296 0.011972966699175852 0.03230228717444433
1 0.6967053193233647 0.5757904160282772 0.01420428611678035 0.025426140945412578
1 0.027450679381362596 0.6551045950295012 0.008127291444671206 0.03337505214851904
1 0.34724224954095856 0.5066124284075333 0.017673928919311 0.029089941444663002
1 0.6209151474305719 0.2091336556558794 0.017866767875526025 0.029852362089516683
1 0.5791258810390291 0.133771510072114 0.015356213503946241 0.025025070921985842
1 0.264360399776951 0.8109899278860482 0.018333207802801784 0.020787889623934575
1 0.7752367449896753 0.8053668275820967 0.017007109874960007 0.028458191787353204
1 0.5422151382472383 0.5789963192781463 0.01078662786225622 0.024341264942224557
1 0.6938547948024467 0.28215031604982427 0.014064568016399024 0.03698669134036593
1 0.7357479564332028 0.8782676390577508 0.01621682651242854 0.028970413522855887
1 0.388548 0.12401200000000001 0.016273000000000044 0.025531999999999996
1 0.7744276553607012 0.8818850967429526 0.01742124595591985 0.028291311967340086
1 0.8946487098313484 0.6540918373543039 0.018546274386796346 0.027532894446671462
1 0.6163158926888415 0.7921967748628094 0.01743872061220049 0.022821513058905993
1 0.23265496973938488 0.4296262426247095 0.007394401698904894 0.03317256987901536
1 0.18506957969712293 0.7314797188300853 0.017680137805751693 0.03170651382680749
1 0.03571978715890598 0.20016805419538244 0.012993953468494468 0.01938213351592682
1 0.5374894395467005 0.7287730029368275 0.01760894975479013 0.040003215079821526
1 0.3056814858479775 0.8878924951874368 0.015308390739101885 0.03058010885630849
1 0.3811707411623231 0.9519370050211575 0.02010296613327556 0.044633052357113095
1 0.6562221444490599 0.1333632198730556 0.01633475111825508 0.03269545667203054
1 0.14569294775054634 0.8846239930716968 0.010494819941363075 0.03801108769890951
1 0.3061114221555985 0.6544341140711606 0.01023436700440079 0.03441802252816028
1 0.3841860969134354 0.7290064962155075 0.015276297808039395 0.03277906907443833
1 0.029224238111578673 0.4274035730228262 0.01150342225192193 0.025400256064127852
1 0.3834388594159187 0.3444154972584779 0.013309148669231222 0.024799138387269826
1 0.4251451927883835 0.5049076318612552 0.010266363988272593 0.039651331426187576
1 0.9702184315853922 0.9573886985045998 0.024561601674164803 0.035134056223391656
1 0.49844457715057167 0.14017832811848144 0.01703259493278429 0.03307084242207523
1 0.4268460588265396 0.9552922719470768 0.01800203129910232 0.03404862852375005
1 0.7280748134094287 0.21291187603552064 0.01636206745049893 0.02318989594135528
1 0.38431624386088487 0.8810805332707552 0.014263476927522641 0.04033014270814702
1 0.9687041243895901 0.27500914436040824 0.01569853086533014 0.043630700729686306
1 0.8135830773025821 0.8810833954049704 0.014965122222422836 0.024232875439537564
1 0.73532782738536 0.8048542053906669 0.017659106196608234 0.025907537725728656
1 0.46224028695509517 0.7220213838577985 0.01479049835046099 0.026485869271112704
1 0.808619531427032 0.5759907093986532 0.018871998088581445 0.025919528815781682
1 0.8929053974881634 0.8084791457241299 0.013114135172837011 0.0347865111863237
1 0.06342809258941524 0.8019699596221468 0.009920109619100921 0.03465594463317243
1 0.8516013778658577 0.6555663910113613 0.013300494235095684 0.03696511162981875
1 0.34601555302907167 0.7941743619554205 0.013956600661019681 0.028195766225639296
1 0.42248908263047313 0.8056856990434472 0.015277573509846187 0.02573450810536983
1 0.731645130873473 0.7285445090291436 0.017047713172834246 0.03370304344716618
1 0.06196210608222409 0.8861105544281542 0.015561179781706952 0.028184159634066477
1 0.9328003641474918 0.7256824207151229 0.011337757350163227 0.029477088635567937
1 0.812999410957997 0.9530813692711129 0.025313284136128923 0.02386884856070087
1 0.8142552691939532 0.8017909291376126 0.01798539495626325 0.03501400560224084
1 0.145095361879692 0.8092796228768104 0.016355658993901494 0.028082389623934688
1 0.2704416430373193 0.5075987841945289 0.00872931303316539 0.03248107753739791
1 0.576451 0.5091190000000001 0.012587999999999988 0.03465000000000005
1 0.6925320819240334 0.8791956243325393 0.012895048050352978 0.035715928420822024
1 0.07459649503031177 0.42594910304547356 0.009858103511591922 0.04410274748197149
1 0.11235594042093347 0.3519815928094643 0.02072931067926095 0.031420329489242456
1 0.6930252116301541 0.3565230674205853 0.01888434770057861 0.02770122793372664
1 0.6945232797649892 0.8022109508073277 0.02245835088226255 0.030575141392399845
1 0.14653869505198455 0.6601524759222838 0.01030837930972204 0.033411002622325686
1 0.1047299075550699 0.6471692065379343 0.019576288124522154 0.025108514631384457
1 0.02467314096335494 0.967536570951785 0.009317711764103842 0.03727324345908567
1 0.2660112734276701 0.35646033646224456 0.01533247129561062 0.02335681679480295
1 0.5026436176289982 0.4272007510876691 0.013751697478131611 0.03921551910125753
1 0.0233380011212652 0.8077418474879314 0.010633442874171447 0.037415762679539874
1 0.30825612406460895 0.4342928660826033 0.012717706056939225 0.03873889981524519
1 0.6916243028981319 0.4280053145598665 0.019278078810646013 0.02598472221228925
1 0.46065568219430847 0.5033849855325109 0.02127082660875221 0.027499055694618284
1 0.8521924889391952 0.5796626413297746 0.01949931807490013 0.024567832004709023
1 0.06955206608691987 0.5852820232135407 0.009261078202604316 0.034752122593718404
1 0.8935731008744234 0.5020915826415353 0.01639188214186657 0.027277577291940535
1 0.7681158001167921 0.27616069299421897 0.01815503007097836 0.0295964875439538
1 0.6927421684531656 0.13533020717861616 0.014935272140849021 0.02816549898682881
1 0.07193555167136961 0.19609587291938052 0.008913375508672392 0.033074814686158145
1 0.50307 0.503951 0.011359999999999953 0.036474
1 0.971724747874105 0.4271032945537396 0.014577981220619991 0.02461880884554312
1 0.9305477842457469 0.2766260014347621 0.011434792467283733 0.0286245796819421
1 0.85198827525817 0.8026978901347738 0.020010259964540335 0.030720137343901516
1 0.615310856718283 0.5055047263612482 0.019865576729966954 0.03561476161135483
1 0.538217243695329 0.13095525372489425 0.01334198199353424 0.031551558227546336
1 0.6937642743370701 0.7343529755291642 0.011750692556373466 0.027656259947186623
1 0.5401473146827045 0.2778473091364206 0.014749528918106993 0.029203170629954124
1 0.6530686158726001 0.5021683462501204 0.012008023097484579 0.03733627783355565
1 0.14716780569301713 0.737970155357888 0.020338062811922426 0.026473420734251116
1 0.5782195160458278 0.6495206735329556 0.02244940500986098 0.03037621639420572
1 0.18985722223777443 0.5834020507181598 0.009158390504313484 0.035532152214077156
1 0.2292176900552054 0.7320072124828657 0.011559863919040058 0.031247509595327495
1 0.3447695854118129 0.8793161179003517 0.018555611455266886 0.030747345819178717
1 0.06641280259411102 0.9613056788545206 0.013131518834245385 0.03453745926455687
1 0.9290395218345693 0.3537952854504215 0.016399093313848728 0.03564917518051882
1 0.34313224366071265 0.7288869561356458 0.011896938747313535 0.037786013826807296
1 0.023699291599691755 0.889829690178199 0.014275518433901018 0.035347473448954066
1 0.57847674273844 0.9567278982173663 0.02221155613826902 0.037282175579835306
1 0.4996907947678304 0.3437152239853388 0.012282578741413634 0.03305349028547588
1 0.9711107260827201 0.7984889628750552 0.01334567614123018 0.028177475095270063
1 0.1070343486698333 0.9618778780767626 0.02038560019144287 0.04054485770904115
1 0.3112879242641791 0.2067019056558794 0.010416740585887345 0.032927912867274554
1 0.5008978325476952 0.06645488598843795 0.01242709493278436 0.035395848143512744
1 0.1838418296971229 0.959586719053579 0.018781089231639823 0.032015548125633016
1 0.1513232306164099 0.2722060466654747 0.01609085868747252 0.023202186423505574
1 0.7747862012362513 0.9540464796322785 0.022122348501267253 0.04488397619047619
1 0.9717010217819023 0.7301904687828246 0.01759835470513486 0.021678827696616897
1 0.49856943460992004 0.2086626344984803 0.0139232774687401 0.032284362089516704
1 0.9308073538527266 0.812630824261307 0.020346989791603355 0.02140884079341964
1 0.38661444576989534 0.650628797857441 0.016289310582937453 0.039942714196316995
1 0.5370485673677208 0.9524262430036421 0.019873716680911663 0.041504205030258104
1 0.772105496628679 0.3490016774390608 0.018754444683246437 0.027844431044758217
1 0.4989080717534481 0.2780173816377615 0.015202573344290152 0.03422687329399845
1 0.4615602680651628 0.20508072759103646 0.014795987556213828 0.02901847210799214
1 0.30745616346993204 0.578854817644079 0.017478240585887483 0.0419446945288754
1 0.5384811132432709 0.6450052781360388 0.022264110688828147 0.032287425600372455
1 0.30512033521164067 0.27513263586924136 0.011313508509575151 0.03940038175695815
1 0.23006857025892946 0.806409797961738 0.019640954324622092 0.04037785326896721
1 0.8544121638567309 0.9524318100303951 0.026770800727844088 0.0332137385422253
1 0.895028768856266 0.5782986235240092 0.010610139405661722 0.03785043931882422
1 0.3062144939436628 0.13481998891471483 0.016650460901707957 0.027397986292389345
1 0.731158732935698 0.06282566137731689 0.015762928091531354 0.0411643396805531
1 0.18545507699856117 0.8044696990434472 0.015103078437392711 0.028166508105369678
1 0.14598966045380388 0.34702918167054053 0.02043677233349585 0.02970348182251632
1 0.8131754266662452 0.2091098718040408 0.010211723801525324 0.0334758282376781
1 0.18767178700325698 0.65474681901484 0.020603014638154882 0.029620731122236135
1 0.7371384402418321 0.28463878854520536 0.01343585889516984 0.03439367864592651
1 0.5416183381449909 0.35379908434650464 0.01572062231874641 0.03374517715596877
1 0.81238696444611 0.13589589793789858 0.01826038031810819 0.03537788050539367
1 0.9265060923561069 0.20092847708059536 0.021260923215593558 0.025557530973608564
1 0.8488626693322154 0.13228053664542225 0.017342707916120435 0.02929748529971435
1 0.3466868381103747 0.2770429006794207 0.014119084469649068 0.03259993676619587
1 0.27004952121223064 0.9644466069193636 0.021704493850349456 0.034215433875678006
1 0.9324205769139591 0.6571867096795063 0.019990950441658096 0.030882858835140702
1 0.49909682623842755 0.956073493003642 0.024136629908692846 0.03366204490812987
1 0.8493245500805251 0.7298929331712937 0.018674266026480535 0.033437388220488945
1 0.9292685705647218 0.13304030724586574 0.01532590868800355 0.02899577929527941
1 0.8499148239883226 0.06069733527129819 0.022106871952435343 0.04296741215856218
1 0.30656211489582014 0.5016806889862329 0.014751175820404899 0.037165471065021695
1 0.49968682897884514 0.5743868569503644 0.016040044575253397 0.03700579214753417
1 0.22665405021311566 0.6566659886167233 0.01533259502910774 0.03889401954824484
1 0.3858619187842776 0.20540539930865964 0.014332740420331386 0.03701088324691584
1 0.1497311955351069 0.5011265151528697 0.01686684249610188 0.030526038768698943
1 0.1927078409744923 0.349630349156684 0.015497584800760938 0.0358248252577627
1 0.07398898069918787 0.27020375858215634 0.0179963804415226 0.030484669497586263
1 0.6953347455883394 0.5027723106389856 0.020001850882262577 0.0262258610557153
1 0.9754905260147273 0.20772088373987044 0.01709284864319459 0.02171539922667473
1 0.7717185582124775 0.1336941500536385 0.01320709483646077 0.03829141858871211
1 0.7316388916677202 0.5049196487871745 0.018715750952699183 0.03754135681506645
1 0.14753234077432015 0.9585019394332202 0.022318089797540113 0.03805899734787527
1 0.7355884672274496 0.9531645219470768 0.01879338588078772 0.04068806082007273
1 0.540375 0.504559 0.014122999999999995 0.036474
1 0.9338527905949842 0.504578204966738 0.016203892331298254 0.03610646486799181
1 0.6962856206790918 0.9543483704578438 0.021154427817286152 0.042588891221008056
1 0.02724071652308451 0.27169396626735803 0.013212884472057146 0.03584801716431254
1 0.06635421402469492 0.7279757061356459 0.01701133090116609 0.0393105222897672
1 0.3445198704931159 0.9555962719470767 0.022968181617872813 0.03493058620895178
1 0.23205763386853054 0.3549047856844866 0.013405246148566861 0.03838757983193274
1 0.8540229007203184 0.3571073369496273 0.01419826207121372 0.03044587991130101
1 0.8509623363995003 0.20295937000624145 0.0167313822472002 0.03367409708683677
1 0.6177009421557726 0.951103497912046 0.0234252572297504 0.042780544908129804
1 0.9315421178984028 0.9533820071368975 0.02060820341406435 0.04204103966267364
1 0.26475762548989507 0.4270397383932296 0.015431680817184077 0.038047586804934766
1 0.9763359772845747 0.5785484187970326 0.01683714948975966 0.026390332004708996
1 0.9321130333311891 0.5740354915373139 0.019888435914068237 0.02810917534543402
1 0.11088851279897896 0.269786563591394 0.017794455435351884 0.02357127951606177
1 0.028748515097196375 0.349612573767805 0.014712449237539633 0.038542299868883835
1 0.656708828032208 0.9525248704578438 0.020784215441723587 0.042128440305046574
1 0.23376748371531603 0.13026098891471485 0.01916637567953186 0.034132053996066516
1 0.7730177628200497 0.42973053282376783 0.01918749325735822 0.027600141814172495
1 0.8135455885799515 0.06284343676619586 0.028736090805926227 0.03457297508790754
1 0.3048676256900672 0.9594704119286013 0.018742175820404938 0.041187908486798985
1 0.26766564168126566 0.13676319236843676 0.010819691611431214 0.02649149475534896
1 0.26809919025537754 0.6527565478574409 0.016574831936643223 0.03836913802968005
1 0.8921230615115557 0.9554739563591395 0.021183509683517183 0.041731031199713824
1 0.07356610704846875 0.34456449302699804 0.01929364393433147 0.025395121461350534
1 0.9674516047146174 0.13704830596840736 0.02097146246020517 0.03376705141294259
1 0.9720843858862098 0.4987478326415353 0.016216539330980065 0.03396507729194058
1 0.07120513085240236 0.11955110316467014 0.01152364836521035 0.03767233327373507
1 0.8532181777978649 0.2741418819042376 0.0225736667370599 0.029533368088150998
1 0.930117870496729 0.058209336548756575 0.025006421386478208 0.035156140040899016
1 0.10869507875954601 0.2026381478506296 0.009593482114225277 0.03567029570125919
1 0.10870942914356407 0.5043176572501341 0.013573815110139819 0.03785136527802613
1 0.8947239213959608 0.13060993364320478 0.01327012487807186 0.03751003208995744
1 0.03154390224072434 0.12726329815543239 0.011830772098707445 0.03178367247750166
1 0.19037644843384083 0.1265810502711723 0.018655315910828547 0.03225419363490079
1 0.6568831422336204 0.06502190079861733 0.02795621970175861 0.03557989468979085
1 0.3457339509668467 0.21102854140592406 0.015121826373963764 0.04066417590440437
1 0.15325140823836442 0.054538370835568284 0.018856740916999248 0.024363868615531352
1 0.8140574968288513 0.2774213985636808 0.018380939686467163 0.03303490714583707
1 0.10947612081369236 0.12602062101436323 0.017910142257701357 0.028309196018833065
1 0.34678629763194807 0.1304964994934144 0.011060562881154989 0.03574697359794985
1 0.8921136278131909 0.3500426287911464 0.017055508657351802 0.03341180692745257
1 0.15177799141065698 0.42721276801358843 0.017890434247202092 0.035615586804934776
1 0.8132840076230983 0.34867965205018175 0.02068044508359066 0.030872414118839116
1 0.06621244243620075 0.5005781339769951 0.015037293121301308 0.045926394898384876
1 0.22738860958147458 0.27953663163776155 0.01973318678020789 0.029400424071756324
1 0.19121620652952614 0.20606697547529654 0.01863135908781686 0.023768069432028135
1 0.6946281716348498 0.06046815926157698 0.024859256915722945 0.041409470856427696
1 0.2708802954992866 0.2037996344984803 0.020494461467608187 0.04052040440431495
1 0.9697846473828299 0.052230196417788546 0.026966887993139683 0.04447577737718898
1 0.1914263095474604 0.27620835568269864 0.017458626066330744 0.030395136778115502
1 0.8880940312674435 0.2791668696878283 0.01853377198308697 0.04099848099162233
1 0.11347599709073068 0.04903732852077003 0.021800316076384472 0.04311373320817691
1 0.23181340815558643 0.20124868104475838 0.015097740751443321 0.04085444671911321
1 0.15295314204699378 0.19553902413731453 0.01809872472562862 0.03737418368198344
1 0.6176659994927969 0.06101078197449194 0.021806471999975877 0.028702555486024225
1 0.1548534980464399 0.13101197925978905 0.015502055903724693 0.030246141009595325
1 0.891191312439036 0.058923452007144675 0.016234761688321844 0.04550031602315922
1 0.03105595081483621 0.050426108141128814 0.01762284765843701 0.034674334763692735
1 0.30818029791489826 0.06275692195601647 0.017234014872943355 0.036831945467548734
1 0.2344280938732263 0.05217249812265333 0.014383531229869894 0.049955021634185616
1 0.3897556503774676 0.05726525023839324 0.020843289960688027 0.0397695174027058
1 0.349144529225138 0.060611646567137516 0.016578466699175922 0.044102411615710144
1 0.19231959907017765 0.05677931582633055 0.017327606389255044 0.029715699356338304
1 0.43139740597476334 0.059672966386554636 0.02124077956678525 0.040019941236068925
1 0.5787704673930057 0.06288814233565769 0.027053934786011497 0.04312531852315397
1 0.463351359816263 0.05938098331247395 0.022652214235402528 0.03613403432862509
1 0.07346221180925547 0.05440403832171168 0.01588930488179305 0.03685018666189883
1 0.27008739756151157 0.056645233312473946 0.021327730357540587 0.0404135681804637
1 0.5390898300493057 0.059586701576375245 0.020476627715869885 0.04168242854162945
1 0.6547692813741236 0.581212125472775 0.023333066336064048 0.034937836278865035
0 0.8896085597480295 0.05319926716132768 0.027141328455521262 0.056918905153472574
0 0.9282226601866377 0.5730874168002903 0.025228314033264847 0.05422827626845147
0 0.8505630354141562 0.2779987923134304 0.028704067725197437 0.05693379543413313
