0 0.25744813209895706 0.49245984148431277 0.029654735802085875 0.0555143170313746
0 0.019228650689527393 0.8572332431327506 0.02844237914492594 0.05392567212412633
0 0.7315533478215875 0.3499295916314624 0.029183483390251473 0.05411386039026351
0 0.05882760508157153 0.7846231928134796 0.029123297613444028 0.05510306403916905
0 0.37305573493505323 0.8656289875941753 0.030044530129893568 0.056311024811649416
0 0.7691710272430922 0.2787164796821565 0.02887294551381565 0.053309040635686984
0 0.5754942492755872 0.4941660332428083 0.03063250144882543 0.055722933514383455
0 0.7310793507025468 0.27764413117857767 0.029223628145937548 0.05424673764284466
0 0.6143002232451352 0.2753082509782545 0.029413658175681718 0.05385788260945742
0 0.6922917000130193 0.2767585986284969 0.029764720193087645 0.0552011577763934
0 0.49616958128611627 0.27339042849494816 0.029704837427767417 0.05430514301010381
0 0.6907492523459956 0.13467324882706794 0.028482510861183193 0.05214479227908966
0 0.6916153492353607 0.20514649176514105 0.029613809305865758 0.05370217620262036
0 0.7701543084187106 0.3500303305672903 0.02897673232950436 0.053913004727419056
0 0.6150160963009884 0.7170311762172211 0.03044480739802308 0.056582647565557594
0 0.6145007716898178 0.34759174542507837 0.029614456620364455 0.054363509149843336
0 0.45561352055185683 0.4929478570095442 0.029474958896286433 0.05574528598091142
0 0.457466594846321 0.2010552007532578 0.02992316673374199 0.05422600534209528
0 0.49708575278665207 0.129825779868398 0.029734494426695818 0.052962440263204034
0 0.6140448240227939 0.20354988673175384 0.0295037550650469 0.05362380640294356
0 0.8042845382468123 0.0674007987555894 0.02813112452999419 0.051875009264258996
0 0.7682913645348235 0.20689996157714746 0.02856244551381555 0.05330907624220477
0 0.7670380052803678 0.06621466713064807 0.02823230343712145 0.05228060063854227
0 0.6531098042274656 0.20438562774089722 0.02939046636655278 0.053510744518205595
0 0.805412295060649 0.13748269510088335 0.02802639625102801 0.05263376149209277
0 0.2541138468643278 0.8634680674606264 0.02851291871388371 0.05549337984503673
0 0.5751670764439014 0.6427230368037846 0.0306658471121972 0.05553192639243106
0 0.9581189355613109 0.2120076553263313 0.027879128877378236 0.052396765194267114
0 0.7674386021697329 0.13705804765218915 0.02823230343712131 0.05107406442852419
0 0.45878322360780527 0.05697140287742984 0.029490127078853626 0.0540249115983817
0 0.5751167518327307 0.42041110228843415 0.02996430255580812 0.054772795423131605
0 0.2617851215595187 0.12867967545094885 0.028554892468790838 0.054017002317143105
0 0.6524885729328366 0.06205992521625428 0.029182879074821616 0.05371148189499094
0 0.38034164744289983 0.056620973539119504 0.029179774393352304 0.053324052921761005
0 0.5753623487220959 0.13160682869351917 0.02965430255580808 0.05302034261296165
0 0.5752619494997546 0.2748894447699885 0.029854101000490837 0.0545776903264742
0 0.10727996688816335 0.1289494810432768 0.02808208177684751 0.053935327846672015
0 0.4185746285506763 0.12917510267142018 0.029563237883335165 0.05351773255623354
0 0.4180245740836563 0.2006377162784893 0.02980463396460726 0.053763567443021396
0 0.852394081934439 0.8659909968191307 0.028889354898288973 0.05563882107177044
0 0.5360183511432033 0.20166151542332628 0.02948329771359324 0.054129969153347494
0 0.33447868502318456 0.7158441436671402 0.03020562995363089 0.05654471266571916
0 0.5364393026985208 0.058603028038429344 0.029524007045497777 0.05379958888975416
0 0.33376733813381937 0.7904345656306578 0.03038532373236127 0.055823868738684244
0 0.3347587150779662 0.6408349139866064 0.029764197839781285 0.05564923109194663
0 0.4173423042562121 0.27319209541079 0.030164886472263397 0.054702809178420034
0 0.8085074924089918 0.35072487470449626 0.02852029333276643 0.05413225059100742
0 0.4564738250188769 0.34665122454309066 0.029854062815014123 0.05409877145965112
0 0.6149665216898178 0.7919238481807386 0.0305459566203644 0.05646630363852273
0 0.457681523059513 0.12905986819665172 0.029778092439277808 0.05328726360669659
0 0.8063242128629552 0.20864605352271243 0.02785310408848352 0.05273204464843461
0 0.33550482950237825 0.5669439310053868 0.029770261685466946 0.055097544837837104
0 0.3016605168109743 0.055991645912961865 0.028965243494658975 0.05430058397222406
0 0.6138646302440637 0.13220059496855957 0.029143367507586306 0.05265045502949368
0 0.7302081715305805 0.20599496142627235 0.029183806581806887 0.054315410681955334
0 0.6905725346424506 0.06356892581975458 0.029183980596088205 0.053510814825990745
0 0.5361989364152587 0.13021005704051236 0.02924357292365626 0.0537309946074328
0 0.7320707718876125 0.4224503488231744 0.029183456224774893 0.05431530235365117
0 0.732704527911726 0.49590376477145426 0.02952717592025582 0.053890546822949255
0 0.6522818291679603 0.13287060993763827 0.028562416485563513 0.052504446590223276
0 0.5750769795545363 0.3472121241166507 0.02988475799941915 0.05516168666653693
0 0.34095905489342704 0.05615555972604068 0.028796810903369573 0.05388334949745559
0 0.6930559037048536 0.4217462652886743 0.029390292352271606 0.054516469422651426
0 0.37750732064077946 0.34597694349262764 0.029835358718441136 0.054240333560577246
0 0.37547387009248717 0.5670817671923081 0.02998461624140967 0.05537321721167969
0 0.8459264368716991 0.28016258609761174 0.028443340907894434 0.053183751957846775
0 0.6148713799285936 0.4942666164755582 0.029908339904791546 0.05471709937638304
0 0.7709636166713404 0.42319473987190215 0.029073080655176296 0.0529423249557109
0 0.30089553413076225 0.1285716026714202 0.028968426723163205 0.05305579465715968
0 0.33724113898471064 0.41885890025108596 0.029026722030578694 0.055462199497828116
0 0.728916153035523 0.13605520889384234 0.02790170948212847 0.05179387214554096
0 0.3391057305989629 0.20028753694017895 0.02949796450761016 0.054553332968252904
0 0.45501284537210446 0.5674707109817587 0.03031492169833055 0.054928962602449255
0 0.37469833182441836 0.6409709391535422 0.030525545683067732 0.05631063645920543
0 0.6139914298095829 0.06055117491450414 0.029390290023802102 0.054717316636491674
0 0.7285004656938838 0.06497686582176625 0.028666045741488056 0.05149869241601288
0 0.5746064533880482 0.8672053751776433 0.03054609322390361 0.055570249644713486
0 0.6925384099399774 0.3490244971836652 0.029390180120045573 0.05391300563266947
0 0.18542842489871636 0.05669175458958257 0.02838978374555867 0.05346561502268713
0 0.6535387954351984 0.2757168234615609 0.029373812240238162 0.05428567254268302
0 0.8075881374790982 0.2794569877914712 0.0282022684838713 0.05247840365170627
0 0.5359184519208621 0.2737897672532949 0.029684096158275764 0.05471446549341016
0 0.2957506612778039 0.5666528160151459 0.0296641852209793 0.054461237769385024
0 0.5749217295545362 0.791826509422392 0.030575750222832085 0.05705033618860381
0 0.1446403976324724 0.20027930535655183 0.028692518732912103 0.053312324186734636
0 0.37393555904470505 0.715937923829177 0.030201790791736478 0.055953562923017904
0 0.3784749642143955 0.20021675588971594 0.029662566555896705 0.054039239816863774
0 0.7333279126636455 0.5686895741179576 0.030394174672708867 0.05513885176408501
0 0.49739097662016407 0.058203939280082544 0.029744046759671912 0.05378012143983494
0 0.026670031839941512 0.3446229140498763 0.028102459649878325 0.054266171900247205
0 0.21894633373226108 0.4184348759466194 0.029083541867382424 0.05510324810676117
0 0.8446965441973453 0.2089107466375151 0.028162240396084972 0.05326143087804002
0 0.49440189139567964 0.7915247594223919 0.030576023429910646 0.056057481155216526
0 0.4571657448610775 0.27331485579323034 0.02989639748410317 0.054203267842374676
0 0.8124960212844847 0.7916588638626326 0.02858747619819782 0.055351062468047274
0 0.7346896406009922 0.7916723175401406 0.029985731309459855 0.05576236491971919
0 0.3791668103993468 0.12849340992571734 0.029513110336871054 0.052899409165753954
0 0.6536270045195093 0.3492004988008431 0.02897699096098144 0.053560002398313857
0 0.2545244960866691 0.7892565168055365 0.029734814047931445 0.05619325632215219
0 0.7735356504804258 0.7917681663143045 0.029567736573481575 0.05595406246804723
0 0.41950772016492843 0.05680723906435103 0.029512985375678858 0.05295152187129795
0 0.9566401719336372 0.14259455040198057 0.027644957668153662 0.05085805088989829
0 0.2996863250017526 0.20048396659820505 0.028922679547525813 0.05333229163665387
0 0.9206223413236599 0.21148450486505946 0.02714278192635673 0.051703388424793655
0 0.4966250289531402 0.20106774914828585 0.029413942093719635 0.054110501703428265
0 0.3737270595462238 0.7906776617721494 0.03038568712882198 0.05592070598828044
0 0.49398596600685024 0.8672153589026028 0.030345067986299587 0.05675828219479427
0 0.8828723687178984 0.21022009494365565 0.02807836307601254 0.05305673426575896
0 0.8873795535547966 0.49630294919834406 0.028462411657573614 0.05468570650665587
0 0.030440393230914065 0.1293291023517044 0.028031841533885493 0.05235844026320403
0 0.25817962975583614 0.4188242309800066 0.02943374048832762 0.054324538039986804
0 0.8904151550958381 0.7168591907128223 0.029392196064046455 0.055281408767667885
0 0.7339489126636456 0.7171116043331139 0.029927206291472195 0.05558490466817651
0 0.454752919983275 0.641369777911889 0.030796563144084705 0.05555089384235035
0 0.4170433215760001 0.3462339900683222 0.02995020825907143 0.05512695776242945
0 0.18304833077680807 0.20056693522802627 0.028612328415759277 0.053622005342095276
0 0.5748663787768776 0.7169438211838339 0.03066534711219721 0.05640793749878334
0 0.02555331189472315 0.4172668108464577 0.028472899540315094 0.054324538039986804
0 0.37815294689460754 0.27319184541079 0.029785106210784968 0.054702309178420026
0 0.22099568813841264 0.2727972126481742 0.029191118707862382 0.05391304365318849
0 0.14601251680003202 0.12855039228492998 0.028231981953110136 0.05391586039675277
0 0.10480118010836144 0.2725046459448673 0.028532566223673256 0.05486970811026532
0 0.37655094438695136 0.41913829853893325 0.029839041946945498 0.05490340292213356
0 0.14719941602237338 0.05702589045496135 0.02700040839350643 0.05376015398991571
0 0.6537941946575396 0.4214037073218214 0.029283715350872905 0.0552005853563573
0 0.26288874855596567 0.05650201315034609 0.028462423578292224 0.05457625634606642
0 0.5750120764439013 0.20245994294001984 0.029154056444101732 0.05339069398641152
0 0.4942511675621676 0.7165641998754064 0.029873978873521508 0.056038049915315316
0 0.6551607724289445 0.7918777187659765 0.030311973909277593 0.05617316737139103
0 0.6949107729247949 0.7920701663143045 0.030317732301160603 0.05617366737139097
0 0.2557463914207168 0.6404842453618081 0.02977502337983596 0.05572660390912469
0 0.33606824290343845 0.49271316214600236 0.029938870619507025 0.05527589625382771
0 0.6152216709121591 0.568317308632001 0.03065565817568169 0.054675382735997945
0 0.22001800523279688 0.3456157690832635 0.028422706642897918 0.05469446183347291
0 0.3385326414923668 0.2730058298855585 0.02892671701526635 0.05470280917842007
0 0.25992245639342126 0.2727969626481742 0.029045720756148887 0.05428507470365153
0 0.029303568619743425 0.20096067666497944 0.02796147520305257 0.05272829163665383
0 0.5340203928628657 0.8669720112523603 0.03029454382529975 0.05666094192769684
0 0.3378139780913067 0.3462118883561695 0.029405825949306526 0.053965161186734875
0 0.18000845920922176 0.418327803463313 0.028522992468778468 0.054499748106761274
0 0.891339715249942 0.7909032773468281 0.02946159452300487 0.05537746982306287
0 0.8839738184619935 0.2807660860976118 0.027739463587821787 0.05297905534556572
0 0.14332337924257144 0.27269957346156093 0.02866236173398364 0.05370214301010378
0 0.7719751612277292 0.49620877425195165 0.029694080655176355 0.05490903136254804
0 0.2552806414207169 0.7146468773921 0.029644717158566296 0.0553182452158
0 0.41537012353536396 0.5673388137680025 0.02986175292927202 0.05514224826214273
0 0.3400254632791749 0.12868708714618868 0.029037706984641677 0.05328676360669663
0 0.8102299798975473 0.496316402875852 0.02860357148351695 0.054712613861671616
0 0.8124602142582417 0.7173113541970179 0.029109102762128226 0.05503255044609045
0 0.1410303124079879 0.41813337594661937 0.028282495403150705 0.05450024810676121
0 0.6541876972073557 0.4951490473447832 0.029718605585288434 0.05496490531043354
0 0.6945196137369681 0.7170314262172212 0.03021457874733358 0.055804437498783166
0 0.4960241336190924 0.4199144247717406 0.030615732761815135 0.054558150456518816
0 0.8490484803933976 0.4963031991983441 0.02852605172464944 0.05430181140999964
0 0.5752772779992188 0.05932632902284863 0.02948416111005401 0.05444152378959253
0 0.10245276249611923 0.41764668215488543 0.028242296782205495 0.05508428065684202
0 0.06894801386565982 0.129037336076664 0.02813248004526743 0.05333232784667201
0 0.6145558724674766 0.42031376353008737 0.03012525506504695 0.05496747293982523
0 0.9599961353054062 0.2822518964802874 0.028365501110221625 0.05383313119249545
0 0.8811811084971432 0.1403290279427698 0.027782312820107905 0.05126794411446038
0 0.6939139422364322 0.5689500098068799 0.03000472796967495 0.05516207501898112
0 0.535496387327952 0.4937636998591832 0.029908225344096012 0.05532060028163342
0 0.37560445099197803 0.493093683984854 0.030134501126678825 0.05451917632916078
0 0.850926217881953 0.6434455114338322 0.029315323619677574 0.05529297713233574
0 0.41575416851608893 0.49276298280997527 0.02971366296782209 0.05502583907956462
0 0.615026 0.866928 0.031046000000000018 0.056126000000000044
0 0.4165299106825961 0.4197417985389333 0.030073247913959825 0.0549928097707444
0 0.2590560289781775 0.34542134156657 0.029383852930866983 0.054694961833472916
0 0.8471282460327033 0.3516995661236445 0.02784953295748237 0.05415965794602324
0 0.29656679392758173 0.49269106043384964 0.02950983785037241 0.05523169282952223
0 0.5356683288650088 0.34632659156657003 0.029784745380617234 0.05455868666653697
0 0.02075607744789737 0.7841854176465436 0.02809215910206208 0.054616868738684175
0 0.22399703226032092 0.05645705972604069 0.028102994727885248 0.05523141159838173
0 0.5752322295545362 0.5679474210485331 0.030395556444101714 0.055882382735997944
0 0.85104591085571 0.717188098067838 0.02856597520649717 0.05440164309107466
0 0.10142111327377794 0.49075780529328167 0.02938377345244414 0.05529838941343672
0 0.10575762388709178 0.20047423287324548 0.02844246933430814 0.05331282418673468
0 0.25641218986539943 0.5663605497401055 0.029504232711740484 0.05582348038624019
0 0.06985371224827373 0.05596049471983587 0.028172189377171978 0.055103429156851715
0 0.4137766278479935 0.7913303319056982 0.030565744304012994 0.05644733618860358
0 0.21705838995353074 0.5656796784316779 0.029513921648255895 0.05562980286954665
0 0.8520907717803348 0.7910820212176483 0.029469215822913692 0.054966167371390824
0 0.05783617590209412 0.8585959857496057 0.028542528367267228 0.05392567212412633
0 0.921593364447676 0.28221483959509014 0.026906143337490886 0.05270024496289003
0 0.733352812871178 0.6430150530788249 0.029363986700183222 0.05377982874218857
0 0.7343732109528706 0.8665167501126216 0.029794740588476688 0.055745459711488095
0 0.5349569819756438 0.7175178700089552 0.030365036048712542 0.055609259982089675
0 0.4956020877315533 0.4937639497083082 0.029805024060850647 0.05532109997988325
0 0.694081390903731 0.6428081858919347 0.02994402056268731 0.05462340154732307
0 0.45405137542688606 0.7914274206640451 0.030194667810036973 0.05625215867191009
0 0.5356733550314968 0.41986575463819176 0.029794797713593318 0.055239520256195614
0 0.9680384981653659 0.7902545746143421 0.027746976413921123 0.054475699077456335
0 0.496224432063775 0.3466086241166508 0.03021513587244992 0.05512275176669848
0 0.06402543641776247 0.41744227091323227 0.028502545828284154 0.05428610314014849
0 0.22317287136691696 0.1285010716209571 0.028562752250853776 0.05440485675808577
0 0.5347166612527666 0.7916413156306578 0.03108618527105387 0.05629059357174846
0 0.2607484589010774 0.20040327141494743 0.029164577182532857 0.05329467771593762
0 0.6546788691438163 0.5682030174507557 0.02994140795543764 0.054903965098488716
0 0.10811106766582207 0.05652946293826774 0.028342194219386878 0.05471407412346446
0 0.8498316702392934 0.5696342333806781 0.0285104564393303 0.054893743045331754
0 0.7727413588947531 0.6435506654953568 0.028822894653033122 0.05446169854186524
0 0.29438331827673236 0.7148023685002044 0.029733677444392217 0.055629227432008974
0 0.4948024882850447 0.6416328430120506 0.029975128095862755 0.0549089589425118
0 0.14255743157554757 0.3451293252915296 0.02813195862334879 0.05411092928339211
0 0.6148610963009884 0.6422558104619697 0.03013480739802304 0.055765538808962935
0 0.10386968010836146 0.34531426908326357 0.02807165533645131 0.05409146183347295
0 0.917501657889744 0.07196032820975692 0.02761902663896116 0.05075926773355641
0 0.4141358896360515 0.7165135443877957 0.03048307410139877 0.05554738390670662
0 0.8435311229881207 0.1391958917131644 0.027828525744792634 0.051119216573671196
0 0.5339356350862785 0.942692063416201 0.029924729827442917 0.05547387316759778
0 0.9185618508200025 0.14102050898103738 0.026834499383613788 0.0512392095787145
0 0.4128551801809696 0.941416675832733 0.02992463963806077 0.05681664833453393
0 0.4560426269782407 0.41927613472585445 0.02975824102820613 0.05480654424551286
0 0.032153298663699384 0.0567118570798187 0.026648224447045177 0.052441445573265084
0 0.41469279934852926 0.6416525604619697 0.029994505968893578 0.056505813975898996
0 0.06737559625341759 0.20046449914828587 0.02879331526975193 0.054072066803589856
0 0.4934799437286557 0.9423119421077734 0.030735112542688656 0.0570497607510656
0 0.14010861474096403 0.4910692890182412 0.028442084515928723 0.05514264679658155
0 0.3723947126568587 0.941114925832733 0.030124574686282525 0.05621314833453376
0 0.22215706689989687 0.20093971627848933 0.028064291905742052 0.05399503639255833
0 0.842331419837107 0.06911424536787049 0.027789361349404677 0.05177266095811854
0 0.21804225490990836 0.49171477938338665 0.029608490180183314 0.05476925493044851
0 0.4542919461497632 0.716944071183834 0.03047551081110853 0.05562972743200864
0 0.5348668850862786 0.6419440767370099 0.030184842269982245 0.05397400625888198
0 0.3331015682502732 0.86491249005282 0.02965467929931644 0.05565673979571347
0 0.8850131600543408 0.3522961841098755 0.027882308971577785 0.053815313531860594
0 0.2995512426139948 0.27339042849494816 0.02865251477201029 0.05430514301010377
0 0.8100178533336168 0.4235619613385021 0.029168052716350014 0.05373628712968333
0 0.9641506487941887 0.49841184131118377 0.0285044599494182 0.0555855541085665
0 0.29757822811238743 0.4187366259466195 0.030114543775225083 0.055706748106761204
0 0.17563695248420144 0.7875728067387623 0.02899370747413645 0.05516196638892681
0 0.7738038484553299 0.7172285476659118 0.03007510545948939 0.05544967799936885
0 0.45372629692742183 0.8663198426275625 0.030145406145156324 0.056135314744875146
0 0.02289917044896896 0.5635771621566376 0.029173569989284033 0.0545396105865635
0 0.8799989469689955 0.07057953675175664 0.02705200339148602 0.05011522973597744
0 0.1823202416702121 0.27251781436032696 0.0288809423651117 0.05447184022888307
0 0.01867261139097255 0.93151757667374 0.028331792771229134 0.055318136585745685
0 0.1393378909074521 0.5649591222234119 0.029304218185095796 0.05535675555317625
0 0.0652873540300047 0.3447202528082231 0.02822220282721255 0.05407149438355365
0 0.18414818971084818 0.1285008216209571 0.028703966974062987 0.05440435675808576
0 0.8110412869237903 0.5694285821548419 0.028841957431030914 0.05525123078697197
0 0.17787491854112625 0.5648617834650651 0.02926337224965198 0.05516207803648269
0 0.4951678390627034 0.5674607272567991 0.03050553120649764 0.05568770521930432
0 0.0632043879730799 0.49006670025989446 0.028262538051697025 0.054694889413436684
0 0.9228374650210501 0.35308505999446477 0.02720062625940045 0.05308669472110216
0 0.027592628167484704 0.27231859742518333 0.02854556319218666 0.05410825603751021
0 0.6935076122476542 0.4952410756783842 0.029176234001919904 0.055518075312039214
0 0.2952947136107801 0.640854132945276 0.02975378211034442 0.05568766900928617
0 0.5745208826651711 0.9425263370743863 0.030575250222832022 0.057089195650904256
0 0.6549760677133928 0.7167491436671406 0.03024537234980103 0.056018582465396226
0 0.8481874866491199 0.42402900153181444 0.029177026701760173 0.05313278712968322
0 0.9553334504685078 0.07300523340109474 0.028481099062983926 0.050731533197810486
0 0.13684880179467407 0.7867748792220687 0.02833200885319126 0.05590224155586266
0 0.811210416615582 0.6428425114338323 0.028784723070336585 0.05408697713233582
0 0.888600734017109 0.5697168784773342 0.02912505073294886 0.054674638141987954
0 0.45331061800601413 0.9420961168565013 0.03051583897043627 0.057007465281908636
0 0.6548706423245636 0.8665339875941752 0.030435118461507496 0.0561742496447136
0 0.09695448349290442 0.8598954860854245 0.028662750122682792 0.05535660769560221
0 0.9630010918633384 0.42567519266835363 0.028928702133840106 0.05339946296943332
0 0.17894687772085963 0.49157719319646553 0.029225026690200558 0.05486661360706915
0 0.6547740618316628 0.6426482942239301 0.030321678706823674 0.05578007154892871
0 0.8864266262203454 0.4242481064351583 0.028138531965781963 0.05395539203302726
0 0.5353411747386939 0.5674918014986924 0.03083965052261203 0.056327397002615166
0 0.6148107716898178 0.9427017971411606 0.03023445662036439 0.05666140571767877
0 0.09863207649397603 0.7116875297418576 0.0284125641205396 0.054850520382735905
0 0.7346538335747492 0.9420536577105811 0.02971637038483524 0.05554368457883746
0 0.1359824549053089 0.860878607393852 0.0290028964106519 0.05537607514552144
0 0.1768686501512253 0.6393551166702356 0.02945411836135842 0.05541512169291557
0 0.06182724263903216 0.5637715896733311 0.028713022498522787 0.05453911058656336
0 0.924341636099779 0.42464620520932234 0.027638259079053283 0.05398279938804301
0 0.7741736050064596 0.8664171813859092 0.02888320865089005 0.05477257212801997
0 0.2935625198320498 0.864732971319135 0.02929387122312244 0.05607641239511753
0 0.06635877553054051 0.2724949122199077 0.028362061381458383 0.05407153059357177
0 0.8896241676072825 0.6428422614338322 0.028798955447629622 0.054855267325648084
0 0.21513067389660592 0.7879621617721494 0.029864756872740362 0.05555132142231378
0 0.06086074652732571 0.6372039302616466 0.02878301472193567 0.05461694417622218
0 0.6949257367928212 0.8670401488358285 0.03002533263562711 0.05640786206124547
0 0.02452141267238185 0.49055314405162853 0.02861238398714085 0.05449971189674312
0 0.09609316277002733 0.9338926417739016 0.02794160090034152 0.05461729631864822
0 0.41330842214158353 0.8662542026910202 0.03002992978055824 0.05483596977162881
0 0.02096617822555608 0.7100230371250024 0.0285123606573795 0.055025730449510236
0 0.29422304211024425 0.7895585168055366 0.029813722000781178 0.05640790128876505
0 0.18082925765390429 0.34522666404987634 0.02876250024536557 0.05508431686686017
0 0.772185262005388 0.5692515098068798 0.028912491542398104 0.05459700991881953
0 0.10045461716207146 0.5645597834650651 0.02885287034180928 0.05494743306986976
0 0.13583725723828505 0.9349923192905951 0.027310411963826095 0.05525923121848664
0 0.9696121727815089 0.9377312036442949 0.02726318425137667 0.05332559271141032
0 0.29850997811238744 0.34573282529152966 0.029173865549669036 0.05492857425000493
0 0.021687327447897364 0.6363278814365256 0.030154957546744642 0.05442226665952876
0 0.96107077797976 0.3536433911317219 0.027609873343064757 0.053328914348837415
0 0.13818114868403922 0.6384890515700742 0.028593121295730644 0.05524041162614145
0 0.8139283283107275 0.8668693394641148 0.029870115273573 0.05624232107177034
0 0.09938797182802375 0.638099696536687 0.028922862565222158 0.05446170155936681
0 0.3325093277872919 0.9401108868714528 0.03007258593081468 0.0557624905455224
0 0.9288095446670636 0.7165708943903301 0.028664201328068063 0.054704816122683526
0 0.6549983325830487 0.9424378028072374 0.030184841089625 0.056311974772149866
0 0.9298054688736536 0.7899716199918124 0.027492099787026776 0.053898550209687396
0 0.8913815344687773 0.8652714405975037 0.029464283948688684 0.05573728901514131
0 0.967447937688706 0.7165322660827537 0.02838142615801638 0.054553377997649685
0 0.6950027065149683 0.9423419540330734 0.029710611992952368 0.05612027722382169
0 0.964820795014352 0.5707093371625604 0.02802918169232981 0.05336409813409009
0 0.1375598986840392 0.7123299646416961 0.028752710408508676 0.05496732508225126
0 0.9252592564079872 0.496906699198344 0.0274960309740814 0.053971231023375026
0 0.9266889547059316 0.5698615518707969 0.027656356227442908 0.054491920775125276
0 0.21421918658801614 0.8625868748418245 0.028842976034291087 0.056067124807756004
0 0.09790590110514666 0.7856165478468667 0.027961705566293793 0.05553235397239491
0 0.9279841079490287 0.643349412659668 0.028199809124831703 0.05471638448735138
0 0.8534877717803347 0.9404197285497927 0.02929701274083099 0.055350987030509405
0 0.7742885827282651 0.9412222483160395 0.02891286564981817 0.055259728200985
0 0.05988922424913121 0.7111813685002043 0.02924355150173759 0.055006262999591146
0 0.1748104675967191 0.8618081647750502 0.02894312525663239 0.055288414740981506
0 0.2926408221650259 0.9394406994909184 0.02945346033590051 0.05636889095138887
0 0.21664799073118948 0.6398515441869294 0.028693123203573326 0.05523991162614138
0 0.8139216384648317 0.9412577101622532 0.029461241837503514 0.055104974772149797
0 0.05775115741454767 0.9322084317071272 0.027771596058126603 0.053585006385422546
0 0.8923818329740412 0.9398598248205893 0.028975120633397806 0.054999969765414866
0 0.21579647234128851 0.7135759010502852 0.02939366775996232 0.05551242273249362
0 0.25292686102292417 0.9379270738022465 0.02914342370131496 0.054509704674207134
0 0.17671315015122532 0.7130210696750834 0.029143118361358435 0.05557082508225129
0 0.9315279563622089 0.9390070773239566 0.02915735291488777 0.05444766006211827
0 0.2134179928092858 0.9375377187688594 0.02824208070024337 0.055288414740981506
0 0.17415965792781243 0.9365594731491035 0.02864299814223187 0.05566805370179297
0 0.9693854764443318 0.8645012244571144 0.027717576925730344 0.05438793032041989
0 0.966320930874869 0.6430801955843896 0.028487654436982392 0.054112760525080836
0 0.9308083289641104 0.8639125702119561 0.0291023262236626 0.05301954824404602
1 0.7698871078431864 0.4931131574697763 0.011296784313627333 0.01679068506044738
1 0.8059559028151946 0.13422525049642767 0.008502611851658865 0.02389672582591933
1 0.9262602947742136 0.6516292899818952 0.003044201990966627 0.014649804796853941
1 0.6135291270893631 0.7880884622666302 0.0073810603999959696 0.02440321446648625
1 0.9719181565808053 0.7926636339089298 0.009273820938198103 0.03394191278447253
1 0.6096736949755135 0.4200699249323495 0.0060784946169792865 0.008985074697763079
1 0.8528957239536908 0.933181576834349 0.006760254128651826 0.004818733535148924
1 0.6097887356436089 0.34475944826931687 0.010054680619122456 0.023331766338310553
1 0.9188799828842596 0.9265313429079193 0.004168965768519249 0.022120555615515035
1 0.9605710762961812 0.20970195651877663 0.009334257258314958 0.03725113787061733
1 0.0652972929665201 0.4187221367804232 0.01321969734905008 0.023750657036618782
1 0.28864500270152527 0.6871299429838222 0.004952535983615575 0.015216820867483036
1 0.5754173271774945 0.7121837163110558 0.004887371463480574 0.009958107121303529
1 0.6576336722878264 0.7195647545484821 0.004553658573509154 0.012533378896641528
1 0.3744778063915234 0.9323447159265678 0.00536832989153832 0.020898591586037622
1 0.6513457555006961 0.5571133797671657 0.007861212556709365 0.01873798436739531
1 0.4145576575848014 0.7084361748690794 0.010535764939760198 0.00810866920396354
1 0.33324313438010283 0.9335998433278607 0.007524179647427752 0.005826830104450325
1 0.417166687639583 0.3508333831691553 0.007921584611070514 0.006122281104600118
1 0.6571442321709345 0.9401512810267293 0.007480972118456455 0.011125786886522389
1 0.3715388587244995 0.861404245137929 0.010645329891538349 0.009373650008760379
1 0.8858748456400035 0.3614330710864952 0.007701691280007143 0.0055587220394416196
1 0.17425974777418352 0.7828029681410243 0.011416809546223847 0.012002255747853657
1 0.5696488833987641 0.5661561475509568 0.013620080795385188 0.011165034701267366
1 0.2195823528557551 0.7139066112776686 0.009103213488097247 0.006901672221465176
1 0.3315139212551702 0.8654240854050265 0.0053680673954191824 0.011846555376019707
1 0.6145054255340457 0.8579971401045419 0.00622965728936117 0.016966570142309262
1 0.29250090244965 0.8623584107452255 0.006740195100700058 0.019400178509548904
1 0.56885767900672 0.8656869005051882 0.003585179787883955 0.016771895643117138
1 0.6939591183588547 0.3427053491103237 0.0057583413836616625 0.01030834318726028
1 0.8092959473715836 0.8642854729884945 0.004626700964436891 0.020742815776665934
1 0.7258768708776075 0.14515663807989562 0.004415951087119781 0.0078742761597913
1 0.6525374308895253 0.7952723099168727 0.003875474221590174 0.016654554733583692
1 0.1454165253102122 0.13010806996223254 0.003004767728916059 0.006433654690754751
1 0.37062074342622353 0.7882323810237969 0.011079471375312164 0.008541175616665234
1 0.6155320485898989 0.940871338743746 0.004176411177654684 0.019808902320556123
1 0.6956314351934382 0.7922642921330815 0.008022064165606836 0.006707033932291202
1 0.9615328591876896 0.504365771555668 0.01622382304133157 0.03273476794440007
1 0.4479221717684349 0.7917678661251387 0.004096568421948727 0.018991181916405572
1 0.6115209294223393 0.7088549825860962 0.009194172842535367 0.019730414838320255
1 0.25604119059899244 0.7104416038945237 0.004887904527746326 0.02006136752194983
1 0.6545904899475219 0.8678478191299862 0.007580995448217726 0.010892638259972304
1 0.6873091862450051 0.9436944112270523 0.010245074045327545 0.014552112387330476
1 0.4448377764343872 0.9416500488105204 0.00886326997726611 0.019808902320555988
1 0.6943446367487556 0.8761607984893024 0.008792975052828661 0.02230024194521781
1 0.6203746444276972 0.5638005499007144 0.009513602853251285 0.008089129334008217
1 0.7347245597164777 0.9442392588772948 0.005148030320177031 0.019302742587653514
1 0.6965780766391924 0.7174499914779917 0.008732661054971875 0.01149556282243453
1 0.21942685285575503 0.40760083466525193 0.008012124375319233 0.019127763963244834
1 0.9632100762961813 0.8620564152714778 0.0034553619242670584 0.01624576544279407
1 0.8129211110955323 0.6322104629723363 0.00298472996765176 0.01805615077773672
1 0.1714502933821394 0.9338532159265677 0.004016319425944675 0.017102881519263292
1 0.17521085244013582 0.5602674034253509 0.00851310799090639 0.0077576766503785685
1 0.29497962628316193 0.7893154251902972 0.011096747433676205 0.015818149619405433
1 0.3362309240918969 0.7106165639612981 0.005548387066729477 0.022436932622111456
1 0.770092621293227 0.9411149348852376 0.006519347252406183 0.014649449636926468
1 0.13342884035963584 0.9321889733097125 0.006149099383080809 0.014980396285552902
1 0.06070383562119627 0.5642278330321426 0.008531627968604258 0.006749211882981504
1 0.49620923124205063 0.9488241627358032 0.006469881147910405 0.01324777513773441
1 0.21527075342259963 0.9467849008118053 0.008112087009644369 0.017715654019117275
1 0.18205153066569188 0.6440855384731442 0.003444584661145052 0.015720526612416564
1 0.49702047735375704 0.3312191301516538 0.005848881147910488 0.021210775069597114
1 0.2890857783422299 0.9311377144178169 0.01110646757168181 0.008127748301438711
1 0.41575913530660685 0.9340773446181401 0.011137286166387865 0.011982363735472228
1 0.809090872760413 0.7143154352697257 0.004235656408048053 0.018543385305741057
1 0.6509248039453785 0.6466457973650398 0.007701623443931579 0.016829689362820564
1 0.45593442071686807 0.48240590159538227 0.0038956476550059886 0.019808672990441284
1 0.3739721582207489 0.7195233020519011 0.0052376835585021915 0.02263139589619795
1 0.1388365761024613 0.2686594412441306 0.0035450786453187846 0.014049643196001705
1 0.5341758334868955 0.7140918065781533 0.006449787192917522 0.020548062822434644
1 0.21934680829936604 0.5658157126511184 0.005368035262541188 0.016907519934977678
1 0.4982426226878047 0.6463537810899995 0.006809664039418771 0.01702436687951412
1 0.10473615467546644 0.4249368628496895 0.005247623348789689 0.017161530398894197
1 0.5332197026544552 0.7935299459915901 0.012167719306767025 0.008847986615920667
1 0.45091678315940753 0.87289995083906 0.006319581871989222 0.019477416444409895
1 0.8521848770643259 0.8646261578883329 0.006579560349921325 0.016167895643117165
1 0.5331592627640184 0.4114654323154944 0.006079347302480702 0.019964379397278305
1 0.49561342502078093 0.4137139559736796 0.01226835781814907 0.009237651546712874
1 0.2211147481898028 0.48733124186247984 0.007039915043414643 0.02202799849124916
1 0.1011457370632242 0.4916625643457862 0.009023385013670377 0.010639868290926023
1 0.09959342411693423 0.6434336198483463 0.0039157746742646505 0.01936049406233565
1 0.2599169773787944 0.26505799224696786 0.003345582753302402 0.016480079126676622
1 0.2156214953530761 0.8721309744972452 0.0072103047040089595 0.016343108727393203
1 0.8883463343015805 0.7222428387898734 0.004011982601018262 0.02197777221248767
1 0.29996176951407594 0.061610554874725 0.005778957691961012 0.021949914448965272
1 0.1731079687709687 0.49578997709619016 0.004706937541937474 0.0187379541923803
1 0.09963847256161679 0.7837863394494521 0.006028960676407857 0.013539708431483225
1 0.4923336944622487 0.8683931667802285 0.00781140447767166 0.011359363093036385
1 0.6149412685351173 0.48928799924562466 0.00916364173618698 0.014999643457861929
1 0.8502018102297424 0.4315174604999319 0.0075412173488495935 0.013344855899702053
1 0.7368530742180849 0.7939482537086067 0.007100253102122123 0.02086008728366451
1 0.3364616295355079 0.6379923846146358 0.004285782400777062 0.024013283995561324
1 0.5701593688971568 0.7902885673000175 0.006389858013440015 0.01961364936632462
1 0.5306704865975302 0.940199951160278 0.009454512077996266 0.010639091586037711
1 0.8139377447646994 0.7860248793826776 0.009163698861303471 0.009841338631806185
1 0.8467967996164284 0.6401141183395955 0.004136017896666131 0.020937881645803683
1 0.49142254912820105 0.5732523916765627 0.007630710698941301 0.016050943086028047
1 0.8505971309526194 0.7204283065781534 0.008553261905238772 0.009821837989370653
1 0.16888147265926232 0.8578219300377675 0.009955154650429156 0.01147666477505011
1 0.7683747560139608 0.2787345840228162 0.0045470198045086405 0.014824327778534851
1 0.5733140064546173 0.48882052441256063 0.0064901331283613506 0.021385563591410812
1 0.8882235132522458 0.6553478802489926 0.005007340502348573 0.019282630297662022
1 0.45873859894242414 0.42478137023283424 0.008702810327387843 0.011632190131796722
1 0.3698162763812834 0.6388859164034915 0.009885463649788763 0.007773217372949441
1 0.4138917332475388 0.5662926727178927 0.0046568696057124395 0.021404570268849614
1 0.4172366169167059 0.06495875604960383 0.004777249386585942 0.01369609196565887
1 0.25827996960220734 0.3369331627017345 0.012227954757588786 0.00978270996943558
1 0.5349770272656258 0.5682686490597076 0.008252473195060629 0.018620682685381515
1 0.4900549561271294 0.48829464572098824 0.005358435584020229 0.024384096141491493
1 0.3320499134785831 0.7840683719995326 0.00950384251034035 0.01764790373196805
1 0.610574787976585 0.636230303239434 0.00587869617229667 0.020918411178382886
1 0.022443663405974902 0.9313029407596317 0.010395043920441452 0.01480568621877851
1 0.24689286703938867 0.9396643372349952 0.011366943410681885 0.008595479169505808
1 0.9233707346646504 0.805210595484455 0.015833767773983144 0.01897122050148927
1 0.5305908790948514 0.4933662433712306 0.004405967521607133 0.022417356542137844
1 0.25295679526494474 0.8520886785290167 0.010255501417111493 0.010483806724161392
1 0.13853129863997354 0.7125927903031131 0.0045570159437562105 0.022767385305740954
1 0.419184500585873 0.6380700044143126 0.009294016724920076 0.013734813528140695
1 0.77717318318795 0.8688017392635349 0.012187769486534968 0.013657058393521243
1 0.6532382254459144 0.13425445167130648 0.0058789586684159486 0.021891548309225718
1 0.8504874293973018 0.7936367684748964 0.00917326190523885 0.010581116816243807
1 0.4140216024150985 0.42380798415811705 0.005398623494006065 0.021366062948975004
1 0.7687756029033258 0.6458863047481848 0.005548012027921613 0.016012544396207546
1 0.3821493983410281 0.12287580217844138 0.008652901348008566 0.007660119123172461
1 0.7375186226627676 0.6464314023984271 0.006169753102122229 0.01998396452975628
1 0.3389852147599923 0.26567172597192745 0.009253534185937036 0.016810031810306252
1 0.2950246135667144 0.5646963176845056 0.005638347352555274 0.021093085035139267
1 0.7678591814027901 0.4228056453997703 0.004776975248119861 0.024928160599217323
1 0.25470481754313923 0.7907847448167111 0.007560650639452756 0.018621294332937546
1 0.4877568631260578 0.7908918173000175 0.006749846471242191 0.015681664132614275
1 0.2575889144325045 0.49451484102147286 0.0045966350862785155 0.022845646475363548
1 0.25042340770748417 0.6351890280724979 0.00851212941282505 0.014824505811123762
1 0.10677407228770869 0.5673242126511183 0.005177757017956722 0.018173425302236798
1 0.6551760567821053 0.42124772375747077 0.011417322896115141 0.010912382414779905
1 0.5703498650088632 0.6325508993809255 0.007811551792170368 0.021658183327817507
1 0.6904338538572473 0.12644763506239415 0.005397827933621 0.017258719790916328
1 0.926535611608797 0.8690742880886562 0.007300730994181291 0.018562931210699588
1 0.4549679875514516 0.5684338738927716 0.00803179687734722 0.012060552485058454
1 0.13919490040159838 0.7804147117799365 0.009238765760983847 0.011717153035995851
1 0.14015883666663329 0.6332567601767674 0.005708505673453442 0.018299686569198084
1 0.09580982000862627 0.9355504853658727 0.009367461791696436 0.012008485498035135
1 0.7711540534070767 0.7961870436418322 0.01300931614605756 0.012488957083341613
1 0.17506062860662383 0.7190168968452509 0.006409974321739374 0.023935953423404217
1 0.731119250658481 0.5689984389929331 0.004747307538232033 0.01910787798586627
1 0.9259347162747493 0.28826379559834137 0.0069001341048162195 0.012897526096521138
1 0.37522414939259496 0.26970154845523386 0.009083403451142178 0.008361031810306275
1 0.8860152671405394 0.5742647141598691 0.008422340502348549 0.013636943086027906
1 0.25635702971177055 0.4165659811406156 0.011066373421397869 0.010931346847197555
1 0.29549036356671443 0.4857448705540523 0.005307742686603007 0.022085900841006763
1 0.21191575447416647 0.7888040960149513 0.007811639342620494 0.015184846302100619
1 0.29986664645822275 0.12463763506239413 0.004166517801524252 0.021657429857690716
1 0.8833110510836145 0.143589235730138 0.007421222386355651 0.012955856026242498
1 0.8129211740418223 0.5731645366431756 0.0081923636368189 0.013890522952479218
1 0.8044033398689047 0.42582289539977025 0.005398485959078912 0.018114950532442955
1 0.6952059574716327 0.6451467810899995 0.006870035162392048 0.019438366879514262
1 0.8079737157614847 0.2853338991229778 0.010075342410191035 0.0074660230790195604
1 0.6545804376145455 0.3420529304855257 0.008602592337582997 0.0143386656705667
1 0.7288209706036994 0.4976004770961901 0.010946255205255844 0.009665983724959526
1 0.46082684116583705 0.7133033627864194 0.007130205661435529 0.01978882020557923
1 0.49261422451703035 0.2720858487891058 0.005647956810647893 0.017219857311114143
1 0.3330863388674124 0.5669737925175697 0.009634274624189938 0.009919099801428844
1 0.33445026031722447 0.13153814897991387 0.009517729966353543 0.007694170758740018
1 0.29437873273427406 0.6387710931726593 0.01053548102172235 0.01272199104483438
1 0.7334274589388188 0.20522412212607313 0.006540441207399187 0.013500983851499984
1 0.6907393276907591 0.2034138706173224 0.006589566268740556 0.008945031167870399
1 0.14072496625221578 0.4212482252662215 0.003975351168240698 0.022202675365506904
1 0.8052696867582698 0.07143203272529054 0.0042666875143965 0.021774710417193883
1 0.9701203096914403 0.9418157736435843 0.011868022493515333 0.01324777212023284
1 0.5347069865975302 0.34764017461113167 0.005187182526965177 0.024578704255650386
1 0.7294369444372113 0.4202256675492047 0.012318187319105627 0.014513914964860684
1 0.692977543747684 0.42326288650787464 0.007320893716637821 0.01856270791558782
1 0.456079681330182 0.3503953595109701 0.010214975102903303 0.008555748554519347
1 0.8448890011717459 0.2782476402310822 0.009153405454126537 0.013851440195066867
1 0.026714770908653897 0.4204111128496895 0.011266855815164591 0.02621303039889416
1 0.6587815845609959 0.4913368505071349 0.007411042453255387 0.015574201335487802
1 0.33394765959028955 0.19549998152510364 0.009514020735896501 0.008809252983432924
1 0.8427655128366266 0.4954590259213113 0.006389936560475076 0.021735986742461043
1 0.10681937073239126 0.20300479964276677 0.004886861683909029 0.019886403985048758
1 0.8828556034165906 0.2933351432485837 0.009533908388498867 0.00820580126345708
1 0.7711391619613223 0.5694656653347481 0.009033130143914603 0.0205095555025599
1 0.3372426557019959 0.42294166905795544 0.004526416069944212 0.0215412730157494
1 0.05937836464331854 0.8614142258453871 0.01039527071336292 0.012839548309225835
1 0.8486741910621827 0.14820334227227597 0.006189889900952392 0.021248619444390347
1 0.2221609759116083 0.20536039729300912 0.004546862710438519 0.021794244252146325
1 0.18428955966890667 0.3439610192438725 0.011387030225035268 0.010522488153873064
1 0.21514066685361186 0.34652102813576807 0.010174946149763189 0.01124279587088975
1 0.5750318717338835 0.3402039940769366 0.009463952799671431 0.013364278087098695
1 0.5773649608466616 0.2777025425808399 0.01040613102522759 0.01026937509490528
1 0.8023002691460275 0.20942915618490465 0.007401344513324911 0.02144382713609906
1 0.6537991614480574 0.28238453670644575 0.011567233783337332 0.015311523079019606
1 0.37793791778249586 0.1977876931006288 0.007060940230944142 0.017861256000934463
1 0.13978844008572772 0.5606175735588996 0.008852880171455454 0.012508306850701815
1 0.9659141052993961 0.7179756216783149 0.010265509043474695 0.019788823223080936
1 0.02408079528998207 0.7867257136147722 0.007100409420035853 0.025823572770455803
1 0.41752198608426555 0.13064343388751531 0.007411286166387939 0.01159260737438433
1 0.6129431232010696 0.27433462244729107 0.011156947957456602 0.010775534827807786
1 0.6479855433320647 0.05747340839936145 0.006169102217303746 0.01932226646485095
1 0.7665673567916195 0.3515534408861721 0.007160326025778482 0.015584106605408082
1 0.10617292695366094 0.3421989393774213 0.004777660128591606 0.021055038487744943
1 0.9634755907977887 0.6493028950152822 0.00953418159557743 0.0212493698970156
1 0.4947522913516139 0.05904081225786983 0.00577838892449741 0.02202778424864211
1 0.7716547995187829 0.7321186897959779 0.015613195926931092 0.01797882925808391
1 0.8496311348409129 0.5606857111423676 0.008081672792460772 0.01821235718457368
1 0.6140449517005337 0.20419258219284753 0.006750008067019898 0.019846969085210334
1 0.6842448326306195 0.06668190252496738 0.004556173037826385 0.020762384916385983
1 0.37662096233888487 0.49739606585453694 0.011497537120309249 0.011242871308427485
1 0.06013444881623619 0.6395984748817335 0.007321211630329187 0.03326046452975657
1 0.21387347307488153 0.6460714985399186 0.010506050815715411 0.010969896412093522
1 0.260433051989965 0.12224260251231335 0.005317910201199803 0.024890074824303502
1 0.21750345581199937 0.13130514813342717 0.005006733398442689 0.020081166066531177
1 0.5350620350422128 0.1993743144090564 0.0064800700844258406 0.019749628818112805
1 0.1067692961212206 0.12278794865380496 0.005387607795615457 0.01718034697373798
1 0.4973611972989755 0.125854117278603 0.009774305485172894 0.007543814423657196
1 0.33654167409189695 0.34530454441080854 0.008532259071015784 0.016401248554519323
1 0.02621905096343552 0.2734196402310822 0.010055012814092991 0.02545421536200283
1 0.41080977630947885 0.48316182878779357 0.00973026972744946 0.014118462275102451
1 0.1806339259997396 0.41817206989896233 0.009684867552653423 0.00927658946405276
1 0.06582322393115743 0.2717454123805167 0.00956395563890196 0.011671049594097371
1 0.05832177342740684 0.9431880014941499 0.011146860852670477 0.02452009762104091
1 0.02987443463260258 0.20407577447583078 0.011357078597109693 0.00801057848424086
1 0.5751267447897367 0.4180649974156559 0.010676295800743005 0.012605574697763145
1 0.7681143935714213 0.2088548573597835 0.0102755042513345 0.018309519419082265
1 0.5325787850422129 0.27159940499737184 0.009443585637600055 0.01585661469425889
1 0.37510389550430145 0.34183903551891287 0.009524209672411866 0.015155810637179443
1 0.847836522849413 0.35674027946343295 0.0103229565860482 0.013887783759930038
1 0.2562216343777228 0.06209699715770824 0.00913388119798502 0.010464443981544554
1 0.45562398366315804 0.13099360251231332 0.010926071992268475 0.007777429857690724
1 0.1462127558687444 0.3458491405523001 0.011827825735345656 0.008693020703953875
1 0.9246177608311384 0.5754133118101115 0.010735835660133577 0.015622653152802275
1 0.8087051673168018 0.3533544571612124 0.009613931522969327 0.013539494188876096
1 0.29255594206617863 0.3411481804855257 0.009173601240848863 0.01536945560379222
1 0.6170094060925779 0.1358313377460237 0.011436916851108104 0.00939325535849862
1 0.5735646295104706 0.20927366356804952 0.00799187146348052 0.016693196935775884
1 0.929560192944988 0.7206327193285573 0.011867385889975992 0.021093663490178372
1 0.8783640928032769 0.07402099279206494 0.008702305825680195 0.015818080216870728
1 0.10409530000951417 0.2662944434218467 0.008932914016885165 0.010502981476434288
1 0.6851655932439333 0.4981650421963517 0.011327484932549592 0.015155889092218678
1 0.06150154181730779 0.7852074859248157 0.008592994521837535 0.022378066482371853
1 0.4143341349268126 0.19702178218325786 0.007664285406799248 0.02201401403264383
1 0.06179193715135552 0.3475722870276637 0.011016680523980735 0.016148668688068094
1 0.06724516770988773 0.709828370169564 0.008723052528267109 0.020119769871707507
1 0.024225931795875857 0.5656110514094652 0.011036774478973665 0.01770619745167121
1 0.2933571358449089 0.26873739610547626 0.011376884132357218 0.014572241877080594
1 0.7304136403467264 0.3534658262889309 0.008923086914722869 0.016605522377538713
1 0.021507663702867892 0.861968893897629 0.012369665369301494 0.029133730715809873
1 0.889786 0.431804 0.011798000000000135 0.011467000000000055
1 0.9166809043800261 0.15125952868086515 0.005978808760052357 0.023702057361730276
1 0.7305382729366756 0.2759501964393482 0.0069107552052557995 0.018056972745147688
1 0.6509147516124025 0.20204089578425838 0.009925011001392066 0.01908872646835514
1 0.296782001124175 0.19458524780014405 0.009734913135571982 0.011028075466739362
1 0.022047592683097816 0.5013677374968365 0.009384499364052437 0.021599214593026522
1 0.4566654352184755 0.05701591578250627 0.0076413782135382295 0.01595434633130218
1 0.5728487564546174 0.1211621409367882 0.009223319130504422 0.011476796639866019
1 0.8386043568892649 0.0782457443008157 0.005899116889164822 0.02099600336792102
1 0.9678569628020751 0.5713929730517647 0.013991134936054838 0.024052685702883134
1 0.6125878247563871 0.06169815839936145 0.008863068176583038 0.012040831565012532
1 0.5341710573204074 0.06199042467440184 0.008662622417401865 0.013792429215254918
1 0.37500877244844816 0.05596465689061069 0.009914754228800855 0.009880408413962262
1 0.17830083688696155 0.28198519794809895 0.008542390882414763 0.014942135495551621
1 0.769326236572493 0.06179549715770825 0.011657488698160086 0.00912066881460859
1 0.45741655438603523 0.26985729107208906 0.009544213438022675 0.013111162010629411
1 0.8783537904703008 0.5017960274300621 0.010525596493775602 0.016070374325928984
1 0.37666122522558604 0.41161640742110694 0.010014922234128849 0.015379523818794177
1 0.2594417362069483 0.20736557028345046 0.009524527586103311 0.01375385943309908
1 0.5321029197629468 0.12471525486207097 0.007390839525893631 0.01293637952381875
1 0.14057831091920245 0.492480750479357 0.012135532725626865 0.011885885524680607
1 0.33097824197804737 0.48917094303735853 0.010645693287999058 0.014065690774232465
1 0.45270966682857455 0.20440672565070958 0.011947542989053608 0.008906096268032015
1 0.4961441392925458 0.20235262498296572 0.008021721414908242 0.017744750034068578
1 0.9568656180158435 0.14798894730566314 0.007331146918909248 0.021677409377615954
1 0.9238716678300668 0.35502843501177794 0.00862264965799023 0.02381896465629674
1 0.14497094292245444 0.20152525081764558 0.008102199842765724 0.0177838862012576
1 0.8493506047861312 0.21201861625167912 0.010445418904167217 0.020158457336422214
1 0.9224742307763569 0.5014356235715537 0.017426477105887694 0.012897631709073848
1 0.8847332448623447 0.21360473756010667 0.009584295945959494 0.019322344919890183
1 0.6959820204179228 0.27693356774777583 0.012528653278384606 0.015700875094905253
1 0.18237673327257614 0.13114934060291625 0.008422533454847727 0.021346318794167488
1 0.29156933950336 0.40664741000545096 0.011086320993279986 0.01712217998909818
1 0.025598050963435523 0.7118917015447661 0.009694625256632379 0.023390852755660153
1 0.06495191382159418 0.5038398913553449 0.015112246306997416 0.020159102176494584
1 0.9614173185195941 0.4309918318083595 0.011447443260458023 0.016342888449782867
1 0.41191350552573336 0.2763400514727354 0.009815115717418863 0.018834682811922108
1 0.18149549672261667 0.1983225555171608 0.010966202777137961 0.01211927076722409
1 0.22006802046799728 0.058028738265812674 0.010335161155121139 0.01276063626452778
1 0.18206642211144602 0.05956619094944224 0.00922345666543147 0.017472831565012538
1 0.10515164301058577 0.06727566880000778 0.010225301574345768 0.01762807719936922
1 0.02019011884958588 0.6430342810899994 0.013500043920441452 0.02327401184612692
1 0.7681644681825919 0.1338845640878385 0.010175355028993303 0.014844222808417835
1 0.9573364571286217 0.35518417611988246 0.012598720478512968 0.021171352239764726
1 0.9209272135396215 0.43061025280241694 0.017636741077099526 0.014373730437897983
1 0.9580528301844747 0.28902303821519654 0.011766869700854159 0.016830011330231456
1 0.920867254106118 0.21312827749333227 0.010224911322871014 0.01949655498666457
1 0.03099090457782095 0.1304682253294917 0.01072652626413356 0.021287545291724243
1 0.031842422967721905 0.06299301494149939 0.012428563043935465 0.021131769482352472
1 0.9545974949599904 0.08052322064263046 0.0108659008072026 0.02072395605155058
1 0.9104663152672481 0.07521850906710534 0.011998436755766137 0.016927242967274686
1 0.07101584204715024 0.1291346838875153 0.01460169964747474 0.0146101073743843
1 0.031251642912940275 0.35020018350302723 0.0172154951577851 0.018679976405084824
1 0.0666091521567135 0.20538959846788793 0.018007021421918644 0.018231646601903965
1 0.9276505549194844 0.9404630328358571 0.006426938408679713 0.007354845079759738
