0 0.03162576628151261 0.7432472410130718 0.03997816071428569 0.07781903267973857
0 0.8686905456932773 0.25893147058823524 0.04164185819327761 0.07872895424836598
0 0.6216189600840336 0.2591401143790849 0.03988314075630248 0.07978451797385618
0 0.17863707983193275 0.9368298100490194 0.03988314075630251 0.07755055147058816
0 0.9168034401260503 0.0668594260620915 0.03971901260504183 0.07882710375816994
0 0.6705260845588233 0.06636091094771242 0.04053352415966377 0.08038317810457517
0 0.27706825787815126 0.06689050612745098 0.04077648424369745 0.07825098774509805
0 0.4740733345588235 0.06666618709150327 0.041207330882353024 0.07844062581699346
0 0.03162508665966387 0.8369594256535947 0.03800726365546216 0.07439883496732028
0 0.17871914390756305 0.7429534313725489 0.04070378151260504 0.07786968954248359
0 0.42466517857142855 0.2602570976307189 0.04053965336134456 0.08010365604575163
0 0.8683856355042017 0.3559985191993464 0.03939075630252091 0.07818882761437908
0 0.03182444852941178 0.5495557598039215 0.0390625 0.07786968954248359
0 0.5247238587184874 0.7435225433006536 0.04009241281512601 0.07773136111111117
0 0.4751559049369748 0.7434512242647059 0.04173119012605042 0.07950355147058828
0 0.5243660572478992 0.839562530228758 0.03937680987394957 0.07513711111111111
0 0.12972653203781515 0.5494322075163398 0.040538935924369746 0.07762258496732016
0 0.12958914758403361 0.8382404142156863 0.04059242331932775 0.07696081209150346
0 0.6225909448529412 0.45133055637254904 0.04084234138655489 0.079284887254902
0 0.3265986081932773 0.7431130004084966 0.040047268907562994 0.07882710375816988
0 0.91672137605042 0.16307955473856206 0.03988314075630228 0.07786968954248365
0 0.17967088918067228 0.549873664624183 0.03998122163865549 0.07659067075163407
0 0.1296781349789916 0.2612466870915032 0.04077039810924371 0.0776149019607843
0 0.07999606092436976 0.35807291666666663 0.038570115546218475 0.07595486111111106
0 0.8194754464285714 0.3558389501633986 0.04037552521008406 0.07723141339869279
0 0.12989101890756305 0.3585516237745097 0.040211397058823525 0.07627399918300654
0 0.4748288923319328 0.8385592373366012 0.041077164915966434 0.0744070776143791
0 0.12960540388655462 0.743200155228758 0.04095319222689074 0.07963968954248359
0 0.720424107142857 0.06606158088235294 0.03988314075630248 0.07914624183006536
0 0.524385512079832 0.5478259742647058 0.039743975840336225 0.07887805147058824
0 0.375649331407563 0.4528269276960784 0.040328337184873976 0.07653314460784319
0 0.917983326155462 0.3570259742647059 0.041422272058823595 0.07705235702614383
0 0.5240736213235293 0.6462166254084967 0.04043321953781519 0.07907030147058829
0 0.47518020640756303 0.9375711029411763 0.041123280462185004 0.08094796568627474
0 0.07998898897058823 0.2630686703431372 0.03822771533613445 0.0767909354575163
0 0.7712828692226891 0.5485682242647059 0.041154236344537964 0.08100082761437911
0 0.07966780462184876 0.7437512765522875 0.0392266281512605 0.07882710375816988
0 0.5741187925420167 0.8391747111928103 0.04171841491596646 0.07691457761437911
0 0.07931498266806722 0.5495600600490196 0.039834009453781516 0.07915484232026139
0 0.37620895325630255 0.8382260992647058 0.040791068277310924 0.07565562990196076
0 0.27727809873949577 0.2602570976307189 0.03988314075630253 0.07755055147058822
0 0.0327506055672269 0.35763657883986927 0.03796050735294117 0.07763529003267979
0 0.0795857405462185 0.8386948529411764 0.038734243697479 0.07723141339869283
0 0.22849235556722688 0.4536873586601307 0.0394755199579832 0.07761573039215688
0 0.17907163287815128 0.8382494779411764 0.0394392216386555 0.07825549183006547
0 0.32643448004201675 0.4526973549836601 0.040047268907562994 0.07755055147058822
0 0.3760011817226891 0.2602570976307189 0.03971901260504203 0.07882710375816991
0 0.22815877888655464 0.5494434313725489 0.04012139180672273 0.07892158496732016
0 0.7713272536764705 0.6458728492647058 0.0405864926470588 0.07965930147058821
0 0.5731584080882353 0.45203319444444434 0.04176718382352941 0.07941361111111113
0 0.474695712710084 0.6460609873366013 0.04179557457983191 0.07875902532679735
0 0.1299306475840336 0.16419350980392158 0.04094716701680672 0.07626794281045754
0 0.178969318802521 0.646533806372549 0.04021936239495794 0.07906638725490191
0 0.3273385509453781 0.8381845040849673 0.03955761659663862 0.07684899183006541
0 0.08048844537815127 0.16467524509803919 0.038241859243697475 0.07659313725490197
0 0.3758969469537815 0.7430632242647058 0.04082356827731089 0.07872755147058837
0 0.8201102715336134 0.4521137634803921 0.040660406512604955 0.07893647303921571
0 0.5243110057773109 0.4530160657679738 0.03992321953781531 0.07818797303921575
0 0.1791906969537815 0.45375085866013065 0.04000560609243699 0.07901928267973855
0 0.03227922111344538 0.9369254910130718 0.03833076365546217 0.07838018954248364
0 0.9692342662815125 0.7448258884803921 0.0388821355042018 0.07714667075163412
0 0.27727809873949577 0.548757914624183 0.03988314075630253 0.07755055147058816
0 0.47439600840336127 0.4512612336601306 0.04086790966386543 0.07850796568627445
0 0.8692505646008403 0.4533943586601306 0.0414488707983195 0.07830628267973846
0 0.17874149842436973 0.16450770016339866 0.04009197794117646 0.07753459967320261
0 0.7707571706932774 0.452038806372549 0.040759351890756385 0.08133966339869284
0 0.8205324122899159 0.548901181372549 0.04084817542016818 0.07911363725490192
0 0.13002409611344534 0.45441681576797377 0.040805807773109215 0.0784363684640523
0 0.376565587710084 0.9368909219771241 0.04084782457983194 0.08086415604575158
0 0.9197005435924369 0.743979431372549 0.03993286239495798 0.078645137254902
0 0.5240227557773108 0.06623904901960784 0.04033148844537828 0.07886290196078431
0 0.965951145483193 0.06713304901960784 0.03920927626050436 0.07809779738562092
0 0.9679762988445377 0.35709513848039215 0.040961788865546314 0.07782896160130726
0 0.07983193277310927 0.6456163194444444 0.03955488445378151 0.07978451797385618
0 0.1788832720588235 0.35711550245098034 0.039390756302521014 0.07850796568627451
0 0.375727325105042 0.6455414611928104 0.04179734978991598 0.08027307761437906
0 0.621783088235294 0.06701899509803921 0.040211397058823393 0.07786968954248365
0 0.6726693660714286 0.7431693361928104 0.04120926785714281 0.08021632761437915
0 0.7720328755252099 0.839941323120915 0.0413412237394958 0.07844780147058827
0 0.32636816018907566 0.16357874305555556 0.04057114180672272 0.07759151388888888
0 0.129234506302521 0.6468928717320261 0.039883140756302525 0.07850796568627445
0 0.03215270483193279 0.6460950265522875 0.03873424369747899 0.07946537990196074
0 0.277522200105042 0.6461931254084966 0.040699599789915955 0.07774674918300652
0 0.9680842988445377 0.5507045861928105 0.039208251050420376 0.07889079003267982
0 0.968752388130252 0.6464624873366013 0.04054442962184887 0.07892374918300661
0 0.7725347951680671 0.9379467933006533 0.040703781512605175 0.0810610702614378
0 0.9178317106092436 0.2590901944444444 0.039477759453781805 0.0777698496732026
0 0.5733837662815127 0.7431986307189541 0.04148745693277302 0.08057067156862738
0 0.9690782563025209 0.838854421977124 0.039883140756302685 0.07882710375816988
0 0.9666530488445378 0.1627560526960784 0.04028482668067243 0.07977579003267975
0 0.7702717347689075 0.2595554276960784 0.04142976155462169 0.08061514460784315
0 0.3263247305672269 0.646112556372549 0.04081253886554624 0.07822388725490202
0 0.1290703781512605 0.9373085171568627 0.04053965336134455 0.07914624183006541
0 0.6224118744747899 0.3564269407679738 0.039499431722689084 0.07904567075163399
0 0.6717485456932774 0.35626230269607845 0.04100890861344542 0.07871639460784315
0 0.9701295929621847 0.9387262242647058 0.03935976365546229 0.07942855147058836
0 0.22816054149159665 0.6460532373366014 0.04012491701680675 0.0787435253267974
0 0.0798283093487395 0.4541514967320261 0.03921938130252101 0.07854400653594783
0 0.5246842620798319 0.9371875600490196 0.04034147584033616 0.08018087990196103
0 0.375672925420168 0.5479600694444444 0.04070378151260502 0.08042279411764704
0 0.2772572515756302 0.4538120657679738 0.04115447163865536 0.0778651446078432
0 0.966534269957983 0.25977839052287577 0.04004726890756294 0.07723141339869283
0 0.2282934837184874 0.35734114787581694 0.0394060325630252 0.077682704248366
0 0.5747658503151261 0.9375815600490196 0.04137124894958006 0.0784157753267976
0 0.3266477883403361 0.26067947998366015 0.03981737289915966 0.07775704003267976
0 0.7220190824579831 0.743128405228758 0.04077529726890745 0.07949618954248362
0 0.5735312221638654 0.355424431372549 0.04087153046218493 0.08087030882352941
0 0.2771960346638655 0.3566367953431372 0.04037552521008401 0.07755055147058826
0 0.4745166486344538 0.3562258026960784 0.04012442121848748 0.07991994689542488
0 0.08068707195378153 0.935887731617647 0.037982599789915965 0.07949605147058826
0 0.6226781370798319 0.6454240302287582 0.04101672584033632 0.07939993954248366
0 0.9206571780462184 0.9390988790849673 0.040861362394957926 0.08081213725490204
0 0.5724694658613444 0.06638638480392156 0.04137406827731088 0.0785192973856209
0 0.12997308298319327 0.06829554738562091 0.04037552521008403 0.07850796568627451
0 0.42519529779411763 0.7432395171568628 0.039958610294117694 0.08163324183006547
0 0.37567032510504195 0.0670328941993464 0.039713811974789896 0.07789748774509804
0 0.7210197557773108 0.45190087540849666 0.04074618172268925 0.07787242075163404
0 0.7713680614495798 0.7431604052287581 0.04165287710084046 0.07956018954248369
0 0.03331156039915967 0.2625686870915032 0.03809764810924368 0.07898234967320263
0 0.8185727415966386 0.06622114991830065 0.03988314075630248 0.07818882761437908
0 0.6712439627100839 0.4522166515522875 0.04131276785714257 0.07978052532679743
0 0.3264434805672269 0.5484136123366012 0.04105003886554621 0.07877677532679733
0 0.6229319852941176 0.7432725694444444 0.04119616596638654 0.08042279411764704
0 0.42515443224789917 0.5491528194444444 0.04020513550420175 0.07834036111111103
0 0.5732595362394957 0.5480956290849673 0.040984671218487076 0.0806939133986929
0 0.6715548534663864 0.5485785433006536 0.04160629306722693 0.07974491339869279
0 0.3755908613445378 0.35711550245098034 0.040211397058823546 0.07978451797385618
0 0.3273299805672269 0.9367469648692809 0.04118175735294116 0.08057624183006536
0 0.7201779149159664 0.2588209763071895 0.041032037815126085 0.08042279411764704
0 0.672755987920168 0.838781573120915 0.04203902415966394 0.07740485375817001
0 0.7209225057773109 0.3562950526960784 0.04120819432773116 0.07942017075163399
0 0.4738215598739496 0.25977839052287577 0.04070378151260512 0.0797845179738562
0 0.5735294117647057 0.6444993361928103 0.04053965336134451 0.07946537990196074
0 0.4257681244747899 0.8381722802287582 0.04044775105042022 0.07427143954248382
0 0.5730276517857144 0.25979084191176466 0.041505671218487604 0.07789459232026139
0 0.03289128151260505 0.0695720996732026 0.038241859243697475 0.07659313725490194
0 0.0802422531512605 0.06797640931372549 0.039390756302521 0.07914624183006536
0 0.7708389206932772 0.3559005955882352 0.04223587710084016 0.07926953267973852
0 0.22853203781512604 0.9361915339052286 0.03889837184873949 0.07882710375816988
0 0.9190854732142857 0.4529564705882352 0.04100051575630265 0.07615395424836603
0 0.22762933298319327 0.16371783088235292 0.04037552521008403 0.0759548611111111
0 0.8672367384453781 0.06542330473856209 0.04037552521008406 0.07914624183006536
0 0.8215270483193278 0.938744638480392 0.04053965336134451 0.08201848447712419
0 0.9673123177521008 0.45347662540849665 0.03996208298319337 0.0803856446078431
0 0.5240308072478992 0.35615641462418296 0.04067584768907579 0.08041944689542488
0 0.9190872872899161 0.5496173623366014 0.0406758876050424 0.07990772303921576
0 0.6710215336134453 0.2592996834150326 0.04053965336134451 0.07882710375816991
0 0.7695804884453782 0.16403696895424832 0.041032037815126085 0.07786968954248366
0 0.6722200519957984 0.6458051683006537 0.040638896008403286 0.07888566339869296
0 0.7214532106092436 0.5489218623366013 0.040956578781512674 0.07979327532679736
0 0.2772602578781513 0.7431671552287581 0.041160484243697476 0.07957368954248364
0 0.6229319852941175 0.8390139910130718 0.04053965336134451 0.07723141339869283
0 0.8705193014705882 0.838375714869281 0.04070378151260497 0.07914624183006541
0 0.4247409259453781 0.1637324930555555 0.04069114810924376 0.07789901388888887
0 0.9206996906512604 0.8392092279411765 0.03963336239495813 0.07762188725490206
0 0.22817810556722687 0.7436070433006535 0.039831788865546204 0.07917691339869273
0 0.7204206917016807 0.16352806209150322 0.03987630987394967 0.07940498039215686
0 0.9195626139705881 0.6472255825163398 0.04064177205882353 0.07789683496732033
0 0.277865206407563 0.936188464869281 0.040072587184873956 0.08137407026143803
0 0.5234733587184874 0.25951031576797384 0.04054571953781537 0.07924836846405234
0 0.3264644164915966 0.35693875980392153 0.04142016701680673 0.07815448039215687
0 0.4249439837184873 0.0669688941993464 0.040112494747899116 0.07840776388888891
0 0.5237486853991595 0.16339606209150323 0.03912683508403357 0.07722615196078429
0 0.0330067337184874 0.16590088112745097 0.03814450735294115 0.07712958088235293
0 0.03207064075630253 0.45429304534313725 0.03857011554621848 0.0769122753267974
0 0.4743335267857143 0.549280431372549 0.04074294642857146 0.079872137254902
0 0.7219122169117648 0.6458293492647059 0.040561566176470616 0.07957230147058829
0 0.8209211685924369 0.6459219611928103 0.040312662815126084 0.08103407761437904
0 0.1792561969537815 0.26134382516339866 0.04013660609243697 0.07589434967320265
0 0.22834884296218488 0.26108518709150325 0.039845007352941206 0.0772919019607843
0 0.42494904779411763 0.3571640265522875 0.04045087920168068 0.07732846160130716
0 0.8192277652310922 0.2600551086601307 0.04053667542016807 0.08033795424836603
0 0.37578263918067223 0.16366738112745097 0.03961018382352945 0.07649223774509806
0 0.8685116223739495 0.16355199305555557 0.0409557552521008 0.07753801388888891
0 0.42488805409663866 0.646260056372549 0.040328891806722715 0.078518887254902
0 0.4249934348739496 0.9374680861928103 0.040211397058823546 0.08074193218954266
0 0.8716243398109242 0.9394491552287579 0.04094432037815129 0.08151268954248359
0 0.6238346901260503 0.9374680861928103 0.04037552521008406 0.0801036560457516
0 0.17888327205882354 0.06749770220588235 0.04037552521008403 0.07691227532679737
0 0.4742867767857143 0.1629431049836601 0.04064944642857132 0.07759679003267973
0 0.8191842715336133 0.16403417401960782 0.039464919117646956 0.07722582352941178
0 0.22809916334033611 0.8394229873366013 0.04065867331932773 0.07485802532679742
0 0.8704881412815126 0.7428136981209149 0.04096971743697486 0.08078160375816996
0 0.27753445010504196 0.8394585992647059 0.040724099789915966 0.07620580147058821
0 0.722557095063025 0.8388115731209149 0.04119480987394957 0.07746485375816992
0 0.6732902893907562 0.9382715861928103 0.04146634558823509 0.08043410375816999
0 0.5724174658613446 0.16337506209150326 0.04127006827731096 0.07654587581699347
0 0.32687792279411765 0.06761853227124183 0.0392928728991597 0.07715393545751635
0 0.8700269170168067 0.6452971813725489 0.04004726890756294 0.07914624183006531
0 0.820952599789916 0.743432138480392 0.04037552521008406 0.07882710375816988
0 0.8696165966386553 0.5489174836601306 0.040211397058823393 0.07723141339869273
0 0.6227298807773108 0.5492030694444444 0.04144846953781516 0.07971741339869265
0 0.42475186186974784 0.4535874967320261 0.04104127626050418 0.07741600653594775
0 0.7226827106092437 0.9385080171568627 0.04013301575630278 0.08026868954248398
0 0.6706932773109243 0.16291998570261437 0.04086790966386563 0.07946537990196077
0 0.769481600315126 0.0657815919117647 0.04083426155462198 0.08050109232026144
0 0.6217710603991597 0.16360838112745094 0.04018734138655457 0.0770125138888889
0 0.277031906512605 0.16467524509803919 0.03971901260504203 0.07659313725490197
0 0.22817495220588235 0.06735496323529412 0.03982548214285718 0.07662679738562092
0 0.8212577967436975 0.8399907802287582 0.040329406512605255 0.07790843954248375
1 0.8686281244747899 0.827290469362745 0.004438866596638543 0.01706428186274501
1 0.9210398660714285 0.8459115424836601 0.004985656512604919 0.018118704248365997
1 0.07962724107142857 0.9272966633986927 0.0038560745798319473 0.007258184640522734
1 0.8238362410714286 0.9377351748366012 0.004080406512604944 0.018933245098038988
1 0.37806395535714277 0.5380785347222221 0.003752603991596664 0.015295136437908436
1 0.7232739049369749 0.7295852920751633 0.006938272058823307 0.008864546568627476
1 0.5695265709033613 0.7367659918300653 0.006528528361344448 0.013013155228758084
1 0.3243342715336134 0.4424120906862744 0.008796005252100919 0.01003897222222225
1 0.7663043912815126 0.15882871772875815 0.008849988445378086 0.009778226307189546
1 0.8681696759453781 0.6517554211601306 0.008310070378151327 0.008146633169934641
1 0.4216345698529411 0.2489675142973856 0.00524057668067225 0.018430371732026045
1 0.8658819585084032 0.44473626429738555 0.004350841386554752 0.01751787173202615
1 0.9714854217436973 0.938507967728758 0.009136561974789816 0.014196278594771251
1 0.12520834296218486 0.06394512826797386 0.004933891806722685 0.017636704248366
1 0.5689318597689075 0.07125294934640523 0.00673318172268925 0.011956928104575148
1 0.970317287289916 0.551640977124183 0.008846780462184662 0.014339573529411767
1 0.9156516938025208 0.06570928308823529 0.007227337184874268 0.009002185457516335
1 0.5696418786764705 0.45262068790849674 0.005969656512605021 0.011961442810457374
1 0.9652649164915966 0.4363574693627451 0.006477782563024854 0.018318558006535923
1 0.5689630456932773 0.9288999395424835 0.006014297268907447 0.012349222222222048
1 0.7159105829831931 0.15159058415032678 0.00853466386554617 0.012127246732026142
1 0.6732683681722689 0.3395130682189542 0.007815942226890676 0.009673822712418307
1 0.325688149684874 0.5521057700163399 0.007073017857142818 0.008942054738562058
1 0.9185249175420169 0.6390980739379084 0.008702528361344263 0.013674767156862541
1 0.6218327095588234 0.1638621413398693 0.007943036764705827 0.008008968954248333
1 0.28087684296218485 0.9387663390522876 0.004455610294117664 0.013679535947712453
1 0.8184931906512605 0.048723745506535944 0.005247074579831893 0.016165662581699335
1 0.7662483272058821 0.9356338631535949 0.008305603991596756 0.00781724101307171
1 0.77246749947479 0.35095448447712413 0.00473017962184861 0.012960312091503291
1 0.5696115709033613 0.34729994893790844 0.009969347689075545 0.00941868872549017
1 0.7685334101890756 0.5402587418300653 0.008659282563025223 0.01093472222222215
1 0.5755338009453782 0.6436797904411763 0.0066595514705882 0.01089409558823531
1 0.4223365698529411 0.6417544191176471 0.0054778581932773355 0.009000352941176378
1 0.03173171691176471 0.9218859207516341 0.006094076680672281 0.010420356209150149
1 0.3704187463235294 0.44749658864379077 0.008530507352941237 0.013533822712418332
1 0.9641080446428568 0.6396119975490195 0.009119782563025224 0.023497614379084965
1 0.578935274684874 0.24871250490196078 0.00773475525210076 0.01128107679738556
1 0.8221581003151259 0.43849413357843137 0.005138893907562903 0.018513162581699313
1 0.4744140225840336 0.26394168055555556 0.008991019957983326 0.009545151960784289
1 0.5733138335084034 0.16233009844771243 0.005190872899159668 0.018732368464052226
1 0.5236000593487395 0.7449995367647056 0.008111068277310908 0.011864692810457593
1 0.9623490021008402 0.2510020935457516 0.008042279411764598 0.020743974673202596
1 0.330421706407563 0.6371180645424835 0.008438362394958026 0.009975472222222255
1 0.2820214774159664 0.056355204656862744 0.004464135504201648 0.020051028594771234
1 0.03036175577731093 0.3622383410947712 0.0065362048319327825 0.018476749183006506
1 0.9684921465336134 0.351909010620915 0.009542755252100627 0.010412983660130671
1 0.5695293723739496 0.5481288986928103 0.007835950630251987 0.013066140522875752
1 0.032824396533613444 0.6503189734477123 0.005549998949579844 0.0180405661764706
1 0.9132849889705883 0.355760993872549 0.009334696428571375 0.008453502450980347
1 0.7237330393907562 0.8455703782679738 0.007989540966386549 0.014333099673202435
1 0.7181859007352941 0.6323649485294116 0.00783319852941184 0.012432102941176519
1 0.8227315551470589 0.6487257569444443 0.008587572478991489 0.013567685457516434
1 0.47677611186974783 0.43976185743464047 0.00656463550420148 0.013424610294117616
1 0.38027180724789916 0.9459237720588235 0.007543307773109272 0.008938812091502947
1 0.5171640540966386 0.25300040236928106 0.006539801470588255 0.01291770016339861
1 0.18039183981092438 0.6430042904411765 0.003876246848739484 0.014798200163398709
1 0.18297997426470589 0.742222200980392 0.007234641806722714 0.01933419281045761
1 0.6692465803571429 0.24889714297385623 0.008637879201680729 0.014103181372548956
1 0.4747673492647059 0.356440977124183 0.008940879201680473 0.011561468954248354
1 0.1852533776260504 0.15514267483660127 0.008268192226890772 0.01651203594771242
1 0.42961777363445375 0.5491036319444443 0.0063434968487394525 0.015584607026143713
1 0.3761543335084033 0.7398588892973856 0.008556616596638682 0.010018741013071776
1 0.8129979480042016 0.25587362826797383 0.005405101890756165 0.02185159967320259
1 0.521826918592437 0.06555693055555556 0.00771827415966391 0.018881032679738542
1 0.5203884637605043 0.3519414844771242 0.008297389705882096 0.009709759803921475
1 0.42369696691176467 0.16763821977124183 0.00800916491596634 0.008754401960784313
1 0.9604589122899159 0.15338229003267972 0.00820117542016813 0.02209341993464051
1 0.8202140231092436 0.5538641237745098 0.005744485294117599 0.016914317810457526
1 0.6192189732142857 0.9424110294117645 0.004964101890756264 0.017879125816993417
1 0.9152396875 0.9404578484477122 0.006738324579831913 0.024338592320261376
1 0.573784480567227 0.8324121335784312 0.008845167016806649 0.010012334150326848
1 0.7237066701680671 0.5556193831699345 0.007385766806722772 0.01404207516339875
1 0.08470984926470589 0.05896817851307189 0.009775417016806731 0.009718871732026148
1 0.7165103482142857 0.2576795759803921 0.009304671218487316 0.013771771241830056
1 0.47566890703781517 0.8404430927287581 0.005168225840336151 0.01565180473856199
1 0.7700961150210084 0.7511356936274509 0.008488179621848653 0.014272730392156891
1 0.6168499480042016 0.35569564133986925 0.006091332983193455 0.01879662581699342
1 0.9149980304621846 0.7475809334150326 0.01083245798319317 0.015637765522875803
1 0.8651317085084033 0.35214645098039216 0.008149135504201661 0.02142707352941173
1 0.6162438902310924 0.4397290812908497 0.008944730042016756 0.009022229575163335
1 0.3284043030462185 0.2609895947712418 0.0068928119747899376 0.020555532679738617
1 0.37109378308823526 0.35604086519607836 0.008830028361344538 0.012361692810457538
1 0.7690654868697478 0.8332612977941176 0.010549435924369683 0.013420214869280972
1 0.864938944327731 0.2495659722222222 0.004595588235293998 0.021701388888888888
1 0.4760277211134454 0.6426562475490195 0.006091879201680683 0.018047390522875715
1 0.473491888130252 0.5492041580882352 0.0062397006302520345 0.016660107026143796
1 0.9619830131302519 0.06138047344771241 0.007789488445377961 0.024042566176470583
1 0.7728630514705882 0.24509803921568624 0.009847689075630228 0.010850694444444444
1 0.7702539868697479 0.45124952369281046 0.008828948529411816 0.009597562091503321
1 0.3293138860294117 0.7305108611111111 0.01032574684873957 0.010843065359477124
1 0.7179033671218487 0.049012383578431365 0.009472940126050336 0.015588386437908502
1 0.8197776454831932 0.35366468423202607 0.005632471638655342 0.02222026388888887
1 0.5224448030462184 0.1540498202614379 0.010093324579831833 0.011038431372548995
1 0.0864876055672269 0.45504887826797386 0.007204673319327728 0.01284954738562089
1 0.1320248482142857 0.9394264509803921 0.005087646008403368 0.0168272450980391
1 0.717105424894958 0.3581369342320261 0.01139708088235279 0.010722659313725439
1 0.028173057247899164 0.7467672532679738 0.010913601890756316 0.01726512581699345
1 0.6708471633403361 0.5440054583333332 0.010032301470588274 0.010462326797385617
1 0.22529956355042016 0.35139792483660126 0.0066290766806722905 0.016541364379084968
1 0.0821835099789916 0.25765508537581694 0.009247738445378165 0.020203513888888892
1 0.07946085031512605 0.8239607099673201 0.005501881302521015 0.01606448692810463
1 0.229779799894958 0.45272057598039217 0.00751629306722685 0.013038218954248294
1 0.5225352389705882 0.5431806392973856 0.00859942752100825 0.010835412581699127
1 0.3232277652310924 0.9335774750816992 0.009367736344537799 0.013206569444444463
1 0.625647594012605 0.2512116785130719 0.006221881302520923 0.02096308088235288
1 0.42060569800420167 0.841717635620915 0.009596114495798348 0.00927306209150321
1 0.17600796901260504 0.06834949959150327 0.007063631302521018 0.01329589460784312
1 0.6212681906512606 0.058399428513071894 0.011041612394957972 0.011494647875816987
1 0.2751626706932773 0.7557107291666665 0.008005803571428568 0.014696801470588284
1 0.2790420414915966 0.35990330555555555 0.008453469537815091 0.014849230392156798
1 0.523440174894958 0.6422129379084968 0.006133043067226903 0.025316771241829922
1 0.5205831706932774 0.44890418382352937 0.01211565861344539 0.013157632352941206
1 0.2792539522058824 0.636237185866013 0.005403597689075618 0.016843438725490125
1 0.7737165456932773 0.6394446482843137 0.010569908613445327 0.013187703431372691
1 0.08178432405462185 0.15632591544117647 0.01135913550420168 0.010954174019607792
1 0.08637066964285714 0.3549321842320261 0.007110288865546226 0.01840871160130714
1 0.029506204306722694 0.833343685866013 0.011858127100840348 0.013893714869281086
1 0.17772498161764705 0.34335417279411756 0.006912169117647084 0.016671964869281068
1 0.07778033088235295 0.6389144199346405 0.009847689075630254 0.010850694444444444
1 0.528500225315126 0.8361312381535947 0.00750191281512593 0.011509991013071819
1 0.023955878676470595 0.06720491380718954 0.005561194327731104 0.019414723039215678
1 0.32432813707983194 0.3617674530228758 0.005853967436974778 0.01686542075163396
1 0.42708538287815123 0.9386305367647058 0.00779745903361346 0.0139511405228758
1 0.6689823944327732 0.0686947589869281 0.00949450735294113 0.017711584967320258
1 0.6706930225840335 0.8344423500816993 0.0064015073529412395 0.017440871732026093
1 0.6139873713235293 0.7397452512254902 0.010175204831932965 0.011522569444444445
1 0.42404829359243695 0.7286201968954248 0.008619536764705872 0.010794736928104558
1 0.13462077048319326 0.3587287794117647 0.010400003151260506 0.010815521241830063
1 0.3717394049369748 0.8426194211601307 0.0062257594537814195 0.017681909313725264
1 0.3760493849789916 0.6499532495915031 0.006468719537815153 0.02004856617647061
1 0.4730288114495798 0.15903743423202613 0.005196316176470463 0.021488040032679713
1 0.6164211339285713 0.8356811785130718 0.006948961134453871 0.021345976307189533
1 0.2756837347689075 0.8318985310457514 0.004665881302521007 0.01997540522875823
1 0.9202226927521009 0.15488909640522874 0.01088733508403347 0.0131895359477124
1 0.22936754359243697 0.7515785649509803 0.0080125493697479 0.018493196895424724
1 0.2755940551470588 0.2594156115196078 0.008784316176470597 0.017959013888888934
1 0.3778290257352941 0.05377410947712418 0.0061920010504201576 0.02266011437908497
1 0.12556241964285714 0.8299612287581699 0.007836557773109248 0.01874380065359471
1 0.08215645850840336 0.7500780294117646 0.012584404411764715 0.010643573529411771
1 0.4781615026260502 0.06839607802287581 0.009374211134453856 0.011926185457516336
1 0.3217326181722689 0.8342398762254901 0.008090698529411761 0.021675476307189554
1 0.6747395603991597 0.749902676879085 0.004545301470588267 0.020568420751633846
1 0.08328316334033613 0.5512820890522875 0.012628788865546234 0.011865968954248431
1 0.1835089868697479 0.4361707099673202 0.010115692226890743 0.00975621078431373
1 0.134340193802521 0.644626352124183 0.00800684978991598 0.023681323529411793
1 0.22550412762605043 0.2520652475490196 0.007204717436974813 0.015426285947712434
1 0.47164951628151264 0.7421946225490196 0.012878751050419825 0.01173003594771238
1 0.12646941964285713 0.7482547197712418 0.005694301470588263 0.02322605882352935
1 0.3222238744747899 0.16178802941176465 0.008421211134453798 0.016625125816993477
1 0.4733088366596637 0.9412151580882353 0.008903597689075785 0.010058450163398507
1 0.2310796843487395 0.5495990200163398 0.008855599789915937 0.013955554738562012
1 0.1338511360294118 0.45590794730392153 0.010954503151260526 0.011769685457516369
1 0.03687945955882353 0.5455321486928104 0.010898381302521023 0.016983088235294076
1 0.13145968119747897 0.16211314133986926 0.011798337184873959 0.014060073529411755
1 0.22834956460084033 0.6487242790032679 0.009646870798319362 0.018981441993464087
1 0.13605827678571428 0.2623663280228758 0.005883709033613447 0.024184827614379036
1 0.17766035976890757 0.932140984477124 0.006384900210084027 0.024377140522875724
1 0.17700698161764705 0.8364202736928104 0.008348169117647077 0.021782614379084856
1 0.5236228797268907 0.9461397888071895 0.010363221638655468 0.018080920751633773
1 0.2822233891806722 0.4536818741830065 0.01071122163865544 0.016330251633986888
1 0.1333704375 0.5495890032679738 0.009289849789916005 0.02099662581699333
1 0.036165288340336145 0.26696412622549015 0.008353423319327723 0.015009747549019625
1 0.2775177232142857 0.5501891968954248 0.009834553571428576 0.019138606209150408
1 0.1803705068277311 0.5518442197712417 0.007201475840336156 0.026698611111111208
1 0.179375656512605 0.26249106413398693 0.005252100840336154 0.006063623366013083
1 0.227875525210084 0.15701593137254902 0.005416228991596661 0.007659313725490187
1 0.2815454306722689 0.16068601919934639 0.0034466911764706003 0.007978451797385617
1 0.029116334033613456 0.44791028390522863 0.00475971638655462 0.010531556372549013
1 0.42614233193277307 0.06271063112745098 0.006729254201680642 0.009893280228758152
1 0.32544971113445376 0.06223192401960782 0.005580357142857143 0.012765522875817004
1 0.3799402573529412 0.2549913194444444 0.004267331932773085 0.008935866013071909
1 0.42835806197478987 0.34466911764705876 0.005252100840336128 0.008297589869281047
1 0.6702008928571429 0.15829248366013074 0.004103203781512426 0.011488970588235281
1 0.8100380777310923 0.16244127859477123 0.005416228991596686 0.013403799019607839
1 0.8599330357142857 0.15749463848039216 0.006072741596638512 0.014361213235294107
1 0.8631335346638654 0.05872140522875816 0.004267331932773085 0.01085069444444445
1 0.6760274422268907 0.4498251123366012 0.005252100840336229 0.01372293709150327
1 0.720095850840336 0.45812270220588225 0.005416228991596686 0.007978451797385568
1 0.8653492647058822 0.5431729983660131 0.0050879726890755705 0.008297589869281098
1 0.6718421743697478 0.634765625 0.004103203781512629 0.01340379901960779
1 0.8715861344537814 0.7348154105392156 0.0060727415966387146 0.014999489379084944
1 0.8765920430672269 0.9357128267973854 0.004923844537814911 0.011488970588235503
1 0.668313419117647 0.9491166258169933 0.005580357142857143 0.011488970588235503
1 0.917706144957983 0.4333895016339868 0.0050879726890755705 0.0076593137254902365
1 0.9149159663865545 0.5288117851307189 0.006729254201680744 0.00893586601307186
1 0.9662060136554621 0.7327410130718953 0.0032825630252101435 0.014680351307189513
1 0.9631696428571426 0.8326312295751633 0.008370535714285714 0.010850694444444444
