0 0.7727673826530611 0.15952860714285716 0.039157214285714406 0.07612566666666655
0 0.17826440816326528 0.25609268253968254 0.038926775510204084 0.07766155555555551
0 0.9681298437657748 0.1586214815469179 0.03791289298334176 0.07676396819787985
0 0.9199429249116606 0.15897633166470354 0.037765708480565305 0.07747366843345113
0 0.8707904948979591 0.45058192261904756 0.04068813265306141 0.07725511507936492
0 0.42555723979591836 0.6476739126984127 0.040208867346938806 0.07895397619047619
0 0.4745944336734694 0.5503540575396825 0.03911233673469395 0.07900672619047623
0 0.37695839285714283 0.15976535714285717 0.039312193877551034 0.0765991666666666
0 0.22680165816326528 0.9419332837301587 0.04001913265306121 0.07843501984126967
0 0.6230070153061223 0.7442956349206348 0.03938137755102043 0.07750496031746036
0 0.17817283163265302 0.453031994047619 0.03874362244897959 0.07657490079365074
0 0.326610331632653 0.45272197420634913 0.03970025510204077 0.07657490079365074
0 0.37689370918367343 0.06093066269841273 0.0391828265306123 0.07796251587301582
0 0.12871146428571428 0.3549532976190476 0.03931068367346941 0.07821016666666662
0 0.22765572959183672 0.4533722123015873 0.04013288775510205 0.07787537698412696
0 0.37571747448979587 0.6486545138888888 0.03938137755102043 0.07781498015873023
0 0.47586991326530603 0.16090493650793652 0.038474520408163265 0.07577812698412693
0 0.5739720867346938 0.745370748015873 0.03984468367346951 0.07779506746031759
0 0.919919666582534 0.25559954426776593 0.03740369459868751 0.07809151099332544
0 0.7217793367346939 0.7446056547619047 0.039540816326530656 0.078125
0 0.524494974489796 0.7453089384920634 0.040380255102040914 0.07891152777777775
0 0.9677877334679454 0.25581566548881035 0.03691317516405864 0.07606988614055754
0 0.029891510204081626 0.5503688472222222 0.03809934693877551 0.07779622619047633
0 0.7729400663265306 0.06152766269841272 0.0391837040816329 0.07791643650793646
0 0.12766161224489794 0.8428568730158731 0.040080877551020425 0.07683477777777793
0 0.12830733673469386 0.4529059424603175 0.0400968163265306 0.077562876984127
0 0.2270408163265306 0.6480344742063491 0.03985969387755101 0.07719494047619038
0 0.4752072704081632 0.6480344742063491 0.03906249999999995 0.07843501984126987
0 0.07850388265306121 0.6464450436507937 0.03966082653061223 0.07649623809523821
0 0.22712053571428567 0.550688244047619 0.039381377551020384 0.07843501984126987
0 0.5238163214285714 0.8432128928571428 0.03902294897959188 0.07692677777777776
0 0.1781036836734694 0.35421197817460315 0.03828644897959185 0.07920768650793647
0 0.17793367346938774 0.7464657738095237 0.0395408163265306 0.078125
0 0.7709864336734693 0.7439110079365079 0.03942184693877562 0.07797578571428568
0 0.6242093469387754 0.2563141825396825 0.03955389795918366 0.07934463492063488
0 0.1280990867346939 0.551119117063492 0.039680316326530636 0.07805668650793644
0 0.5736607142857143 0.6461743551587301 0.038584183673469344 0.07657490079365074
0 0.4260164285714285 0.2559178531746032 0.04017061224489795 0.07855197619047614
0 0.5252446428571429 0.2558486130952381 0.03964744897959187 0.07965357539682534
0 0.32757828571428566 0.16027685714285717 0.04036065306122443 0.07638208730158726
0 0.028427561224489795 0.8429105634920635 0.03931685714285714 0.07756219841269857
0 0.5743862142857141 0.45184583333333317 0.039397428571428604 0.07730277777777751
0 0.967063836824836 0.4509258693561053 0.03704286799596161 0.07489846034550465
0 0.8202339795918367 0.7441497083333333 0.03938377551020429 0.0790732261904762
0 0.7220913010204082 0.5497354682539682 0.03920811224489802 0.07776954761904765
0 0.07808219897959183 0.8443899722222222 0.03945521428571429 0.07804085714285729
0 0.2768792448979592 0.45321647222222217 0.04036563265306126 0.07694385714285691
0 0.5734215561224489 0.9411582341269842 0.03810586734693879 0.078125
0 0.17709318877551017 0.9417077976190474 0.039454234693877564 0.07860408730158713
0 0.7717481275510203 0.2558531726190476 0.039031969387755286 0.0790426547619047
0 0.1773504081632653 0.8435231825396824 0.039330918367346965 0.07754735714285714
0 0.47464978571428557 0.7460450575396825 0.03986079591836733 0.07852364682539686
0 0.9195475478293791 0.3522066063996859 0.03697495431600208 0.07806358578720059
0 0.32591579591836733 0.6474255714285714 0.03917606122448975 0.07841274603174596
0 0.3267697704081632 0.2566344246031746 0.039381377551020384 0.07936507936507935
0 0.7218374209994951 0.8416399525912839 0.04065868854114082 0.07845069434628983
0 0.1289570867346939 0.05996931349206352 0.039801928571428606 0.07914001587301579
0 0.9193444179707218 0.7409252897526502 0.037830683493185344 0.07701155319984289
0 0.4757105408163265 0.061556712301587324 0.03879353061224501 0.07797453571428566
0 0.2266363826530612 0.745482007936508 0.04000745918367351 0.0792576666666668
0 0.9665257445734479 0.8387625147232037 0.03691317516405844 0.07637661955241458
0 0.967551110550227 0.3538169905771496 0.03675542655224636 0.07944395367098546
0 0.07864088775510203 0.7460245575396824 0.03993483673469387 0.08034276587301588
0 0.4248246173469387 0.8430369543650792 0.03970025510204077 0.0759548611111111
0 0.42477705102040814 0.7466407976190476 0.039605122448979554 0.08033516666666675
0 0.5735809948979591 0.8425719246031745 0.03842474489795913 0.07626488095238088
0 0.02893813775510204 0.9422433035714286 0.03874362244897959 0.07905505952380941
0 0.08011408163265306 0.1584263273809524 0.03873581632653063 0.07516118650793643
0 0.6736244540816325 0.3548957678571429 0.03953207142857136 0.07747506746031746
0 0.37531887755102034 0.8438120039682538 0.03858418367346939 0.07626488095238088
0 0.7232142857142856 0.06132192460317465 0.03985969387755099 0.07812499999999999
0 0.029267066326530613 0.2558236130952381 0.03972035714285714 0.07898353571428562
0 0.4244731734693878 0.9414462976190475 0.040272877551020464 0.07932116666666644
0 0.7225765306122448 0.4508618551587301 0.039221938775510216 0.07657490079365074
0 0.6224688638313982 0.8426901190616412 0.04036932786471488 0.0768702263447194
0 0.9202492922766278 0.06116275235571259 0.03711645431600203 0.07938282705143303
0 0.575000056122449 0.25613014285714286 0.039668479591836815 0.07835651587301586
0 0.7718805051020408 0.6456363432539682 0.03929672448979602 0.07859907539682541
0 0.27670599489795916 0.6481894841269841 0.04001913265306121 0.07626488095238097
0 0.12755102040816324 0.9416232638888888 0.039540816326530594 0.07657490079365084
0 0.029102285714285716 0.646973123015873 0.03939079591836735 0.07755239682539687
0 0.22727997448979587 0.35367063492063494 0.03938137755102041 0.07874503968253968
0 0.32581313775510196 0.8431919642857142 0.039700255102040824 0.07750496031746025
0 0.7232554336734693 0.15887385714285718 0.03930423469387766 0.0754362063492063
0 0.5253918928571429 0.16099086706349208 0.03962307142857152 0.07222974999999993
0 0.6718056375567896 0.842308186003141 0.0399767470974256 0.07794676069886147
0 0.32772640306122447 0.0602368551587302 0.03938137755102043 0.07781498015873015
0 0.5241387142857142 0.4525121011904761 0.03973277551020402 0.07761468650793654
0 0.8691744846938775 0.7426967579365079 0.03905050000000005 0.07740740476190489
0 0.3761924540816326 0.45329701190476196 0.039374704081632725 0.0777249761904762
0 0.3269923163265306 0.5504600972222222 0.04078310204081639 0.07797872619047631
0 0.9195736679707217 0.5472622650176677 0.03734269182231204 0.0773965363172358
0 0.1775685969387755 0.5509825873015873 0.03944841836734694 0.0777836269841271
0 0.3760480459183673 0.551702376984127 0.03940476530612241 0.0779831269841271
0 0.07770362755102041 0.5508793373015872 0.039654704081632665 0.0775771269841269
0 0.42554209183673464 0.4528769841269841 0.040178571428571425 0.07750496031746021
0 0.8219508010204081 0.060496333333333346 0.03899088775510212 0.07833393650793642
0 0.3253639846938775 0.9412844761904762 0.039323051020408124 0.07787251587301607
0 0.524234693877551 0.5499131944444444 0.039221938775510216 0.07750496031746036
0 0.1292251275510204 0.15913318452380956 0.03970025510204081 0.07595486111111108
0 0.3765613928571428 0.3552948174603175 0.038837071428571485 0.07703308730158727
0 0.42610012755102034 0.06008184523809528 0.039700255102040824 0.07936507936507935
0 0.7228995255102041 0.25499988293650794 0.039549051020408295 0.07919619444444437
0 0.3256479540816326 0.7454699662698411 0.038755112244897916 0.0782564960317461
0 0.4751812857142857 0.3552390476190476 0.03837277551020415 0.07878166666666667
0 0.6719302120141342 0.9387576069886139 0.039910398788490654 0.07821702002355715
0 0.6224258610550226 0.9400620319002748 0.03902133341746595 0.0765316020808796
0 0.4747289540816326 0.8433469742063491 0.03938137755102043 0.07843501984126987
0 0.3265623979591837 0.3538729861111111 0.04011499999999997 0.08020045634920638
0 0.4746119693877551 0.4530087023809523 0.038190775510204084 0.07714835714285713
0 0.9188856638061585 0.8387625147232036 0.037228672387683 0.07514968590498622
0 0.028760377551020407 0.7453905079365079 0.03902585714285715 0.07721454761904765
0 0.27734375 0.25523933531746035 0.039700255102040824 0.07843501984126984
0 0.9195166582534073 0.4498245484884177 0.0372286723876831 0.07514968590498632
0 0.8212934846938775 0.353744988095238 0.03895176530612251 0.07827370634920629
0 0.12800130612244895 0.648690232142857 0.03980363265306125 0.07850645634920629
0 0.47560586734693866 0.2561693948412699 0.038903061224489784 0.0790550595238095
0 0.623376969387755 0.6467027539682539 0.04044016326530614 0.08011185714285722
0 0.9197521651943463 0.6437784438555163 0.03801518349318554 0.07841377817039655
0 0.42594068877551017 0.3546006944444444 0.04033801020408165 0.0775049603174603
0 0.5246329795918367 0.6474606825396825 0.040337387755102073 0.07790747619047621
0 0.8197529864967188 0.8406583690616412 0.040250546441191255 0.07771446093443263
0 0.7702075971731448 0.9384508735767569 0.039910398788490654 0.07637661955241468
0 0.819267415446744 0.9386042402826855 0.03864840989399301 0.07606988614055767
0 0.574490831632653 0.5496719781746031 0.0396066632653063 0.07702252777777789
0 0.1786318163265306 0.0602141527777778 0.039342714285714286 0.07838961507936501
0 0.02971976020408163 0.35353896825396824 0.037755846938775504 0.0784817063492063
0 0.02934272448979592 0.4523231924603174 0.038915040816326525 0.07825749603174594
0 0.771017578748107 0.840521369061641 0.039952875820292735 0.0792808614055752
0 0.27706645918367345 0.551249867063492 0.03978342857142861 0.07831818650793644
0 0.1770526275510204 0.6490959920634919 0.03937311224489799 0.07683781746031738
0 0.5234375 0.9410032242063491 0.038584183673469344 0.07781498015873013
0 0.6736005153061224 0.25642593253968254 0.03948419387755097 0.07956813492063489
0 0.7228270867346938 0.3538822380952381 0.0397230510204081 0.07854820634920637
0 0.07860535714285713 0.4528392420634921 0.03922602040816325 0.0780495158730159
0 0.6721593520408163 0.7454863373015872 0.04042839795918383 0.07802624603174596
0 0.5251116071428571 0.35475570436507936 0.039381377551020336 0.07843501984126981
0 0.5745376275510204 0.35367063492063494 0.039381377551020336 0.07936507936507937
0 0.07852359693877549 0.3538256448412698 0.039062499999999986 0.07781498015873013
0 0.8205158830316579 0.5472706861012956 0.03899094973678519 0.07718026109148014
0 0.42556792857142856 0.5511260873015872 0.04054912244897965 0.07807062698412684
0 0.8690371024734982 0.9379907734589713 0.0388061585058052 0.07729681978798592
0 0.47425063775510196 0.9417782738095238 0.03874362244897956 0.07874503968253954
0 0.22693604591836733 0.844138232142857 0.03901239795918368 0.07815741666666673
0 0.6236854744897959 0.45277018253968254 0.03946278571428589 0.07791139682539677
0 0.9670778647147906 0.05965964860620337 0.038017415446743995 0.0763766195524146
0 0.7723870051020408 0.35378579761904755 0.03935309183673478 0.07897536507936499
0 0.3748405612244898 0.9405381944444444 0.03858418367346939 0.07688492063492051
0 0.2766262755102041 0.7464657738095237 0.03985969387755099 0.07936507936507937
0 0.37531887755102034 0.7466207837301586 0.0395408163265306 0.07843501984126987
0 0.22800326530612247 0.2560114027777778 0.04050908163265309 0.07935911507936501
0 0.07796179081632652 0.9425905773809522 0.039852153061224485 0.0797496071428569
0 0.6729203520408162 0.4531307123015873 0.039399377551020465 0.07739237698412695
0 0.3768433622448979 0.2563526130952381 0.03940101020408159 0.07694133730158725
0 0.8695196442453307 0.8409999851786415 0.03977124204946999 0.07901115999214751
0 0.6738706734693877 0.06121788293650797 0.039705632653061276 0.07791691666666661
0 0.6245367244897959 0.159749126984127 0.03925202040816334 0.0728464682539682
0 0.7214034209994953 0.9392528482528464 0.039475191317516534 0.07859403572830774
0 0.27770252040816323 0.1599985277777778 0.03946116326530615 0.07706550793650785
0 0.9672874569661786 0.5467358147820965 0.03685911383139841 0.07511670219866505
0 0.6238042091836734 0.3533606150793651 0.04001913265306131 0.07998511904761901
0 0.2774016836734694 0.3550498075396825 0.03981612244897964 0.07778314682539673
0 0.7717679438775509 0.547836248015873 0.039071602040816444 0.0789314246031747
0 0.8710443979591836 0.15879154761904762 0.038644918367347104 0.07589162698412691
0 0.771900413265306 0.4514614226190476 0.03869878571428568 0.07777403571428573
0 0.8705376479591835 0.255207873015873 0.04018243877551027 0.07899213492063491
0 0.17836015816326528 0.15950229761904763 0.03975603061224491 0.07545300793650786
0 0.6726467295918366 0.5500697976190475 0.03917101020408172 0.07781816666666655
0 0.672501693877551 0.645890863095238 0.04015644897959183 0.07848807539682548
0 0.8221568010204081 0.15872008730158732 0.039084010204081816 0.07512866666666662
0 0.722419525510204 0.6454488829365079 0.03954568367346951 0.07698407539682546
0 0.9669118284957091 0.7404201730467215 0.03610785689045944 0.07784172025912826
0 0.8210042653061225 0.45127340277777783 0.039329959183673574 0.07739799603174595
0 0.8213477295918367 0.255386623015873 0.03937913265306138 0.07934963492063485
0 0.12820230612244896 0.7465470674603174 0.03956787755102043 0.07828758730158736
0 0.8708545918367345 0.06054687500000005 0.039221938775510216 0.07843501984126981
0 0.12850765306122447 0.25601438492063494 0.03858418367346939 0.07936507936507935
0 0.6245917295918367 0.060999402777777795 0.03968090816326537 0.07809999603174596
0 0.8704559948979591 0.3530505952380953 0.03970025510204077 0.0775049603174603
0 0.27611120408163264 0.8432529325396825 0.03914842857142864 0.07700685714285714
0 0.4263628724489796 0.16018264682539685 0.03990686734693887 0.07557362698412692
0 0.6740092040816326 0.15960111706349206 0.03966381632653062 0.0768907261904761
0 0.27809546428571424 0.060687593253968275 0.039928173469387776 0.0780964166666666
0 0.966354716683493 0.9354623980172754 0.037202113831398265 0.07714780349430721
0 0.8697722397959183 0.5467454186507936 0.039608255102040905 0.07798984523809516
0 0.2763871173469387 0.941468253968254 0.04001913265306121 0.07750496031746025
0 0.08006467346938774 0.05999980357142859 0.03831812244897959 0.07858095634920628
0 0.5751753826530611 0.059229290674603224 0.039381377551020336 0.07843501984126981
0 0.030230698979591835 0.15831081746031747 0.0381399693877551 0.0755502063492063
0 0.9184912922766278 0.9358436395759718 0.037701918223119635 0.07668335296427169
0 0.5256696428571428 0.06054687500000005 0.039540816326530656 0.0796750992063492
0 0.5753348214285714 0.16099330357142863 0.038743622448979664 0.07409474206349206
0 0.030260387755102036 0.058720823412698436 0.03819934693877551 0.07788311507936502
0 0.07926476020408162 0.25604540277777776 0.03990707142857144 0.07880707539682531
0 0.22796126530612243 0.059690843253968284 0.039468448979591814 0.08044319444444438
0 0.9664700882130237 0.642864477031802 0.03743285689045937 0.07658584452296827
0 0.6236738469387756 0.5499340575396824 0.04007728571428574 0.07754668650793652
0 0.8699629591836734 0.644963373015873 0.039989693877551045 0.0766330952380953
0 0.22789795408163263 0.15913880753968254 0.03966070408163266 0.07658614682539674
0 0.8198888469387754 0.6452578333333333 0.039969020408163254 0.07846209523809536
1 0.3265200204081633 0.24243775396825404 0.0038477142857142304 0.010412190476190464
1 0.4796525255102041 0.9387445753968254 0.003067397959183487 0.014127912698412872
1 0.624392730565371 0.9495795561444839 0.004685008329126715 0.013630444051825563
1 0.8671685429076224 0.8394060585983509 0.003106124684502731 0.01312938260698853
1 0.22969204081632652 0.8556948373015872 0.005539387755102026 0.010336515873015786
1 0.9725939563351841 0.05756874165685119 0.0030074432104996163 0.011850149195131528
1 0.4801274336734693 0.6478933035714284 0.0033930918367347422 0.004312599206349274
1 0.5281275080256822 0.5515566479400749 0.003135032102728782 0.006339731585518136
1 0.17868466836734692 0.3602157837301587 0.00646994897959183 0.008611091269841312
1 0.7754355614588591 0.9372532877895562 0.007369664563351819 0.010063506870828378
1 0.4278246020408163 0.5401540575396825 0.003406918367346837 0.013317876984126897
1 0.28228683163265306 0.5542738333333332 0.0046227653061223905 0.01670034920634923
1 0.08337041326530611 0.6505955396825397 0.006409683673469374 0.008828761904761883
1 0.2823048010204081 0.14328208928571431 0.005224581632653066 0.011550900793650804
1 0.9669570917465924 0.449558058892815 0.007340233467945519 0.0075878476639183266
1 0.030090948979591834 0.7466338849206349 0.00582575510204081 0.008344333333333212
1 0.22866006122448976 0.7461778749999999 0.004414571428571433 0.009876392857142985
1 0.12946740816326532 0.7488005039682539 0.005414673469387716 0.010831531746031686
1 0.28229558673469385 0.6474627003968254 0.007475153061224456 0.005793845238095131
1 0.6757867499999999 0.4640469662698413 0.003974969387755018 0.009282059523809474
1 0.27350158163265303 0.8482519384920633 0.006568265306122406 0.010341361111111268
1 0.5791265204081633 0.8467644186507934 0.0037367551020407418 0.01145628174603165
1 0.6315488201665825 0.8431016758932076 0.005201198637052126 0.011259349430702848
1 0.027081469387755103 0.15245817658730162 0.005786040816326527 0.010559837301587357
1 0.7182536925795052 0.9488263890851982 0.00752340737001528 0.006548242638398309
1 0.4371337653061224 0.15907034523809527 0.004877877551020302 0.011596412698412717
1 0.8182830459183673 0.4512406706349205 0.0059721734693876476 0.008232944444444494
1 0.5707307704081632 0.2628948988095239 0.006178765306122358 0.007320321428571406
1 0.1329030663265306 0.6565652916666666 0.005239785714285691 0.005569813492063425
1 0.2316019744897959 0.35127299603174605 0.006821561224489742 0.006655396825396891
1 0.18775927040816326 0.2504395119047619 0.007134520408163247 0.008669587301587326
1 0.8692418418367347 0.6521123591269841 0.008327540816326412 0.010135400793650717
1 0.4375117448979592 0.05162976190476193 0.0073106938775509885 0.010703769841269885
1 0.2762019642857143 0.3510617162698413 0.005312908163265259 0.008318035714285748
1 0.03279677040816326 0.35947610317460316 0.004559520408163266 0.01691088888888887
1 0.6797226105502271 0.9422751053199843 0.00413377940434125 0.01228920828425591
1 0.18000758163265304 0.9397776746031745 0.005737387755102041 0.019502190476190506
1 0.9647934785461887 0.845759592952493 0.009458979303382112 0.01575898449155873
1 0.8711516970172685 0.3528444864163614 0.008775883830455302 0.007833615689865661
1 0.5239766479591835 0.3509774464285714 0.0068936428571428265 0.00786653571428575
1 0.22971734693877552 0.6427577916666666 0.008677551020408077 0.00838322619047628
1 0.22593598469387755 0.9345386765873016 0.006673948979591847 0.007658757936507893
1 0.6236503622448979 0.07005171825396829 0.009714581632652904 0.007962039682539711
1 0.6805911428571428 0.2667252777777778 0.005845775510204122 0.008340119047619035
1 0.5239493010204082 0.853885857142857 0.005035071428571415 0.013334436507936469
1 0.027678908163265303 0.2508440119047619 0.00650442857142857 0.00662050793650801
1 0.278450387755102 0.94176410515873 0.006874734693877522 0.009328932539682415
1 0.4750624234693877 0.4614630376984126 0.008102193877550994 0.007009440476190379
1 0.9177719409389198 0.5515300718492343 0.0047514235234731115 0.015289875932469579
1 0.17607988265306118 0.8391656111111111 0.008809622448979556 0.011152904761904657
1 0.8187096240535083 0.9381674044954847 0.008529767541645583 0.010689140753828022
1 0.3320508826530612 0.04883726388888891 0.007773234693877485 0.0063681309523810035
1 0.3761036173469387 0.8547308472222221 0.007040214285714238 0.009784337301587145
1 0.9195265596920746 0.8468562096584216 0.005028152700656108 0.013565751079701765
1 0.7267371428571427 0.1458223988095238 0.006347142857142833 0.009570480158730237
1 0.9196671742806664 0.05955559177463682 0.008532890206966215 0.00787644895956025
1 0.42270445408163265 0.4513661904761904 0.0053563979591836185 0.007361865079364982
1 0.9210156603987885 0.9444495893207695 0.00362743740535052 0.012847974872398834
1 0.038433423469387745 0.5441798968253967 0.008273459183673473 0.010846555555555642
1 0.07814335714285714 0.16675337301587304 0.0031520612244897756 0.014211507936507987
1 0.2759059642857143 0.7518561329365079 0.004629397959183632 0.014020869047619023
1 0.3718343775510204 0.5505741349206349 0.00441797959183669 0.013559071428571476
1 0.9683145820292781 0.6573479017471534 0.009042214033316448 0.007938668433451134
1 0.08479939285714286 0.8375995119047618 0.010567030612244897 0.00746466666666665
1 0.9206233041393235 0.15991965508441303 0.004412149924280584 0.012046241460541809
1 0.5850352091836735 0.05753930158730162 0.005631112244897858 0.008185285714285753
1 0.08661389285714284 0.06145873015873018 0.003749255102040814 0.013987301587301621
1 0.5276298571428572 0.4539252698412698 0.006602530612244704 0.009064142857142816
1 0.5763220102040815 0.4617360476190476 0.005838122448979581 0.01328385714285702
1 0.08055975 0.7452825654761904 0.007566724489795907 0.0054666150793651145
1 0.328001275510204 0.850036988095238 0.00790051020408166 0.010491499999999949
1 0.8203460204081633 0.06423580952380954 0.007904897959183595 0.010913301587301626
1 0.07817877040816326 0.9432389345238097 0.007226642857142845 0.009479472222222106
1 0.5810206887755103 0.5461084563492064 0.007282602040816194 0.008229515873015753
1 0.3341056683673469 0.4542228293650793 0.00749019387755102 0.014049380952380926
1 0.18228424489795916 0.46026578769841264 0.004372836734693841 0.01498429761904754
1 0.5828536326530612 0.3503012658730158 0.004892224489795791 0.014179214285714349
1 0.031612770408163265 0.05131341269841272 0.007565275510204078 0.010096388888888943
1 0.178830137755102 0.061646319444444465 0.005860132653061229 0.013612123015873043
1 0.13324611734693878 0.34468261706349207 0.003915928571428573 0.017976035714285743
1 0.47447713265306124 0.7489725238095237 0.005127367346938679 0.016067849206349294
1 0.4269295408163265 0.7410682460317459 0.0074291836734693 0.01265517460317442
1 0.2797308265306122 0.2415607043650794 0.008140387755102044 0.00658593253968255
1 0.3784369387755102 0.7431938154761905 0.005562346938775471 0.013364353174603098
1 0.629473918367347 0.6523356091269841 0.008590428571428431 0.008448821428571346
1 0.4784757653061224 0.5530133928571428 0.006377551020408134 0.015500992063492092
1 0.5314466428571428 0.25248465079365084 0.005027632653061127 0.014499944444444442
1 0.13394808673469386 0.04792149404761907 0.007932908163265268 0.006959591269841321
1 0.47337313265306125 0.1600533253968254 0.007973122448979504 0.0065302539682540305
1 0.27665569897959186 0.4581614583333333 0.007913091836734663 0.012372519841269832
1 0.5769340510204081 0.6453436309523809 0.009716081632653075 0.008171865079365008
1 0.13518705612244897 0.44733921031746027 0.0038605816326530372 0.0191360634920633
1 0.8675928673469387 0.45520956944444446 0.009074469387755052 0.008975702380952317
1 0.7279420867346937 0.35887929365079363 0.005850520408163261 0.013764230158730208
1 0.3807132704081632 0.6453314404761904 0.007387234693877482 0.010056365079365075
1 0.030933362244897962 0.6458264702380953 0.007967459183673465 0.015886742063492006
1 0.32717822959183673 0.560091242063492 0.00444456122448972 0.014366126984126894
1 0.6299083826530611 0.45873498809523794 0.007402622448979607 0.013705619047619046
1 0.3255445102040816 0.7389526865079364 0.00803087755102041 0.011925976190476145
1 0.3245726020408162 0.9435559543650794 0.008699183673469436 0.010705551587301403
1 0.37399557142857137 0.4620976765873015 0.004240999999999977 0.009460400793650809
1 0.47778802551020405 0.25342017063492067 0.006158642857142889 0.008908666666666676
1 0.5233229846938775 0.6509389186507936 0.004055561224489627 0.014342400793650789
1 0.13229157653061221 0.8403124603174603 0.00518725510204082 0.017539761904761794
1 0.819431137755102 0.16107017460317463 0.004951499999999953 0.013177111111111169
1 0.08642320918367347 0.549275875 0.00572501020408161 0.014295472222222234
1 0.628466969387755 0.747206744047619 0.004226775510204054 0.01649921031746023
1 0.8702345306122449 0.1595545753968254 0.007298795918367265 0.010007912698412773
1 0.3321538163265306 0.3579823035714286 0.004697469387755047 0.015558210317460346
1 0.7755995 0.35101950595238096 0.008112224489795799 0.0077824166666666805
1 0.2289920918367347 0.2588837698412699 0.006301530612244858 0.011622341269841246
1 0.7713954846938774 0.7441293452380952 0.008548316326530575 0.014593492063492104
1 0.9624706153457848 0.933700137318414 0.010003241797072146 0.01348900687082831
1 0.4298687806122448 0.846657128968254 0.006652744897959195 0.00981074206349191
1 0.7685479690812721 0.8386986083627797 0.00820946314992424 0.010250015312131803
1 0.17998998979591835 0.5498653253968253 0.007048081632653056 0.006916174603174556
1 0.6719838924785462 0.8429912256576363 0.008253315497223516 0.010253316254416845
1 0.7224561224489796 0.06271160912698415 0.004067346938775326 0.01582182142857147
1 0.5249521683673468 0.1479724702380953 0.00685586734693879 0.012710813492063489
1 0.6777121326530612 0.16859896230158733 0.003950734693877475 0.01672072619047624
1 0.37927794387755104 0.04691575396825399 0.00770686734693875 0.013931388888888944
1 0.9203419326097929 0.7394276795249313 0.004028401312468434 0.014322889870435852
1 0.33108003061224484 0.6492731289682538 0.004612897959183674 0.017053940476190514
1 0.625876913265306 0.1549479166666667 0.008450255102040874 0.012400793650793643
1 0.6767001326530612 0.059084410714285725 0.008525755102040782 0.01315558333333338
1 0.8673093061224489 0.748785744047619 0.00868495918367326 0.009620972222222295
1 0.773536581632653 0.2532804305555555 0.006817142857142702 0.014148464285714318
1 0.6750731581632653 0.5487825753968254 0.008272051020408152 0.012181873015872924
1 0.576799831632653 0.9378355257936507 0.007433499999999781 0.010985694444444662
1 0.8214930561224489 0.24653198214285715 0.007205214285714183 0.014624527777777896
1 0.9183419339979807 0.6443615166862975 0.003926934628975687 0.008759298782881803
1 0.6718036122448978 0.7406677658730159 0.006520326530612307 0.012836095238095207
1 0.5249769336734694 0.7526799027777776 0.007125214285714167 0.013613408730158679
1 0.4329559948979591 0.25601438492063494 0.007174744897959227 0.014880952380952401
1 0.3278479897959184 0.16481451388888887 0.008844836734693828 0.010028710317460405
1 0.8194788671125695 0.8513390775422065 0.008253270318021118 0.015028951315272918
1 0.8200192448979591 0.7517013928571428 0.011428346938775442 0.016810507936507908
1 0.030975454081632655 0.8314592023809523 0.006288887755102029 0.020365325396825205
1 0.7238148214285713 0.6524585178571427 0.004219846938775516 0.018743678571428505
1 0.6783207959183672 0.3450786468253968 0.0068788163265307185 0.017804015873015968
1 0.7249894489795918 0.7458472341269841 0.0037838571428569674 0.017358111111110987
1 0.37663527551020404 0.25588179960317453 0.004701387755102055 0.017626281746031806
1 0.9697442049469965 0.7468414798782882 0.009968934881372807 0.008083824695720467
1 0.43058127040816313 0.9451268432539682 0.004590010204081655 0.020584607142857158
1 0.46923952040816325 0.8452506388888888 0.005398510204081625 0.018204079365079232
1 0.22880412244897957 0.5435611865079364 0.006677469387755128 0.013324055555555504
1 0.4802599132653061 0.3563823948412698 0.008230173469387836 0.008217353174603283
1 0.6750212806122448 0.6481913492063491 0.0058247857142857485 0.017357380952380867
1 0.7773429387755102 0.6549860476190476 0.005263102040816087 0.016788817460317438
1 0.7258348622448979 0.2578401091269842 0.005281806122448935 0.021150138888888885
1 0.48255069897959174 0.05518311111111113 0.0061996224489794215 0.018478023809523847
1 0.9179746895507319 0.34383876217118176 0.005923412417970602 0.020263190223792686
1 0.7299893163265305 0.4517952896825397 0.007814734693877463 0.01642430158730162
1 0.9694058375820293 0.26184958510011774 0.006228708480565054 0.016765101491951255
1 0.12951319387755103 0.16146748412698414 0.007874122448979547 0.016722769841269892
1 0.8269292091836734 0.3519655257936508 0.008450255102040874 0.012710813492063513
1 0.23172288265306124 0.45353437896825394 0.004985357142857133 0.01914651984126984
1 0.6298652551020408 0.25806885912698413 0.004618979591836693 0.019452559523809556
1 0.028031790816326535 0.9351243253968253 0.00611754081632652 0.017028134920635075
1 0.9656317354871277 0.16130845602669808 0.004311995961635619 0.016630241460541803
1 0.7770248724489796 0.06457713293650798 0.005261479591836706 0.01581101190476191
1 0.9177025492175667 0.25903636631330973 0.005521201413427588 0.01687033765213977
1 0.7243711020408162 0.5533506428571427 0.0053394285714285315 0.021646928571428543
1 0.8211012448979592 0.5515720138888888 0.00830771428571424 0.01714367063492054
1 0.7233036662039374 0.8412215088339222 0.00878136017163048 0.012565816254416932
1 0.9688282174406863 0.35838288064389473 0.0064374570923776886 0.01632709305064786
1 0.8668615401312467 0.9403279886140556 0.004035627460878288 0.018023842167255485
1 0.1286037551020408 0.5503696349206348 0.00969299999999999 0.01148791269841265
1 0.7734374999999999 0.1600632440476191 0.006696428571428571 0.01891121031746031
1 0.2830038265306122 0.05667162698412703 0.004145408163265328 0.007440476190476176
1 0.18678252551020405 0.14750744047619052 0.003985969387755109 0.00868055555555553
1 0.0861766581632653 0.3435949900793651 0.004304846938775508 0.008370535714285686
1 0.08282844387755102 0.4446614583333333 0.00462372448979592 0.007750496031746046
1 0.13400829081632654 0.9375930059523809 0.003029336734693874 0.005890376984126928
1 0.7730389030612244 0.4397011408730158 0.0055803571428572445 0.007130456349206405
1 0.8711734693877551 0.5514632936507936 0.006377551020408134 0.010540674603174476
