1 0.3095326191153979 0.5210547565895904 0.004978880237114494 0.0045352960354608975
1 0.7487550741714244 0.08968754078677432 0.005950116264130489 0.005648346860785683
1 0.8603602984665111 0.914187701608165 0.007764564854303829 0.009613423599312743
1 0.48278854650189224 0.5108846626205216 0.0039798245085234055 0.009776586193136665
1 0.7508605779980725 0.8483091533681484 0.003944846194828984 0.007778098413084069
1 0.3648423637066435 0.7290096788302669 0.006274279921185106 0.005462879564720316
1 0.1993338313043527 0.4004091002297189 0.0032212151166036334 0.007479722363624688
1 0.039463275625997746 0.8352088137604884 0.0070330142614733636 0.0055276713293501
1 0.5939551961859629 0.7228681281950347 0.003801765882983406 0.011275024643558274
1 0.2009303945488239 0.29703557387135743 0.004214431103966462 0.007156176948297089
1 0.0409816151244181 0.7286324178781736 0.004554514261473368 0.009992125914022739
1 0.6448276800406355 0.39625168007053346 0.00643627058285044 0.006627374743857989
1 0.7597631169217203 0.927884505229168 0.004966763270260494 0.013066030841318223
1 0.25479182201625417 0.6249620945352775 0.00701101754356589 0.004869710974741767
1 0.8601891179917289 0.29024719960316103 0.0032922039047394262 0.009936419589304694
1 0.914929018911721 0.8162656120084802 0.004044192913236006 0.013035979112706285
1 0.7010105114679074 0.93208330626374 0.0041311780256092 0.015440122718971258
1 0.47904312526373954 0.1901678157664848 0.0028188925337977017 0.01004637058087618
1 0.8089062732094937 0.9310722781985812 0.003988514340269009 0.01354519923227197
1 0.9147085028723619 0.5128464018490593 0.0027113800817485834 0.010784068985355381
1 0.5381823990868192 0.8350636326492095 0.008735171684695788 0.006896526250512142
1 0.813519603406289 0.7222386729260817 0.007178768318116245 0.007688988687273206
1 0.25353053502573214 0.3002443781572874 0.0036727120577826206 0.007748770917365911
1 0.4757247896446633 0.7272788672429413 0.004711042298804357 0.007846010040767097
1 0.8550805618539721 0.193952643164381 0.004640091629225605 0.005697306711744576
1 0.47843207663518533 0.6126567542169066 0.006552795276689374 0.007910537639395135
1 0.4177269779296025 0.40591513626216014 0.006559060875001347 0.009409562681995668
1 0.03682857813389598 0.19365167798904254 0.007278798274110539 0.005774877882271716
1 0.8632962757334215 0.5057642283623598 0.0041732680621756595 0.011728609751320767
1 0.368654740195586 0.40294928134099783 0.006743122397490441 0.005634838236880153
1 0.3112712942328946 0.6193489207253943 0.007362409468948501 0.005850377957766181
1 0.3556215474842873 0.19914090973555362 0.005737826473313438 0.005042095025991666
1 0.5959706436780647 0.8392425418563018 0.005631750365607198 0.014176851966092049
1 0.9703841618120332 0.41035904437570686 0.0028588851296046866 0.013055088751413828
1 0.3678956954463758 0.6169381164394643 0.008540301394331123 0.007975754783115208
1 0.9632626203876866 0.0935461811125691 0.0021509894494237706 0.009192382608120907
1 0.7002478630718433 0.4006149805632127 0.007176913312199201 0.007572471317916762
1 0.7532441303091811 0.614477420031189 0.00533441570815694 0.011204972705996467
1 0.755243349556412 0.39981698056321274 0.005137073449849528 0.009168471317916736
1 0.31091423098842336 0.18454327243264815 0.004727461976846703 0.005118066769482973
1 0.865119456208204 0.4025469142414035 0.006862067506201884 0.0066463386742982335
1 0.9719986631379824 0.7197582775045411 0.008245700612990093 0.006284687652701083
1 0.09172018847751098 0.9396719523414078 0.0074568399644998175 0.012299933888397748
1 0.20199102448173084 0.830018765772956 0.0037677082286747686 0.01752550635232192
1 0.8081929603780064 0.40367537088900746 0.00262766943006362 0.012223384613124808
1 0.7579372572981048 0.7241383234433678 0.008618482517491342 0.009275534626099702
1 0.8116190552882118 0.8233110253036883 0.004137891329192641 0.01559231589461351
1 0.5865510288271543 0.6220397177099286 0.007725610162206834 0.01071446462543958
1 0.6433042062945846 0.2938164000614741 0.006692323090748724 0.00820206107504162
1 0.8617238225255497 0.6099754684793306 0.008078393725150413 0.007478692054406835
1 0.6371211975307748 0.1889262771059428 0.003960216064708693 0.010691076116072356
1 0.3127950179789455 0.8427259040788593 0.0054313199705281565 0.010984851966092465
1 0.973000951910431 0.8168458569127346 0.0037070589106563668 0.014323601564833375
1 0.2640103211147951 0.9411333907540822 0.007831194737488383 0.008837810713746482
1 0.8072095459425832 0.19388957684257171 0.0030740598064481 0.010230041424507542
1 0.5963777594304343 0.9312381047216411 0.004538429362448015 0.01622571674467758
1 0.9694457246435203 0.5052795829408193 0.006763010792579196 0.007312053621002893
1 0.36677370320506386 0.9344627132935011 0.0035279589180258054 0.014629716744677517
1 0.09671024396329415 0.6135950005662087 0.007803040434486523 0.006034044940790851
1 0.3688556059479554 0.8318980564590929 0.003829585406968294 0.019159388473069954
1 0.31105915998526407 0.94061019869071 0.005553961976846762 0.013658919285606402
1 0.8638524241294856 0.8227578365297519 0.004328003348765626 0.016698693442486607
1 0.8130125405748019 0.5105745574620909 0.004391797744936202 0.013858890402910334
1 0.750247730587168 0.1928462656165081 0.0037250226798741367 0.01231666387663475
1 0.09580038596961274 0.8322970564590927 0.003482787456601598 0.01674364942516341
1 0.04188865599428425 0.09457038337719205 0.0069267749980463774 0.008191042309268586
1 0.7602192472309014 0.5073443367819075 0.006841973225078083 0.008568392912225383
1 0.14563473557665474 0.6115945658042321 0.007077202658048358 0.00787792906753528
1 0.7083999753473569 0.7190777060869864 0.006330480121533752 0.012052432556955355
1 0.8088732790536791 0.614326842571693 0.004307909067641731 0.01689197459838719
1 0.5383247609598447 0.7319700989894524 0.00872953743706533 0.0065522417872782455
1 0.5828592272207153 0.4088590021354156 0.0028292754445895588 0.013767511572226714
1 0.4248020032820926 0.9443525645639653 0.008317111579981402 0.011027404682815475
1 0.804794647546519 0.30259779148081417 0.007397043767089152 0.009226735988229488
1 0.48230295700347187 0.8324101289985119 0.004392824508523397 0.013282026250512469
1 0.14577121320204967 0.9442392420245465 0.0048506209183160585 0.01934274500118628
1 0.4233539361582773 0.8302694478872329 0.010655066830771297 0.011092432281443475
1 0.04139999937204863 0.6173479859634177 0.006229551251995492 0.00931300113241732
1 0.6422573706755081 0.8286680131252563 0.0037623833573350468 0.015373794504000898
1 0.03176029890206191 0.9344627132935011 0.0048563293088627665 0.020561426587002125
1 0.20543486053618676 0.7385543777204979 0.003578184081851389 0.017110523694484608
1 0.652114839640756 0.7256934867668946 0.006932784297308455 0.013173756390069333
1 0.42762654803130273 0.7325204648627079 0.004621648570503577 0.015697190677509288
1 0.08694483436317359 0.7243401861316624 0.009472131735825048 0.009409401468907124
1 0.4236217571614365 0.2907429073628697 0.008444887833930529 0.006260351232717174
1 0.5899504053160968 0.18951549687776367 0.007625005146410358 0.008115530262505116
1 0.48301169924478377 0.9408528980554779 0.008557129994306743 0.006702564364444246
1 0.30967779811223867 0.28859679148961415 0.007479417227636555 0.007856351232717192
1 0.2056469947838173 0.6231179604085331 0.0042702735802717115 0.014489689070555103
1 0.6461564222819475 0.9360695828174546 0.007406949579691157 0.01572994849118849
1 0.4197924779296025 0.18149126878195038 0.0038235083671031202 0.013379059468087408
1 0.25069778890507605 0.08480472417009988 0.005430951321209708 0.009387984847177615
1 0.09158602797593134 0.3006542476812407 0.008841518961340526 0.006929031869459293
1 0.5890436144462307 0.29559043974461297 0.004694065412996622 0.014899662345505915
1 0.47821712526373955 0.40766200213541554 0.0036336240385366762 0.013465279825715729
1 0.47876942001294975 0.2955795702206596 0.003924482032218232 0.013842908694808113
1 0.0936622964711924 0.4051117015001834 0.008317145450282984 0.010477185856646832
1 0.9073610871109895 0.09299771936921941 0.0070165485590044955 0.007841193834184473
1 0.5886947525732051 0.5051472967472661 0.005112699660627165 0.014780361748020875
1 0.9625603944467251 0.19624706665108033 0.006849724736013609 0.008942418972380429
1 0.31410685747736583 0.7263729794654992 0.004203088465789208 0.018285727184486917
1 0.6980283777852534 0.08989559182134658 0.00376028499732653 0.013066204025675815
1 0.09143828185527536 0.19193642068764696 0.005508847723187878 0.012980116930178387
1 0.7009120903387538 0.5093822844926778 0.007875710104327343 0.009878344464083741
1 0.09429049784263818 0.084659043058821 0.00929345869475423 0.006443868973922055
1 0.7523550287052453 0.29689336289836904 0.0076194317475160355 0.015249746179720828
1 0.5409452203132501 0.94299087595177 0.008233140203400364 0.013750781907206362
1 0.08888180810922448 0.5130416480177304 0.007551810732665742 0.010855078891741006
1 0.6972657293891892 0.302906169028687 0.007566239531147409 0.010078848248865352
1 0.14716127644652088 0.305070421491124 0.007931373896201051 0.007803118537132532
1 0.6955361117458941 0.18530650283858616 0.006717565750095606 0.009769781155900705
1 0.4226112729830202 0.6229481676409052 0.005163155720776539 0.01644701365371758
1 0.1997696182948748 0.5066141699219172 0.008768699599227495 0.011307369049416566
1 0.03904720850218249 0.41262879181855444 0.006748790515422488 0.01647361284269114
1 0.2522355982702033 0.19286404751299582 0.009332570051464067 0.00735013883436512
1 0.643954538935776 0.6211283377084188 0.0057719221284481545 0.017121324583162484
1 0.8048299670717368 0.09118371427347374 0.0035253084804990724 0.01293807138205733
1 0.19754535367895776 0.18161546084532257 0.007914528361074874 0.008816704546925213
1 0.036270649137055265 0.5102483980177305 0.0036501347946459478 0.015902332542438842
1 0.3638126808304587 0.08318698512219323 0.009170914168815693 0.006691753100666532
1 0.14744036594494125 0.4076565673734389 0.007373194899360319 0.012397656651064475
1 0.9630710830336802 0.2960722486890359 0.006588566809334457 0.011506127624988368
1 0.9651491524664048 0.6069003970617757 0.005219898517065527 0.01754581450653408
1 0.5320788027311698 0.6200444677099287 0.007266978973397091 0.015244210974741693
1 0.6972679085380223 0.6117747924833162 0.003760784997326465 0.017589472705996232
1 0.14503148259876977 0.2028185584650892 0.006508034802460453 0.012558883069821622
1 0.6426121167961643 0.5114617023036605 0.005006517604965544 0.02102517286080983
1 0.6435217247898457 0.08133741623347211 0.007094554595487642 0.015783354371130934
1 0.42076904117407377 0.07705011924893769 0.003265829370262441 0.015730006751364316
1 0.5281268814930172 0.07517362655033327 0.006798136497091803 0.014629775004853242
1 0.30982861135670986 0.09163170226591318 0.0094105067260569 0.009215187388106408
1 0.5381039253407683 0.5113105864304048 0.006101224192594095 0.015395694764996526
1 0.19989785324357817 0.09206013675287421 0.009628587695502204 0.006740579366277695
1 0.14632964219889033 0.5181484340501715 0.006245568410417847 0.016279650956623065
1 0.5315229408581444 0.2934388891093807 0.006145986732085275 0.012192561075041608
1 0.8502111460925998 0.09482882653410955 0.005002885769455558 0.016419540807583274
1 0.14722541457349542 0.08442177845602987 0.005291292156468754 0.01716407881624642
1 0.5861577190573474 0.08585880373589873 0.008233140203400458 0.013211535557904282
1 0.5345932696199917 0.3991150245141391 0.005576460760016472 0.015815950971721955
1 0.2617858064988781 0.4088807411833223 0.004465718013552555 0.016959511572226707
1 0.3677451322019045 0.5173341297642415 0.0038178169117072096 0.01682976682987855
1 0.30794169011855727 0.40620081372274114 0.0048116642497516016 0.016926903000366762
1 0.5365773844709021 0.19462771767218137 0.004409784459180363 0.016225464549945008
1 0.2532627140225728 0.5172156224628459 0.005882891054623436 0.019223766829878648
1 0.36130932671612137 0.30094535990379845 0.006084026943300214 0.01605324171178363
1 0.47641662914308364 0.08001053940812322 0.0038855422988044027 0.019515600720433148
0 0.8072261373513454 0.3937519278884053 0.04003821368749418 0.08445987299193596
0 0.8074161921631531 0.8170305377523392 0.03940469764813512 0.08103251582704574
0 0.5352238855956328 0.8262440413278402 0.04367750650278535 0.08277431461788998
0 0.7013654567200848 0.7153838436721195 0.041938460896856 0.08387018001214261
0 0.2569016788349688 0.8264303913742155 0.04270028433638093 0.08476475375854724
0 0.20173122899293347 0.8254862102629364 0.04315791552519063 0.08557262328250011
0 0.5910417852797035 0.8255699833912125 0.04367750650278526 0.08358318414184342
0 0.8589210461630468 0.29129842978079606 0.04079843293472497 0.08176694950523654
0 0.038174005955769905 0.82067647121503 0.04425271959319916 0.08727731852203342
0 0.9632611378454878 0.808339739227082 0.03991151047962228 0.08029808214885518
0 0.09271932155017466 0.6080300672278424 0.043382088404389396 0.08583214109919977
0 0.09251000442635941 0.8232215870882852 0.04352163315359964 0.08589659407691741
0 0.424271778361075 0.1795447592534674 0.043928532776270734 0.08464548149306539
0 0.03970593107326657 0.5007793634088997 0.04229295885662613 0.08487228778499156
0 0.700985497550827 0.6080841563070717 0.04143194897408412 0.08421506176587239
0 0.8603211180557141 0.7099927696681338 0.03954407406816144 0.08239085859458767
0 0.6463712783415386 0.9316667026164233 0.042421603759893727 0.0827743146178899
0 0.9121997450731458 0.7082119477670769 0.040418323311109526 0.0822565719573636
0 0.9622475121825134 0.4985311326436186 0.03915129123239158 0.08103251582704582
0 0.8076445379868886 0.4993769424607935 0.0401147957113498 0.08174489055714135
0 0.47947575828616723 0.6120284290675353 0.04297978275673448 0.0841224304911456
0 0.42371359936423436 0.8272390108981688 0.043928532776270734 0.08476425375854682
0 0.9609171284998592 0.2908088073286689 0.03902458802451968 0.08078770460098215
0 0.4237135993642341 0.2865255898977589 0.0444867117731113 0.08452634210866891
0 0.9631569092241201 0.7058850910856889 0.03970305323688687 0.08298870556798649
0 0.9117562838455944 0.8106654458746861 0.04003821368749418 0.07907402601853704
0 0.7540285207495508 0.2883298320925485 0.041087300759205636 0.08415333581490309
0 0.146870848543711 0.6090625741463731 0.04228205901068356 0.0857401695390522
0 0.03863736990522122 0.9289917390479068 0.043784000000000003 0.08778899999999996
0 0.3682753285190395 0.28760951735834 0.0435714324603414 0.0839979652833201
0 0.09370176904227646 0.9308824104311817 0.04227699890596912 0.08713744008973072
0 0.754264196460926 0.5011016505172862 0.04029162010323781 0.0842150617658722
0 0.7001619266996603 0.9284196456112692 0.04054502651898134 0.08152213827917307
0 0.9109680176497568 0.29068782190105713 0.040995745453255315 0.08299384600639449
0 0.03887172970182079 0.7130158978721339 0.04257818260267703 0.08334074076270995
0 0.039002823079585185 0.6073718135771446 0.04256127985978549 0.08397638744850183
0 0.6465973763577704 0.28691915513578226 0.04315288929077775 0.08531347258471562
0 0.9631258128314872 0.9138340561303182 0.04006600000000013 0.08379900000000017
0 0.5906231510320731 0.9334192532516555 0.04367750650278526 0.08304393779254125
0 0.9109327129944276 0.9159342730820265 0.039404697648135215 0.08005327092279144
0 0.7007320911350833 0.8213147342084519 0.04092513614259687 0.0812773270531094
0 0.47912417036739346 0.8272553151840987 0.04423023340812945 0.08317912328250016
0 0.4234373269896291 0.6116539257997025 0.04393416702390124 0.08606965570199078
0 0.3676361086523326 0.8271205035967732 0.043967529717449785 0.08398799280645432
0 0.3117122483087177 0.7188935100946917 0.04403469789678154 0.0843110382217811
0 0.6468066934815857 0.8238953950249133 0.04329243403998796 0.08346948550505787
0 0.8080548588380556 0.7112220528290386 0.039668405334965316 0.08191169020363402
0 0.9120730418652739 0.6044119879161179 0.0401649168953659 0.08274619440949084
0 0.367295698150753 0.6121823026250514 0.04440306670797189 0.08658716300338633
0 0.8594912105984698 0.9194840358599484 0.03991151047962228 0.08372543931374506
0 0.5913602212649453 0.6101813678630746 0.04375619947642804 0.08528152522594414
0 0.0944521124200408 0.39565872117728257 0.042103148670975664 0.08493707954962125
0 0.0409510653208971 0.2904087021203167 0.04115506387242259 0.0831253786156468
0 0.42357430461502393 0.5017119249962253 0.04337085377942996 0.08404117921313162
0 0.9115662290337867 0.49951037754787286 0.03965810406387865 0.08103251582704574
0 0.09334445579780526 0.5014531713455277 0.04267873041070812 0.08406291826103833
0 0.5911562883887604 0.5026612908694809 0.043627423222479 0.0854006646103405
0 0.8601880782417649 0.8148272367177669 0.040038213687494086 0.08103251582704582
0 0.6467369211069807 0.7174429412059706 0.04231562079551676 0.08410613219084995
0 0.7552144705199646 0.8202130836911657 0.04067172972685315 0.08299100563555442
0 0.25669236171115356 0.6111146794504001 0.04256073958717076 0.08445191665408418
0 0.5355641371752795 0.9346351458283904 0.0440789201636581 0.0843972302474061
0 0.9111227678062352 0.39509838963175486 0.04054502651898143 0.08176694950523623
0 0.4795733215808746 0.9351798269396693 0.04345399884456949 0.0827903607234529
0 0.6467343539831655 0.5013077402342487 0.04342684454156765 0.08431130238778275
0 0.3681917205253581 0.9356975842410649 0.043683305971398884 0.08490436802484864
0 0.53598327142291 0.28613202465973553 0.04463809916049882 0.08535695068052894
0 0.20187077374214366 0.5029200445201787 0.042599736528349974 0.08591817191173613
0 0.7557552092440126 0.7142186268330241 0.041499800759205605 0.08398785859458775
0 0.1471222752715541 0.8233509639136346 0.04278491246636972 0.08507685502901202
0 0.8596709068281629 0.4994357817520161 0.03925727727603342 0.08284181404384079
0 0.04046797727095125 0.39498177347339364 0.04130524576621231 0.08358318414184324
0 0.47936143733324393 0.5037289140441319 0.04414658834298975 0.08483967921313161
0 0.42315285324357815 0.7206569302538772 0.044202488027060546 0.08298466139643212
0 0.3121365168039787 0.8269696377235177 0.04376687689362222 0.08314701471064054
0 0.5357739542990948 0.6108450562757491 0.043940375414447945 0.08499116300338644
0 0.7006823551161488 0.28793083209254844 0.04158588335195878 0.0838449582670303
0 0.5910811317665249 0.7190498107299239 0.04319802047958738 0.08516288584154784
0 0.3114416101817431 0.5018252475356442 0.04433069013809343 0.0858855633398761
0 0.14705250289694902 0.7162133326341106 0.04348263621242057 0.08488239314294334
0 0.09327725054701537 0.7153022600946918 0.04198614091228766 0.08306024806410554
0 0.20166709086595894 0.7171518289834129 0.043029639271241524 0.08352390774573447
0 0.7010488491547628 0.5017136785824451 0.04181205859769956 0.08299100563555442
0 0.5354976819244895 0.7191846223172494 0.04394600966207831 0.08489326266689656
0 0.7543275480648619 0.9254819108985061 0.04067172972685325 0.08054289337491859
0 0.2567564998381281 0.7182248869200406 0.04296810533954029 0.08297379187247898
0 0.04358557425455196 0.07750847924440799 0.04028411277448454 0.08440804151118386
0 0.20138543424372335 0.6100305019898191 0.04274541552519069 0.08497979347943316
0 0.9632611378454878 0.601963875655482 0.041178542558340595 0.08372543931374514
0 0.5357067490483047 0.5031842329328532 0.04436414390970892 0.08644654873708499
0 0.7006687395311475 0.3941191447275005 0.04105183935046869 0.08372543931374482
0 0.5915695383887605 0.2865364594217123 0.04389574422563835 0.08454808115657558
0 0.962455433283159 0.3955378962135047 0.04032735268091345 0.08362520757299022
0 0.4795009820824542 0.7199774375552725 0.04386749884456942 0.08486115409503622
0 0.3128929944293737 0.9344951494790881 0.043605295153889924 0.08573497659670826
0 0.42398705461502384 0.9350289610664136 0.04363817478258925 0.08248862897694173
0 0.36735155229579025 0.7194732641660018 0.04367750650278535 0.08493130001509894
0 0.8073528405592173 0.9215649312814889 0.03953140085600693 0.08005327092279144
0 0.2563434998381281 0.5035777981708764 0.04353755283164201 0.08507669381592284
0 0.754264196460926 0.39411914472750065 0.04054502651898143 0.08323581686161803
0 0.536142 0.17877099999999999 0.044610000000000004 0.0861929999999999
0 0.8577173656882644 0.18651922502558277 0.04067172972685315 0.08176694950523652
0 0.36722874289996327 0.5026341170595977 0.04399006670797194 0.0858855633398761
0 0.2573849512095739 0.9348887147171118 0.043666829085591226 0.08598286072345299
0 0.2569047459587841 0.39472540958995694 0.042985508082431886 0.08630593447078329
0 0.6470075592339551 0.6107102446884235 0.043415076046306525 0.08418229347943318
0 0.6464521973609297 0.39473652911391033 0.042583441798675986 0.08417118812148133
0 0.9607904252919875 0.18737606431680534 0.04130524576621231 0.08152213827917297
0 0.9074483747779525 0.08394332130494177 0.04029162010323762 0.08225657195736367
0 0.8085009992144401 0.6052968841296227 0.04132090533496532 0.08304711948011895
0 0.14837229376681513 0.2891953978343867 0.04277314397110864 0.08447349448890236
0 0.3123404496801634 0.2862450971991545 0.04333747415073065 0.0839653567114601
0 0.7531238675900797 0.18296946224766086 0.04155865218195594 0.08348062808768159
0 0.5913599712649453 0.17912945496753746 0.04319752047958744 0.08435411927050769
0 0.3131384172276366 0.07359094928927333 0.04325887225515477 0.08304393779254116
0 0.257390289918171 0.28713250361295056 0.04256114850910389 0.08520092318975002
0 0.5914604195273341 0.3937684691874637 0.04395659600120569 0.08439205366579682
0 0.20257131461200972 0.39659153276460823 0.04232628127755998 0.0857242100256682
0 0.14733159239536933 0.9308715409072283 0.04404081520926133 0.08819419374042825
0 0.20228402374214366 0.9338210915424603 0.04342623652834991 0.0865438461206618
0 0.14747370426839482 0.5021166097582019 0.04153414397110867 0.0853897950863871
0 0.8067826761237941 0.2890951287462238 0.040418323311109526 0.08323581686161803
0 0.479361187333244 0.39486047117728273 0.044425177841410236 0.08387982589892376
0 0.31171506543253286 0.609906309926447 0.04376124264599162 0.08742764109919979
0 0.9577495483030638 0.08590181111345044 0.04003821368749418 0.08078770460098218
0 0.36799060477298867 0.17898920861823514 0.044118342961921006 0.08515211927050749
0 0.5354248424260692 0.3940518516533292 0.0438003306652378 0.08603731129613218
0 0.09673819803911721 0.07724429083173359 0.0410935299407214 0.08334041833653287
0 0.8605440632439063 0.6055419453556863 0.04024337086028961 0.08157875212373727
0 0.04178269956852764 0.18273157449149072 0.04198106387242261 0.0856266484760898
0 0.20333624360885053 0.1819550635393972 0.041902512782299034 0.08515211927050724
0 0.754897712500285 0.6073497226288809 0.04105183935046869 0.08225657195736369
0 0.3675747876491734 0.39485503641530595 0.04384488771113122 0.08548669542287696
0 0.8049454796096527 0.08014874730095624 0.04054502651898143 0.08152213827917291
0 0.4235070993642341 0.3951300943519335 0.043515532776270696 0.08549756494683004
0 0.47964334395547964 0.2866497819611311 0.04387313309219997 0.0842354798861112
0 0.31157833780713795 0.3950007175265849 0.04376687689362217 0.08416031859752815
0 0.14767763714457952 0.39606859070123607 0.041942009723478134 0.08521757224822597
0 0.424774216595778 0.0725124565906689 0.04353796175357519 0.08196544509393672
0 0.7519201871152974 0.07794544626638401 0.04041832331110962 0.08348062808768159
0 0.15045983075733724 0.18356736782532743 0.03969189099322369 0.08298426434934547
0 0.6459664615445243 0.18071494004025676 0.04302511303682867 0.08328649609585637
0 0.8059782719475297 0.18461791848887832 0.04032995345304263 0.0818813160488449
0 0.48026566107929486 0.07188937067254804 0.043722319847728654 0.08287625865490383
0 0.9096023293117734 0.18713125309074177 0.04105183935046869 0.08250138318342728
0 0.2031269264850352 0.28800308259636337 0.042600236528349836 0.08424584941006451
0 0.4797772544570593 0.17873588972951407 0.04386186459693887 0.08518472784236754
0 0.15045187938589147 0.0759016097204547 0.041629614739274574 0.0838905342097884
0 0.5910417852797035 0.07399538405125 0.043398417004364934 0.08331356096719225
0 0.31289581155318885 0.17979289338021168 0.044169108398361134 0.0846025033972517
0 0.6992116526406216 0.1819902173434065 0.04117854255834041 0.08299100563555442
0 0.258841469704835 0.0751036097204547 0.04295170259664872 0.08229453420978834
0 0.09458884004543583 0.28948082529496777 0.042655693420186054 0.08450510306076224
0 0.8561969271938027 0.08235204833552848 0.0401649168953659 0.08152213827917291
0 0.09521165716925109 0.18396636782532724 0.04278496967413518 0.08540000339725182
0 0.6989582462248779 0.07708860697516147 0.04143194897408412 0.08127732705310935
0 0.3684792613952243 0.07174912432324584 0.04370020871429049 0.08421350500420613
0 0.5352239766736997 0.07255799384719917 0.04311950966207858 0.08313501230560169
0 0.6451153755986472 0.07534349992450552 0.0421425142614733 0.08115657556998342
0 0.25801008545720444 0.1799383244914906 0.04380073958717079 0.08489336561980952
0 0.20423201598345556 0.07510360972045474 0.04285678903624813 0.08337302690839288
1 0.6988212374088687 0.8265991247864022 0.00622906840199371 0.006568004668550149
1 0.4265825295360416 0.5025747570641272 0.0036397010784018505 0.007522775080347705
1 0.9086165322991817 0.19885882174682604 0.004505658182619993 0.0037189087808890313
1 0.9140118852290667 0.9136392398648153 0.0018239576266459582 0.007772612373249104
1 0.9737304599301106 0.917166673543006 0.004782107028733512 0.003165857277503359
1 0.2553585183696708 0.8291101356743815 0.003644908849369792 0.011254071309937325
1 0.14856492179912256 0.8267104894199867 0.0028913672036348383 0.006346929531287078
1 0.9061338289962826 0.7027578256628535 0.003633331803509326 0.00517277053589897
1 0.8744897028302963 0.7276482363708604 0.0033259592066352053 0.0051934434838778265
1 0.042351831385288634 0.30411876361597034 0.0023722607365730037 0.0113241733353465
1 0.20317435274661952 0.9307963828307775 0.0036337676862601997 0.008481218937569817
1 0.9201112467882272 0.40596271080042545 0.002295555295507041 0.004710970077525984
0 0.8589210461630468 0.39522079524478676 0.03902458802451959 0.08348062808768161
1 0.6471796306955198 0.19859206356432574 0.007020449222196763 0.007153959716703184
