0 0.0782402487380111 0.16017589860620338 0.039431027511357894 0.07741893502159404
0 0.6261068402322059 0.848070936592069 0.04070434174659273 0.07904332587357664
0 0.0786376829883897 0.6499680997251668 0.039279404341241796 0.07729681978798582
0 0.8737927449520444 0.8460651362387122 0.039168023977788985 0.07932599293286231
0 0.923226035335689 0.6498631109148018 0.04023046542150439 0.07831377581468413
0 0.4759275618374558 0.062420249312917155 0.037544169611307354 0.08005742049469965
0 0.5255532816759212 0.06255331929721239 0.03962246441191307 0.07848315999214761
0 0.028901212518929832 0.3562655068708284 0.03887259162039375 0.07820631802120144
0 0.32633853054013123 0.8475718198861405 0.039665955577990936 0.07927202610914798
0 0.7243809071176173 0.45559103641539056 0.04069770519939421 0.07870759305064778
0 0.6754006814740029 0.847044316843345 0.03896390711761737 0.07821702002355715
0 0.22684250378596665 0.16164850804868472 0.03880615850580514 0.07729681978798587
0 0.6750063099444724 0.7505766588142913 0.03912165572942956 0.07668335296427169
0 0.028892406360424026 0.649216988810365 0.03844184048460374 0.07818557479387511
0 0.17748506284704696 0.8469508862387121 0.04041939374053509 0.07864362563800546
0 0.9716525744573448 0.16287544169611307 0.037701918223119635 0.07606988614055751
0 0.2773496186269561 0.16239944895956027 0.03823028218071681 0.07634483431488026
0 0.27676993942453304 0.8468909501374166 0.04022589601211511 0.07791028661170005
0 0.8234477536597677 0.8458173831959167 0.03880615850580509 0.07821702002355715
0 0.9706272084805655 0.06487411660777385 0.038175164058556275 0.07453621908127207
0 0.028816772337203426 0.4527971974872399 0.038277611307420495 0.07840639026305442
0 0.3763194369005553 0.8471957861209264 0.039615148409894066 0.07974689222614817
0 0.17763706145885916 0.3565129405182567 0.0397768992932862 0.07992811896348649
0 0.5760189352599697 0.6525077613859441 0.040225654467440815 0.07746840851982718
0 0.028996959742554264 0.16002914860620335 0.03811759439676931 0.07957930231645073
0 0.37637881120646133 0.5522721489006674 0.04004939424533061 0.07821430172752247
0 0.9714948258455325 0.5545740086376129 0.037701918223119635 0.07852375343541418
0 0.028975715295305397 0.061963352473498226 0.039021597173144865 0.07668975952100511
0 0.1284142724634023 0.6502366280918728 0.038819963402322036 0.07783387652139773
0 0.4260790005047955 0.16348890851982725 0.04006814740030288 0.07668335296427169
0 0.47640080767289245 0.2594964664310954 0.037859666834931915 0.07484295249312915
0 0.5262493690055527 0.25995656654888105 0.038175164058556275 0.07514968590498627
0 0.12801503356890462 0.4541389031213192 0.039283474507824344 0.07825719375736165
0 0.8228104767794043 0.2599767948566941 0.039740085310449404 0.07580360934432666
0 0.3263289103987885 0.25827281144483705 0.03838472640080772 0.07791684393404003
0 0.7239959057294295 0.26024579485669413 0.039296707975769805 0.07695507616804077
0 0.12706650681474002 0.3559641244601492 0.039279404341241796 0.07699008637612875
0 0.17750043437657748 0.453898936297605 0.03981914235234729 0.0790041937573616
0 0.42647337203432606 0.7487362583431487 0.04054139323573952 0.07729681978798582
0 0.37607269056032305 0.4548856497840597 0.039437152953054014 0.07545641931684334
0 0.2769276880363452 0.3561174911660777 0.03927940434124178 0.07729681978798582
0 0.9228692853356889 0.06438183647428347 0.04046345709237755 0.07784592658029055
0 0.3269339979808178 0.45534574990184534 0.03833291267036851 0.07514968590498627
0 0.4270788377082282 0.3578710572241853 0.041121330136294834 0.07773661778563015
0 0.9712582029278142 0.7488896250490773 0.037228672387683 0.07821702002355715
0 0.02938401539626451 0.8452385638987042 0.0377741196365472 0.07814772497055353
0 0.9710240632256435 0.9452195159010599 0.037391387430590686 0.07580416725559481
0 0.6257292159262998 0.751010373871221 0.04058008758202933 0.07693731625441705
0 0.476085310449268 0.16456247546132705 0.03880615850580514 0.07821702002355711
0 0.8731385663806158 0.45595921672555945 0.038490661282180635 0.07699008637612885
0 0.12779052801615345 0.25812374450333725 0.03978095507319539 0.0788456436984688
0 0.3764281910651186 0.35831502404789944 0.03983265673902073 0.07678415096191601
0 0.07847993437657748 0.355350657636435 0.03991039878849066 0.07821702002355711
0 0.7240386585058051 0.06303501953278366 0.04064420242301868 0.07944656046329014
0 0.9224350075719333 0.25995656654888105 0.03959490156486619 0.0763766195524146
0 0.7242238768298839 0.553500441696113 0.03912165572942956 0.07699008637612881
0 0.5762210609540637 0.8477890367098546 0.0396834141847552 0.07725259246171963
0 0.27700656234225135 0.45473228307813107 0.03880615850580514 0.07760355319984293
0 0.42663112064613834 0.6515017667844523 0.04022589601211506 0.07668335296427169
0 0.17736206423523473 0.5519806489006674 0.0398578992932862 0.07885823537495106
0 0.1272612821807168 0.16124264860620335 0.039668955073195365 0.07709856772673733
0 0.22680896920747096 0.748135640459364 0.04063207269056033 0.08038985178641549
0 0.17677506978798585 0.06223641941499803 0.04026139651691066 0.07907629387514722
0 0.773542814866229 0.26022832803297996 0.03900890080767283 0.07692014252061252
0 0.17771680729429581 0.6506113615037298 0.03930539651691064 0.07796987652139778
0 0.17717006978798583 0.2589685448566941 0.0404204020696618 0.07685444346289756
0 0.6261320888440182 0.9448622321358461 0.04043934174659256 0.0775434670200236
0 0.27595013389702167 0.06264031929721241 0.03984827385159012 0.07804369316843346
0 0.7741513124684501 0.944738908519827 0.039910398788490654 0.07852375343541418
0 0.22755237253912164 0.6499680997251668 0.03864840989399294 0.07852375343541418
0 0.4265522463402322 0.847044316843345 0.03975265017667847 0.07699008637612871
0 0.07863237165572942 0.844602669414998 0.04053077057041897 0.07824145975657644
0 0.8734034977284199 0.5542509492540244 0.039020523977788865 0.07726416784452311
0 0.9222772589601211 0.944125441696113 0.03991039878849055 0.07729681978798592
0 0.6256750930085815 0.554579265606596 0.040156344522968165 0.07914773419709467
0 0.7742133079252903 0.35994027404789947 0.039403395254921696 0.07758078366705935
0 0.7242238768298839 0.94550574204947 0.04038364462392729 0.07760355319984293
0 0.8728230691569913 0.9436653415783274 0.039121655729429654 0.07699008637612871
0 0.7741580579252902 0.6510767282096583 0.03929289525492184 0.0770602094621123
0 0.3263689048460373 0.651100328327444 0.04004220141342759 0.0771074096976836
0 0.5253028773346794 0.6531888005496662 0.03912165572942956 0.07514968590498622
0 0.7243454098939929 0.3580826739301139 0.04157320242301868 0.07877331802120145
0 0.4262367491166077 0.25995656654888105 0.040383644623927344 0.07699008637612875
0 0.626135090232206 0.45496126982724777 0.03981435007571932 0.0780615266980762
0 0.4767956183745584 0.8477338364742835 0.039280282685512445 0.0777556588142914
0 0.0290202152953054 0.5518603479583823 0.03847960272589602 0.07984456713780909
0 0.3272147777637556 0.35694379063604237 0.0398409639071176 0.07894941872791517
0 0.3760186869005553 0.6510950279740871 0.039960140080767356 0.07893720946211236
0 0.17675869687026752 0.16209494895956025 0.04085964512872286 0.07634930113859445
0 0.17766980868248358 0.7490545741067923 0.040157890964159546 0.0791603849627014
0 0.1281814009338718 0.8454654863564978 0.03866971756688541 0.07874015999214763
0 0.7741073107016658 0.8463540029446407 0.039822395254921816 0.07929025952100509
0 0.9229871277132761 0.8461241166077738 0.03975265017667847 0.07883048684727129
0 0.8729019434628974 0.06288034943070278 0.039910398788490654 0.07668335296427167
0 0.7733625694093892 0.06318708284255986 0.03927940434124173 0.07729681978798586
0 0.3267762493690055 0.74965645857872 0.03927940434124178 0.07668335296427169
0 0.2768488137304391 0.5521201413427561 0.039437152953054014 0.07791028661170005
0 0.12809187279151943 0.747969424813506 0.039437152953054014 0.07699008637612881
0 0.9231942825593135 0.7492932903415782 0.03953596542150452 0.079024350608559
0 0.8235177212266532 0.652055828327444 0.03957708808682493 0.07717800922654097
0 0.9714159515396265 0.650888299960738 0.03659767794043428 0.07545641931684334
0 0.4260001261988894 0.5525802414605417 0.04022589601211506 0.07883048684727129
0 0.326473657622413 0.5533121992540242 0.03930521529530542 0.07538666784452304
0 0.576019056032307 0.5541139085198272 0.039594901564866294 0.07514968590498622
0 0.7738434377839475 0.1619993488417746 0.039294649419485135 0.079225435021594
0 0.029310779278142348 0.942903209560267 0.03823608909641595 0.07851435041224954
0 0.6264197375063099 0.35765115822536314 0.03975265017667847 0.07791028661170005
0 0.8734148706461383 0.26131564497447973 0.03967426426047455 0.07725437593246948
0 0.47640080767289245 0.4551923831959167 0.03880615850580514 0.07484295249312921
0 0.12722425542655225 0.06196014919513152 0.03927940434124178 0.07729681978798587
0 0.3764670620898536 0.946119208873184 0.03896390711761737 0.07637661955241448
0 0.028795462518929834 0.2585260614448371 0.03866109162039374 0.07535600981546922
0 0.7240474126703684 0.6500073277385159 0.040346213528520886 0.0786022094621124
0 0.5261704946996466 0.848731350608559 0.038648409893992916 0.07545641931684334
0 0.6751638695103483 0.6503165445622301 0.038805780413932414 0.07860717628582639
0 0.47668024545684 0.3586599399293286 0.03936503407370014 0.07931438319591678
0 0.37591494194851083 0.06196014919513152 0.03975265017667842 0.07913722025912838
0 0.22692137809187277 0.9450456419316842 0.03959490156486622 0.07913722025912841
0 0.8733961234225139 0.6513562447978013 0.03963676981322562 0.07823270946211222
0 0.425684628975265 0.9458124754613269 0.03927940434124184 0.0769900863761289
0 0.7737569409389197 0.5536538084020416 0.03912165572942956 0.07913722025912841
0 0.7239872539121655 0.16287544169611307 0.03896390711761737 0.07729681978798587
0 0.5256004059818273 0.3573072734589713 0.04003221024734996 0.07906291755005886
0 0.6746119384149419 0.062420249312917155 0.038648409893992916 0.07883048684727129
0 0.9229082534073699 0.35780452493129167 0.03927940434124184 0.07821702002355715
0 0.9224350075719333 0.45473228307813107 0.03959490156486619 0.07699008637612875
0 0.4765188669863705 0.7498924739890067 0.03935777435638568 0.077155383784845
0 0.6743753154972235 0.45626595013741655 0.03849066128218073 0.07576315272870045
0 0.8731772491166077 0.16311441578327443 0.039514518425037844 0.07900170160973695
0 0.5263143990408885 0.45589180300353355 0.03956721302372545 0.07501485846093439
0 0.3271490291519435 0.9461244827247741 0.03970946668349323 0.0788410345504514
0 0.1778783142352347 0.9450032990773458 0.04025940484603733 0.07782560090302305
0 0.6754006814740029 0.9456591087553985 0.03927940434124173 0.07791028661169995
0 0.07824331145885915 0.0625736160188457 0.03912165572942958 0.07729681978798586
0 0.9712582029278142 0.26118350019630937 0.038175164058556275 0.07576315272870039
0 0.22716396781928316 0.25811146132705143 0.03944908657243817 0.07759414369846881
0 0.7745508148662291 0.4564866033568904 0.039131917465926286 0.0762044591676481
0 0.8731066261988893 0.3581823238123282 0.039688769813225576 0.07835915096191594
0 0.8238443399798082 0.16313979907734585 0.0399148283695104 0.07843900137416566
0 0.52671877612317 0.9457272493129171 0.03974497274103988 0.07681963407930917
0 0.5262598976527006 0.7498270906949351 0.03882721580010094 0.07702461719670199
0 0.37583606764260474 0.25888299960738126 0.04022589601211511 0.07668335296427171
0 0.3255410945229682 0.0612232967216333 0.04017222791519432 0.07938399155869648
0 0.9713370772337202 0.8471976835492736 0.03738642099949528 0.07545641931684334
0 0.3763553112064614 0.7494405741067923 0.039686897021706254 0.07809198449155867
0 0.47658624129227667 0.6524025285630153 0.03980802019182238 0.07725794287396948
0 0.6746239979808178 0.2592196947389085 0.03930352347299351 0.07735674322732625
0 0.22682796920747095 0.06285598635649783 0.039408083796062574 0.07724809363957598
0 0.6750851842503786 0.16256870828425599 0.038648409893992916 0.07729681978798587
0 0.02939670835436648 0.7481556072830781 0.0386015943967693 0.07797591813898701
0 0.32649890484603733 0.16064221495877498 0.040302201413427594 0.07896503455045148
0 0.9711004543160019 0.35872472516686293 0.03691317516405864 0.07637661955241462
0 0.07851662026754164 0.7481075237534355 0.04061476501766784 0.0778797510797017
0 0.8734826234225138 0.749131607283078 0.039494272589601156 0.07931445131527286
0 0.07854612165572943 0.5524462821947388 0.040042773346794555 0.07856256831566544
0 0.07847587165572943 0.4540475530035335 0.03927127889954569 0.07807449352179031
0 0.5268014891468955 0.16241534157832743 0.03927940434124184 0.07760355319984295
0 0.6750329993690055 0.35804514075382804 0.039806029025744545 0.07869825166862984
0 0.9713325646138316 0.45596278641539056 0.03769289298334176 0.07699722575579113
0 0.6256309944472489 0.6511950333725951 0.03849066128218073 0.07729681978798592
0 0.22706459906612816 0.35686034040047115 0.03925034906612816 0.07878251825677265
0 0.07801675012619888 0.25789549450333726 0.03961502473498234 0.07532180957989792
0 0.576426189424533 0.16343038201806045 0.04009367112569403 0.07840670043188067
0 0.27700656234225135 0.7493497251668629 0.04038364462392729 0.07975068708284262
0 0.22738446365471982 0.8473020532979976 0.03925908379606258 0.0787324929328622
0 0.5249085058051489 0.5536538084020416 0.03927940434124173 0.07606988614055755
0 0.9230660020191822 0.16364227522575578 0.04054139323573947 0.07760355319984293
0 0.7732048207975769 0.7488896250490773 0.038648409893992916 0.07637661955241468
0 0.6251577486118122 0.06288034943070278 0.0388061585058052 0.08036415390655673
0 0.42615787481070166 0.0625736160188457 0.04054139323573952 0.07913722025912838
0 0.5755458101968703 0.4554991166077738 0.03896390711761737 0.07545641931684328
0 0.22726471365471984 0.45422190312131916 0.03870408657243813 0.07780972693364749
0 0.8238119642857142 0.7493413241067922 0.038903585310449226 0.07912041813898697
0 0.8226590106007066 0.06410728307813113 0.039437152953054014 0.07545641931684334
0 0.12819452662796565 0.5528941157243816 0.03869596895507317 0.0788447685512368
0 0.37599381625441697 0.16318217510797015 0.039594901564866246 0.07791028661170005
0 0.8236055022715799 0.9444321751079702 0.0388061585058052 0.07668335296427169
0 0.5764923018677436 0.35795789163722025 0.04085689045936393 0.07913722025912841
0 0.6754723639575971 0.5539057158421673 0.039107272084805696 0.0790275683156655
0 0.07840106007067138 0.9435119748723988 0.03975265017667845 0.07913722025912841
0 0.823684376577486 0.5541139085198272 0.03896390711761737 0.07637661955241458
0 0.6246056284704695 0.16226197487239888 0.03864840989399301 0.07852375343541422
0 0.8241572156739021 0.45603140312131923 0.0399095853104493 0.07774792599136256
0 0.2271580010095911 0.5522735080486847 0.03880615850580517 0.07821702002355706
0 0.27740093387178194 0.9462725755791127 0.03959490156486619 0.07668335296427169
0 0.9226726624179706 0.5539871489006674 0.04038570848056539 0.08041736808009414
0 0.7246687800353356 0.7497939574008637 0.04001146214033316 0.07695835060855917
0 0.47687405350832907 0.5538071751079701 0.03912165572942956 0.07821702002355715
0 0.12761862695608278 0.9447389085198272 0.03817516405855629 0.07791028661169995
0 0.5764406783190308 0.7499939242245778 0.04075364336193843 0.07919868472712989
0 0.6260570888440181 0.2599059779151943 0.0399738445229682 0.07750237593246953
0 0.27719987001514385 0.6503985113859443 0.039823768298838956 0.07815764310954056
0 0.8237927253912165 0.3594785578131135 0.03981159919232705 0.07604388437377309
0 0.4768347399040888 0.946488566254417 0.03967402296819787 0.07588840066745206
0 0.4265522463402322 0.45503901648998824 0.03912165572942956 0.07576315272870045
0 0.27699037417970723 0.25864694473890854 0.040035771075214555 0.07682471005104045
0 0.5761415720595658 0.25815634403219473 0.03952443639575957 0.0758435086376129
0 0.5752303129732458 0.062420249312917155 0.039594901564866294 0.07944395367098546
0 0.7246182483594144 0.8465842167255593 0.04022589601211511 0.07975068708284253
0 0.5749148157496214 0.9458124754613269 0.04085689045936393 0.07760355319984293
1 0.4800522364967188 0.27029540263054574 0.004686036850075733 0.007235068315665474
1 0.041912675795053 0.7439751961130742 0.0045138710247349815 0.007068257165292517
1 0.18472441569914183 0.763604449057715 0.00441537859666834 0.008912028464860573
1 0.4263241037354871 0.6589490024538672 0.004242251892983363 0.01148460208087935
1 0.9196039326097929 0.7547680645857872 0.006135395759717304 0.00879425952100495
1 0.4743658941191317 0.9580664412053395 0.004069827107521462 0.015060678641539284
1 0.032021072311963654 0.34844047958382407 0.014201166834931847 0.020875224577934816
1 0.7238537877334679 0.35878464723203773 0.007365619888945015 0.007548491166077722
1 0.07561826754164562 0.05979655918727914 0.007774065623422516 0.020890784255987428
1 0.4779347517667844 0.36631004829210834 0.004188547955577958 0.0145824946996466
1 0.5256581664563352 0.06703704318806439 0.005599366229177097 0.0076367499018453
1 0.38270117238768303 0.5657554740871613 0.004410880868248311 0.009537343934039969
1 0.47552451426047454 0.751375097762073 0.003961067390206909 0.009445524931291594
1 0.42723534818273595 0.5464814213780919 0.007467718576476504 0.01250437357675703
1 0.6814616049974759 0.5620001897330192 0.008858718324078701 0.007845910286611572
1 0.5267287879858656 0.9506596562622691 0.008821575971731376 0.007789442873969716
1 0.22589811231701162 0.8580016113074205 0.0059902468450277165 0.010292419316843215
1 0.5712630908632004 0.062101859540636045 0.006199209490156525 0.021187918138987034
1 0.5778051790762241 0.5478933212603062 0.010467380363452808 0.009067106988614052
1 0.7279595294043412 0.05072150765606596 0.005148583796062565 0.012661813898704355
1 0.5731263269813226 0.46132791077738505 0.006258703937405232 0.01410801825677262
1 0.6214876145885916 0.06421042589320769 0.008286759717314445 0.00838224990184529
1 0.9721258202927814 0.35289679034157834 0.004259212518929952 0.01932420494699648
1 0.5272000282685512 0.8405664756576363 0.011034067642604839 0.01448934943070284
1 0.13249851766784454 0.168871222614841 0.009170051993942429 0.00886631016882607
1 0.6289952111307421 0.15204207096584216 0.006837947248864192 0.02043980781311346
1 0.5773509332407875 0.36792579829210836 0.009482888692579548 0.009510594228504112
1 0.42682746971226654 0.8540338103651353 0.010176458859161994 0.008412552021986602
1 0.08184399255426553 0.7572237648213583 0.006365018425037837 0.006336726344719205
1 0.8706957693084301 0.26459581851197483 0.008356063604240254 0.008205300549666283
1 0.6327279416961131 0.5534064053788771 0.008837402826855164 0.013991076168040824
1 0.37701281474003023 0.7610939318806438 0.009162154467440686 0.009025328229289364
1 0.5293182754921757 0.4678984451315272 0.004904589853609309 0.021211354731056075
1 0.9251569048460372 0.15665718826069888 0.008280334679454679 0.013663440518256766
1 0.9748693139828369 0.054938658716136624 0.005082169611307157 0.02201804966627405
1 0.6260219694598689 0.9504535561444838 0.00899846390711748 0.00820164310954061
1 0.9241395347046945 0.9430570383784843 0.006213611055022941 0.008884941696113004
1 0.47772712884906604 0.4522439427758146 0.00491929101463912 0.018779684138201868
1 0.3296071514386673 0.058027808598350994 0.008062325088339201 0.013385882606988628
1 0.4272988509591115 0.3510649464075382 0.005132232458354378 0.01869362504907733
1 0.9742659396769308 0.44848444218688643 0.007235409893992742 0.01709668296034546
1 0.3273745312973246 0.557978705732234 0.010634582029278151 0.008527276403612049
1 0.8809295964159515 0.44730247536317236 0.009657717819283106 0.015166348841774516
1 0.7244862849570923 0.46639776089517077 0.009886592125189253 0.010716453082057202
1 0.2755633888187784 0.6519828348056537 0.006987810954063584 0.016214935021593904
1 0.37969292932862186 0.16600900579112682 0.007587891973750617 0.009069542402826843
1 0.9222674117869761 0.06871812671770709 0.011535343008581427 0.012249651550844133
1 0.9735455577990912 0.6507349332548095 0.009938162544169618 0.018710738123282254
1 0.7218374273094398 0.6573725356301531 0.006665882382634943 0.017091403023164413
1 0.8632004038364461 0.6416862976050254 0.02334679454820799 0.025765606595995274
1 0.37801393210499745 0.46163889360031396 0.011261383644623939 0.009191784844915575
1 0.7210726828621907 0.9524770401452688 0.005671393488137356 0.01949134570082478
1 0.6809383619384148 0.6665862868080094 0.0048572488642100045 0.020748706321161967
1 0.9205712999747602 0.36375073135060854 0.008933119384149433 0.012952993521790369
1 0.625022349318526 0.26974015263054574 0.009104720848056554 0.015707170200235498
1 0.7793207975769814 0.7494320639968589 0.0078021201413426815 0.013331592461719763
1 0.5772235589348814 0.6520938513937966 0.006898162291771927 0.011085167255594719
1 0.5267057810449267 0.35776421358460936 0.00981408152448253 0.010816292108362793
1 0.9731979382887431 0.9403936219081271 0.011264396012115136 0.017892575579112464
1 0.9713134480060577 0.8570256776599922 0.010931912670368351 0.013471220259128378
1 0.22701160537607268 0.6576806025716528 0.005340746845027791 0.02260993737730664
1 0.8228417303129731 0.8517138773066352 0.007837488389702177 0.02041402002355704
1 0.6306461229177184 0.3560165109933255 0.010345754164563407 0.01942897801334912
1 0.18031343096920743 0.445506741362387 0.009135884149419507 0.009555814487632503
1 0.8280635782433114 0.6483163673930115 0.009698184250378513 0.01005159972516672
1 0.5761959401817263 0.8485607600117785 0.00706041645633521 0.01567785178641539
1 0.8267307108783443 0.25377293404004714 0.007315963402322113 0.018808666666666595
1 0.2821676096668349 0.8513900437769925 0.007976744321049927 0.01983475343541426
1 0.3255812951792024 0.7573764982332155 0.007595612569409381 0.015233261876717622
1 0.680085354997476 0.8451052262465646 0.008771743311458786 0.01706771790341577
1 0.17778268551236748 0.6579431684334511 0.010726905603230691 0.010428936003140975
1 0.12636254820797577 0.45525194277581466 0.007560113074204925 0.012763684138201725
1 0.07823738074204946 0.26427478474676086 0.010107772589601195 0.007620434432665875
1 0.9272640222110046 0.8554323109540636 0.007852066633013724 0.014817553199842829
1 0.876422118626956 0.060754409305064774 0.009207756688541074 0.02020201766784451
1 0.6817870966683492 0.15047445367098547 0.011678204442200878 0.010078772281115015
1 0.874341 0.364048 0.01138699999999996 0.02058599999999997
1 0.4780547448258456 0.6616901529250098 0.010258506309944489 0.018885104436592155
1 0.527218653962645 0.5486687880840204 0.010365821807168121 0.009356573812328288
1 0.2795173693841494 0.7566092814095012 0.009175760979303352 0.013086894581861111
1 0.3281959868753155 0.15781434040047113 0.011200151438667356 0.012576069886140573
1 0.07736163768298839 0.4426814913623871 0.007126800353356888 0.01827364860620327
1 0.9712050737001514 0.7420921463486454 0.011148661282180682 0.014515157636435046
1 0.9702278320292781 0.5497056222025913 0.006477702927814123 0.023846509815469156
1 0.918171313856638 0.26071833510011777 0.005214666582534123 0.020868001963093845
1 0.37789393210499744 0.6600834526894385 0.011501383644623888 0.019644637612877897
1 0.6273400909893992 0.6595271523360815 0.008886198637051937 0.01278216961130744
1 0.6752210070671377 0.05367534177463683 0.007458036345280204 0.020863882606988612
1 0.13543676211509337 0.9490762729681977 0.004871049217566891 0.019544744994110828
1 0.4752995073195355 0.04853094071456616 0.009459036850075668 0.010908279544562237
1 0.8271863365724381 0.1621833061444837 0.005142723119636372 0.02285560993325481
1 0.8285084553255931 0.9551540235571261 0.009123927309439697 0.015364312524538527
1 0.38083229946996466 0.9531248404986257 0.008148626703684972 0.024330413231252537
1 0.5245582977031802 0.16560027296819788 0.005906120393740467 0.023383278170396548
1 0.9268230208228166 0.6468922340989398 0.00999605830388666 0.01658066725559484
1 0.22991208594144372 0.25917901756968986 0.010897685764765238 0.007383032783667056
1 0.6745621285966683 0.45466065959952884 0.010037782180716753 0.017627051433058365
1 0.5768291887935386 0.2602052515704751 0.007055908127208506 0.01944030172752257
1 0.6253537236244321 0.8497983601295641 0.008441972236244157 0.013816118374558428
1 0.4759938774608783 0.8579416444837062 0.010278777132761263 0.014706620730270872
1 0.8730526338970217 0.5488476387907342 0.006481809439676819 0.025562476639183488
1 0.030766018803634523 0.9494197706124853 0.013260962392730941 0.014269458775029558
1 0.42456248359414434 0.06492665989399293 0.006503503281171064 0.021672985669414987
1 0.6254047763755679 0.4552258237141735 0.012798447248864165 0.019084352571652887
1 0.7733041982584553 0.8574380775422065 0.007846424280666245 0.010192553199843147
1 0.8251060990661282 0.5592540232626619 0.0070947175668854764 0.018245977817039676
1 0.9200905471983845 0.45702104348252837 0.00894813326602742 0.01781401825677283
1 0.18226330666330134 0.05625002542206518 0.0046051383139828215 0.02000878307813113
1 0.575142311711257 0.15559172143698466 0.012007148409894036 0.018861708284256002
1 0.5791280492175669 0.7543714976442875 0.009399126198889413 0.010814327051433025
1 0.3290815201918223 0.454762092658029 0.012268559818273619 0.010676050255202203
1 0.876838868626956 0.7502237144680015 0.006481273346794479 0.020336827051432926
1 0.033405086193841485 0.05493352542206517 0.00512319459868754 0.02325524990184531
1 0.03501411256940939 0.2599118155673341 0.007559774861181217 0.016167368865331776
1 0.7257292849570924 0.5510553722025913 0.007716089348813629 0.020533542991755027
1 0.6791908577738517 0.2565992675696898 0.011191732205956534 0.014382933254809523
1 0.8699687734729934 0.1620355561444837 0.007917071933366973 0.022537643109540637
1 0.42655659957092373 0.9499142066156262 0.0066167352347299355 0.020322744994110426
1 0.6753356285966683 0.9571715075579111 0.00785978773346788 0.01930441323125246
1 0.27921399646643114 0.9457553393207695 0.007258529025744562 0.021278877699254097
1 0.22942871857647648 0.4680809948959559 0.005869973245835476 0.020846255202198627
1 0.9692494521706209 0.16314725579112682 0.011904932104997507 0.0178603765213977
1 0.3795119779151943 0.2659799162740479 0.010349044169611332 0.017261167451904213
1 0.27666488187783944 0.0551150082449941 0.00951728319030788 0.0124633482528465
1 0.7734429385411409 0.9564912072045543 0.011985904846037293 0.016370746171967297
1 0.43152320305401315 0.1538736047310561 0.007410433871781917 0.021071008048684718
1 0.872658638061585 0.8496938607184923 0.006323309439676957 0.026294453670985457
1 0.7287252641342756 0.2551796005104044 0.011189047703180067 0.012314532783667046
1 0.2793546263250883 0.5582741565567334 0.005399783190307922 0.022046111700039204
1 0.774104937152953 0.06999134354142127 0.012554890964159427 0.013384018845700826
1 0.7228974175921251 0.7598256652925008 0.01054034906612823 0.015242662347860264
1 0.1346903780918728 0.757759631527287 0.011411772841998997 0.013853528464860529
1 0.08467623283695104 0.6460111008048685 0.0054329962140333065 0.018342933843737776
1 0.2780671277132761 0.45615199312917154 0.008605774861181205 0.016484784844915543
1 0.6736511397021706 0.7585490154102865 0.006496307168097002 0.020863296230859894
1 0.3786208008581524 0.3639694144091088 0.013202618374558281 0.01067522693364742
1 0.23424957344775363 0.5579796897330193 0.0056931802120141735 0.018340777581468397
1 0.7235706662039374 0.1582436384962701 0.007931862948005934 0.018465608755398537
1 0.7738843225643613 0.46103426089517086 0.0066861756688540806 0.024510787200628097
1 0.47907561496718826 0.1542568049666274 0.009794252145381169 0.025212342167255576
1 0.33206788339222615 0.2630954849823321 0.011974783442705724 0.011205967608951735
1 0.08632947450782433 0.9536635904986259 0.0068589712266532085 0.02509331370239466
1 0.08372260297829379 0.15994458873184136 0.010810725391216571 0.019971442873969382
1 0.22768022412922764 0.06037895906949352 0.008420470469459878 0.017885584020416165
1 0.7780456718828874 0.6613942192775815 0.010983365976779425 0.014569237141735414
1 0.33362513339222616 0.953938323910483 0.00696730010095905 0.023316913231252435
1 0.17905756638061585 0.5507209385551629 0.00691515497223621 0.015681208873183965
1 0.772144080893488 0.3560642639379662 0.006065195103483083 0.022191260109933195
1 0.37711512443210493 0.059997989890066744 0.015335751135789976 0.017547020219866507
1 0.17804432193336697 0.2601108848645465 0.006102168854114101 0.019629035139379723
1 0.3232450576728924 0.6520870516293679 0.006589137556789534 0.01968730231645072
1 0.07753344270570418 0.35765115822536314 0.0118311458859162 0.013496270121711814
1 0.43092657874810697 0.2547821010993326 0.008288185259969692 0.022311533961523335
1 0.42612610234729936 0.7535394147035729 0.00590024356385663 0.02106702846486049
1 0.08490097589601212 0.847587609540636 0.008769476779404326 0.009649084020416173
1 0.12677816834931852 0.06811356036513544 0.00893735335689045 0.023274253435414213
1 0.13485513086824835 0.35018184628975263 0.009820278394750125 0.018619424813506116
1 0.8231022261484098 0.7579080319984294 0.00984047450782433 0.01846446211228889
1 0.185988901817264 0.8462366427169218 0.01103582584553257 0.011124084020416092
1 0.22651160537607268 0.16391695602669806 0.007287238515901047 0.02061524381625442
1 0.12690875820292782 0.2555089320769533 0.008360676426047446 0.02024440518256772
1 0.03856855843008581 0.1640097895563408 0.0067851446239273125 0.02595077817039653
1 0.7757105614588591 0.16269733932076955 0.008397150681474029 0.02121407675696897
1 0.030236332029278147 0.5648634403219474 0.014615675164058553 0.01622914605418144
1 0.13673199962140334 0.8552238778955633 0.0066975353356890765 0.023209488025127654
1 0.6274404680716809 0.753788881527287 0.005214975012619963 0.021795028464860502
1 0.8779953644623926 0.9454503896741264 0.006061265017667848 0.027409978405967667
1 0.5296255185512366 0.7521171143502159 0.008707064866229278 0.016550027287004176
1 0.08399710714285713 0.5610161067923046 0.008368733720343257 0.020856478994895903
1 0.03635644661786976 0.646361234687868 0.0058459154467440716 0.028071602080879502
1 0.775246988515901 0.5587261702002355 0.011183022968197877 0.020573659599528997
1 0.7766580572942957 0.2624749855712603 0.008395142352347307 0.025943236552807194
1 0.2282332144119132 0.9528137066156263 0.012993439929328585 0.015137211817824792
1 0.23350943664815746 0.7534809810561445 0.013798895507319513 0.013822293875147156
1 0.5236756581272084 0.6546036185708676 0.01618982458354371 0.017108035728307866
1 0.03332900075719334 0.44459218924224575 0.010183998485613332 0.015607621515508392
1 0.0325352104997476 0.8566628944837062 0.007809437657748612 0.019104521201413347
1 0.3810612223624432 0.8450727233019238 0.010923555275113626 0.02396955339615244
1 0.27619625618374555 0.35831089723203763 0.011085529025744632 0.01831146034550452
1 0.18021805249873799 0.36000001452689434 0.010904127208480574 0.027202562230074542
1 0.28022924369005553 0.15763010531998428 0.005543531802120124 0.02337347605025518
1 0.17824130943967692 0.16787292285041225 0.01264913276123169 0.01699757793482526
1 0.3284760271327612 0.844232842952493 0.010640070923775825 0.02065288496270126
1 0.13132051766784453 0.6618829864546526 0.011210554770318052 0.0209533046721632
1 0.5299564613831399 0.26087676678445226 0.002997223624432012 0.006441401648998793
1 0.43049596163553755 0.45411881625441686 0.004101463907117671 0.011349136238712216
1 0.48168538616860174 0.5542672752257558 0.0033127208480564717 0.005521201413427552
1 0.573889449772842 0.9590020121711816 0.005363452801615409 0.004601001177856606
1 0.6739020696617869 0.35427709069493524 0.004416961130742131 0.00920200235571257
