0 0.19362673673769645 0.7922115322787725 0.030440526524607107 0.056095987882086654
0 0.9316232401619751 0.14948698624343493 0.027308017774565395 0.05568802751313021
0 0.9696679999999999 0.150213 0.02970000000000003 0.05667299999999999
0 0.6225355968949269 0.7923041952148003 0.026807088719503106 0.05496135819558811
0 0.3962194304565681 0.06677438033385899 0.030310139086863613 0.05658023933228202
0 0.9318143944395618 0.07823446287163746 0.029114043820381602 0.05639362398176273
0 0.9691984405840257 0.07966170956361056 0.0285692930016177 0.05557168559631272
0 0.6616607830186095 0.6473656039306888 0.02719106590169238 0.054462613976556176
0 0.39519575059392453 0.2843849139360658 0.029227529792699294 0.05778927700713125
0 0.6221163552599516 0.8625124306054135 0.026078122179602016 0.05364576172695552
0 0.62506531438557 0.0736967992030476 0.02693827084856305 0.05640097755627294
0 0.46934955613340085 0.7918462899623671 0.02932535589040431 0.05652845080964394
0 0.7767346499448308 0.9378764619113553 0.025601398969447728 0.05186927507744044
0 0.9702721474834421 0.79833252255198 0.02652040389222466 0.0537108292086343
0 0.27863180260904696 0.06243177996915864 0.03041339478190605 0.056733440061682724
0 0.46948466542756534 0.7184339603469772 0.02959557447873329 0.05530482613701403
0 0.5071457299687055 0.9356420548020979 0.02831233930199521 0.052892314433436
0 0.5844063940411947 0.8632805994585244 0.02819604461711594 0.05454842402073382
0 0.700525227507317 0.6485029167743915 0.02749162673412892 0.055047438564112615
0 0.43148972737358754 0.719159755103014 0.02837385678279853 0.05768677369738251
0 0.5847372009166549 0.7913850771552622 0.02852910817788799 0.05354557235147436
0 0.43389503804474305 0.2845904922562225 0.028453856990316016 0.05700543952518695
0 0.6230854593473897 0.7195851835868563 0.028344880544626846 0.05611358035162652
0 0.5461048621950986 0.8642715811553383 0.028254691959555444 0.05589671200191788
0 0.03576285890718704 0.04997610686587843 0.031216732774917502 0.05699279698727307
0 0.5089506198340629 0.573554345872234 0.02809141609686086 0.05535212923138487
0 0.6618095996889725 0.7203606246772216 0.028255316352764303 0.05491853574510187
0 0.7388478634408514 0.076446681449786 0.024956302775427684 0.05387418682546561
0 0.35723746873605633 0.06594580393169312 0.029285062527887238 0.05655121311246632
0 0.4732058533509381 0.06911053470957078 0.027675858316837398 0.057156030030933856
0 0.5081823930694741 0.7913811109382196 0.028846244841599977 0.055598092761349055
0 0.6625306417639312 0.5035887509027235 0.028054649551939644 0.05670979654477911
0 0.5466906047899859 0.791962834718404 0.028682633792795738 0.05652895080964417
0 0.5851057025963678 0.6466142282432825 0.028170944236818984 0.05570578938899881
0 0.5086792837753096 0.718652786749143 0.02923705723381915 0.056440247477566895
0 0.9694484932058559 0.651976043836609 0.026296812827694672 0.053967137464263445
0 0.7391764136309997 0.5048728948933154 0.027913254486763704 0.056320932601226885
0 0.3514165298349071 0.8644492461622731 0.030184940330185834 0.05520297060301144
0 0.31552174066302474 0.49919505016025423 0.02942511247784085 0.05688636260704925
0 0.585585977691442 0.5023174446183531 0.027817293666373876 0.05564575993840664
0 0.6630719503191043 0.07409482406556646 0.026399348411049187 0.05592967645642368
0 0.030237107424960503 0.9430831564594758 0.02812034439178515 0.05289391803778171
0 0.11285217397792682 0.7935698868959133 0.029150343025194456 0.056089629247505234
0 0.31601863136886027 0.4263177151185509 0.029212955850608367 0.05673272708179238
0 0.7002428817849035 0.7925682266366516 0.02692693528930223 0.05337716966447939
0 0.7000027442373664 0.864430000008449 0.026556176924277447 0.05304517264592212
0 0.3182097256038735 0.06398540112736137 0.029615548792252994 0.05728219774527727
0 0.5457341038300737 0.9352196045271356 0.027841725419654458 0.05183618874603004
0 0.7004767442373665 0.720300046155597 0.02794224384447527 0.05500860383933377
0 0.3146329200945456 0.6442916460987762 0.029215190791457152 0.05517971683157278
0 0.1543562933591892 0.6450436992603042 0.030272467988979777 0.05740372391085694
0 0.700729431975052 0.504287820305759 0.027790518939549494 0.056629359388482105
0 0.2754172785113901 0.5711560402635705 0.029772849173329414 0.05520730825553221
0 0.3566571404224401 0.2102304315163441 0.028727374920106588 0.05787242087072212
0 0.6235993887200505 0.6470243408120235 0.028715638909651415 0.05673723966396215
0 0.6611872830186096 0.936121516820914 0.027229716472137844 0.0527951127836622
0 0.3947591567900341 0.35475024355145585 0.029439686419931672 0.05710551289708845
0 0.7777374083098555 0.5050552391588699 0.026730781859101254 0.056474395994854466
0 0.11229617853687335 0.9423305133157898 0.028803642926253266 0.05440097336842039
0 0.7008263985149531 0.07550875603734254 0.02568460068831283 0.055166713062796115
0 0.3920103749472402 0.7909460530722748 0.02888646869384845 0.055193156053607334
0 0.3956853835546229 0.21075400791850998 0.02948323289075401 0.05752403660261157
0 0.6233529760774392 0.5741550425777071 0.027346679784033125 0.05463173668251901
0 0.4306237975109438 0.7915277768524592 0.029777435958660326 0.0556588350777548
0 0.6241954556402485 0.288080162484145 0.02706033776876089 0.056591900169191314
0 0.3959036804565681 0.1387932678151937 0.029799232890753972 0.05617992729717033
0 0.7381553299807523 0.7931493457647247 0.02740432140696136 0.05369450737070103
0 0.47069811121160593 0.5732773720920497 0.028766433341774828 0.055961129231384736
0 0.23921072390568854 0.06088869109867179 0.029708338443148928 0.05537604047283916
0 0.8930177585060274 0.9402164815893531 0.026539732037202758 0.05169113627136935
0 0.7773814789371949 0.8651451125771896 0.026785540224126148 0.05257437154607297
0 0.5850783234138555 0.7192520527149295 0.02877328625209118 0.056503444295178507
0 0.969964701380732 0.22173519677152942 0.028095846287793696 0.056340129944648404
0 0.5079628591512179 0.863321318036673 0.02896094709657472 0.05526353658947459
0 0.3929139610059936 0.6453546569514027 0.029608296576341852 0.05730573853682577
0 0.7375991924332154 0.9367672799395791 0.026839629962134813 0.05134071223373745
0 0.3927258125550209 0.7192179024810325 0.02935259347828699 0.057105299917198295
0 0.2750108331584723 0.6452962595733843 0.029321739879165 0.05718894378078912
0 0.9696760805632445 0.8689516205113339 0.02620440389222477 0.05342818301496406
0 0.6239091136249763 0.5028092443433909 0.027911371228859887 0.05684058452596325
0 0.4691398844470171 0.936338075777663 0.028423637302075356 0.05454254283601061
0 0.8931272752360769 0.8682120825301498 0.026758765497301766 0.05511748411481344
0 0.23928642352752028 0.13396083456288801 0.028853152944959423 0.055052330874224065
0 0.96977076830093 0.9411060561769095 0.025846195717348322 0.05199170948411427
0 0.5088300260301726 0.6458338490854582 0.028935572724093448 0.05593822768419945
0 0.662083391514096 0.5756185992182559 0.027160149052269555 0.05417924776391788
0 0.355828866755906 0.28244061918002894 0.029603297468735912 0.056459172127868384
0 0.4712106348781399 0.5010837924766597 0.02882673024372007 0.05694241504668078
0 0.9317601360745369 0.8686755013832608 0.027253259409540643 0.05519942127111064
0 0.432603602589149 0.5004584344283648 0.0285515125477853 0.05708723602253331
0 0.07105819549763033 0.9425349603900061 0.028498697472353885 0.05301629494210832
0 0.4349924841474533 0.06833052815023817 0.02889648151494494 0.056652142599674465
0 0.23406983959516658 0.7922252953886805 0.029925914613557102 0.056356103613975916
0 0.8547875928195354 0.8678545262457795 0.027179178619048675 0.05440237154607295
0 0.5094101043437889 0.501446939854678 0.028528009900751303 0.05627317273027526
0 0.70075053606249 0.3614617303964591 0.026737559813931163 0.05528621461952539
0 0.6607828703759983 0.7906220263616893 0.026201857726816182 0.049695994252035774
0 0.03238559992101106 0.570627846892139 0.030774359399684044 0.05777001432053633
0 0.8930303086961757 0.07770640002793457 0.026126765497301845 0.05639362398176275
0 0.47041225966257855 0.6446727464634766 0.028194730243720007 0.05547673853682597
0 0.35128142054074263 0.9366563388875709 0.02858818989906299 0.05308576344716265
0 0.4319949932949844 0.5724189245316811 0.028419638194469445 0.05540718167101616
0 0.5845221858663183 0.9351384173708385 0.027661011157016975 0.05230748984587956
0 0.430353578922615 0.935423825777663 0.02863402976255075 0.0529466323480841
0 0.4342657964097678 0.21204198718761125 0.028866823530217075 0.05765377424996588
0 0.6624758833989064 0.2889983679436282 0.026521415331247168 0.05568238430090265
0 0.9315766849833397 0.7974049935734753 0.02633877357689842 0.053968022626436664
0 0.7380458132507028 0.6481456104900214 0.02565205372616988 0.054544051132853225
0 0.7381616050758265 0.8652102565677816 0.026978804676912112 0.05481691090206852
0 0.31490425615329887 0.571097892885552 0.0290343000856215 0.05439324496327409
0 0.6991243315947552 0.9357114042521734 0.02567548547945058 0.05091876195877524
0 0.03045811492890995 0.7939063913772089 0.030584476303317534 0.05460132632541116
0 0.3124815371376462 0.9378080983734884 0.029129580395329997 0.05380419434907327
0 0.03494451856240126 0.2737351657525899 0.0313424336492891 0.057281422303473516
0 0.3932601094569661 0.572014487823939 0.028974061635493143 0.05622643484004823
0 0.3532315771679751 0.7192762998590506 0.029594251860159397 0.05722209467323495
0 0.5873131449919368 0.21574288255301488 0.028533710016126413 0.05724023489397021
0 0.6241954556402484 0.43108884665899927 0.027936471609156698 0.05449818099459575
0 0.6626338833989064 0.36064496071846125 0.027823065901692444 0.055976151775822484
0 0.03314391587677725 0.4953080103595369 0.03026887440758294 0.057526441194393665
0 0.7388968467108017 0.5769172625306673 0.02735412064636788 0.055720448701335065
0 0.8939740624033172 0.6514889495710547 0.028233306371683392 0.05616132599537207
0 0.11222953314529045 0.8660432896953921 0.02965429743572924 0.05301292820754503
0 0.46934955613340085 0.8643467145161441 0.028601793067062137 0.05616085487112218
0 0.5471568470448488 0.7194364788831982 0.028891555479179373 0.05707727369738249
0 0.4715785565645237 0.42876015499532494 0.029200792204816414 0.056035458545571196
0 0.5859903903340533 0.43057337152151803 0.02807853530134901 0.05494580668200152
0 0.7005315026023913 0.4323729906495913 0.027285143464178537 0.054742992463487045
0 0.2380854456584043 0.35215263611385245 0.028464366690433285 0.056993305102112285
0 0.8158204066958529 0.9389609684706877 0.02645410105656277 0.052348487096256134
0 0.5102715143795467 0.3577726727372772 0.02788338759065937 0.055512204250483387
0 0.3134582479770389 0.7916020322787725 0.02976009784981239 0.05557475641830754
0 0.35387921012867357 0.5715633219096994 0.02908061072320103 0.05485892398742149
0 0.7391472556462718 0.2908951887214754 0.0265407377567141 0.05419539741956807
0 0.3140224433299567 0.7190154341271613 0.029079581497292614 0.056700363209456296
0 0.7780068502714643 0.07633518049716069 0.02617449848182431 0.05576343629502661
0 0.07178493799368088 0.8671544354052407 0.02894112401263822 0.053626360146252286
0 0.029731350315955765 0.869530939213894 0.0303947701421801 0.057160598720292444
0 0.19533054508311312 0.6446737151343074 0.02985638158648937 0.05659489970501486
0 0.6225903552599517 0.9359063362239493 0.02812128948009679 0.05257597672721426
0 0.5470133625351229 0.6465313676216793 0.028604586459727643 0.0564029067083468
0 0.5483170036720812 0.42958848139749084 0.02831761744027591 0.05513362671709213
0 0.23465002617469835 0.7191988869362521 0.029869891156034632 0.05745155610112547
0 0.31808212405484604 0.1359905254987882 0.028757376674746416 0.055924001442055005
0 0.5857776319690285 0.5746016682651129 0.028310118951596283 0.05531376291984958
0 0.5864769405242017 0.2878810250528856 0.027408884730903797 0.05555994989422906
0 0.5869235613416893 0.07249459236875266 0.026659375415136875 0.05632004039997587
0 0.43179958709887484 0.644512317439329 0.027546450586688774 0.05399293292816232
0 0.3176226395451202 0.2082118813339939 0.029406127105869272 0.05918487928371734
0 0.1992951359413664 0.13201943254706555 0.02939735712088804 0.056130887549680916
0 0.43329701696151857 0.42839491267891944 0.028852997057511216 0.057398279521423796
0 0.547729667613328 0.501446939854678 0.027866508146111354 0.0560405832182015
0 0.6611679577333869 0.8640724437240788 0.027738649551939613 0.05317496062710623
0 0.8161763360685136 0.8671275759708174 0.02771354345213177 0.05463827209599775
0 0.5868539739843007 0.14447431601551242 0.0280534349210522 0.05495659310645632
0 0.35364528026603 0.6453266307315871 0.02921572001736541 0.05538897000060467
0 0.3164781158785862 0.3536316802591978 0.02916717443893731 0.056496512897088444
0 0.27390346568804796 0.791862648010662 0.0296394748200137 0.055165629833791766
0 0.7775098209524669 0.14810956739032405 0.02507092311377967 0.05420054063179544
0 0.5475789253584651 0.5737287880062893 0.028409180263618092 0.05523583447534796
0 0.035070900868878346 0.19884237934186472 0.03172158056872036 0.059354472273004236
0 0.9690696809435414 0.29383237069325147 0.026086771953313187 0.05394423237616647
0 0.43472496741740374 0.13984708294388706 0.028470964784895476 0.05626338383726365
0 0.9698129764758061 0.5091662470930142 0.02669722917744725 0.05434638012656602
0 0.7392527760834625 0.7215799846867055 0.028723079771986095 0.055667454664220545
0 0.35248362939112193 0.7913765112503547 0.02918370054146617 0.055588893385619405
0 0.19888436857777958 0.0596792372447192 0.029246878888283076 0.0536042667702081
0 0.03162728396524488 0.6450333566422913 0.031027079778831002 0.05886622577696515
0 0.15576735024605404 0.49680626069928224 0.03058571476603896 0.057894499255795866
0 0.3916717342414046 0.8637211064678494 0.029415125321080943 0.05514222828660625
0 0.2768773021779241 0.35286150123505033 0.030522208036371075 0.05751463948160443
0 0.1941757244649023 0.7193069926037976 0.03090202282291099 0.05745205610112556
0 0.8938414127836138 0.7969718968645743 0.02785849040222764 0.05521408058344599
0 0.5102589641893981 0.28589906165925794 0.028077320670461422 0.05708787668148403
0 0.8163069568860012 0.36351279324016195 0.027208167976760525 0.0566424135196761
0 0.5116633563948187 0.06994334755327365 0.02814818683006575 0.05755430489345268
0 0.8931506581257306 0.7241307295021846 0.027791181847054407 0.05464341530822495
0 0.07421799644549762 0.5703838430834857 0.02887833096366509 0.056794499085923184
0 0.8160941985209764 0.7952820957647249 0.027439751627008013 0.05373550462107788
0 0.2765610521779241 0.42556464414269835 0.02976911423248066 0.05662212220252965
0 0.6622842291213198 0.4319623780808507 0.02701424061646979 0.05497789301341167
0 0.1590542838534021 0.05718926074512093 0.028771375798627118 0.05552707649393576
0 0.23559092541836174 0.6451399986356259 0.02917930641418162 0.05882173471820003
0 0.2782253572561292 0.1343206095845486 0.029962285487741568 0.05677078083090277
0 0.8553226262796345 0.94029766874565 0.0280302120791476 0.05396576195877498
0 0.8160414689581673 0.7227821915210005 0.02821042634178536 0.05511471640807433
0 0.23573655440450722 0.5710229570788372 0.029694249884662162 0.05619280279130464
0 0.3943225629861437 0.427641591703067 0.02904887402771243 0.056356816593866155
0 0.27373534003776057 0.9377884898572156 0.028288568823128985 0.05217958669114102
0 0.27430991104096575 0.718954941810756 0.029849396506397504 0.05727714711286637
0 0.5490259421382045 0.2144999571405714 0.02829246515314546 0.057711535993819486
0 0.7772023748497566 0.7210230409710758 0.026317815319200195 0.054342342095479945
0 0.35685515478214735 0.13774183494517866 0.029605778855082424 0.057333314726172396
0 0.9695853891184175 0.724037454639666 0.026023021002570913 0.052978289620819206
0 0.27758498204056775 0.20806756035814136 0.03061103591886446 0.057965879283717325
0 0.5862915613416894 0.35921498558098014 0.028023776936324258 0.055862128288115195
0 0.9697644932058558 0.5806058201898493 0.027147846287793598 0.05485978365793358
0 0.932158273622074 0.7244761980803331 0.02804953450461482 0.05491190218955965
0 0.8931084499508544 0.5075820585619054 0.027159181847054632 0.056247406363896496
0 0.15766734529701237 0.27769995914831774 0.02968830940597521 0.05520308170336449
0 0.0717217910742496 0.7940282295856187 0.03033141785150079 0.05557626416819016
0 0.9309701360745369 0.43611435459314346 0.02578277613959013 0.05419916512630732
0 0.7392904266539079 0.14701297312476966 0.026060462661639954 0.054330828612979463
0 0.391272546633624 0.936642575777663 0.029460906732752 0.053756005763568135
0 0.19574862370856572 0.5703288938363184 0.030468853339205106 0.05609894431681523
0 0.4730880327235989 0.1411958709250711 0.028097317442455968 0.056003807874895485
0 0.1980661973849767 0.20516432084769165 0.030294762480951757 0.057678358304616734
0 0.8546084887320972 0.7957691900302792 0.02725903736437024 0.054287242877224196
0 0.23282162244891405 0.9404512393692126 0.03009950557417895 0.05473065212070766
0 0.07614548143759874 0.27495455027422305 0.03033203712480253 0.05655139183424742
0 0.9320738572723215 0.9417518192955748 0.026676017774565332 0.05433936140885047
0 0.5493482172332788 0.07139749810319831 0.027841848042799183 0.05750545406856572
0 0.23680876816745652 0.42429221257543165 0.02960182242866529 0.05696157484913682
0 0.9320128238122225 0.6524271249834981 0.02688250104451586 0.055714200307966116
0 0.7010117776974654 0.21742059594664248 0.026274392513436332 0.05637115893160205
0 0.7398968262736111 0.218310170534199 0.02749229536114515 0.0570941824193093
0 0.15677393498790698 0.42328615073638465 0.029467287275091233 0.05602800784649984
0 0.8157382691483158 0.5060992771400539 0.02618030923143915 0.05623899544492982
0 0.5106907560145219 0.2137081128750171 0.02784573702021408 0.05760642342507893
0 0.7007975555865852 0.5759354369244776 0.027160149052269697 0.05523537345132369
0 0.8163132319810754 0.5780671630805919 0.02733023489695851 0.05633044870133489
0 0.7775668581197073 0.7939577331959842 0.026937265129051924 0.05362148113337073
0 0.7393474445640001 0.43314724398721255 0.02748869924241792 0.05544659858880491
0 0.700948465435151 0.14669613541854792 0.025709701068609644 0.054964504025422994
0 0.9307214446297101 0.29343434583073263 0.025504426710035246 0.05357063292609118
0 0.777983820952467 0.43388019748388623 0.026676023494076502 0.054800254207340734
0 0.3169750065844217 0.2813797032657893 0.029557986831156517 0.05759359346842128
0 0.15318364796760633 0.7934119921238632 0.03044170406478732 0.05682813818373892
0 0.663126708684129 0.14559929115299358 0.02639934841104904 0.055939192556531715
0 0.07295412914691943 0.6455818991468617 0.030015683254344384 0.0599633107861062
0 0.23834527428385685 0.20647488268673866 0.029990608683191432 0.05749523462652272
0 0.6239764221801495 0.3600598861309047 0.027279371228859893 0.0550172277381906
0 0.4719011276400921 0.35686092063057717 0.029341744719815644 0.057760158738845754
0 0.03121647511848341 0.7207190738878733 0.030458226698262248 0.05911029890310783
0 0.15769827622362959 0.20328905858180588 0.029973856757399102 0.058242060474672806
0 0.15815110942065452 0.12900452020406297 0.029984781158690882 0.057650959591874086
0 0.11506093059807909 0.49659054936419095 0.03104176780746273 0.058541633261070015
0 0.7008811568799778 0.28995701330903195 0.026779767988807435 0.055064973381936215
0 0.19810392219589254 0.2787220648158634 0.030146526604593923 0.05703158170336448
0 0.430518836667752 0.8640559776260518 0.029326326664495913 0.05581197060301151
0 0.27558228625652714 0.4983090763800699 0.03082642748694565 0.05790548919156534
0 0.7385027054561234 0.36156684296519964 0.02612777121681304 0.054229088932119536
0 0.5480254625753954 0.3585526792966098 0.02760570678812079 0.05580486654426165
0 0.23592512198199325 0.4976124050317366 0.030071385039634246 0.057781097239973385
0 0.8533543605455027 0.363020498343467 0.0249698144512802 0.05354557235147443
0 0.7776952001349794 0.36300890580890255 0.026208298589150837 0.05457851296975147
0 0.11304661495897493 0.7203353960720001 0.03063249753467039 0.058276733326796566
0 0.1571178956751807 0.3505729351059413 0.029595994904164757 0.05685386177756929
0 0.19254209090471233 0.9401044351699093 0.030404568662582336 0.05463156520662106
0 0.6246694556402484 0.21635238255301492 0.027460754118513536 0.05571330810671511
0 0.8922214834109533 0.2211498721839729 0.0260423491475493 0.05516948076953535
0 0.8545537303670727 0.07732046287163748 0.02725903736437067 0.0554105245316874
0 0.433518004584644 0.35622499732483376 0.02835689045041492 0.05558523048781382
0 0.07229062203791468 0.7207800700792201 0.03020525671406002 0.059232291285801354
0 0.5097982465660914 0.4292927883295887 0.02773657489478189 0.05500741960543512
0 0.9698466307533928 0.43705278000558695 0.027202604652818207 0.05417498971386375
0 0.15585425087303564 0.5712880893550146 0.029219102893489612 0.05650863324673656
0 0.6629772625814188 0.217156314524791 0.027086106776073857 0.05584259608789916
0 0.2386726200911518 0.2795309823224561 0.02829660256679112 0.054766612684905056
0 0.5485730462256427 0.28704821220918264 0.02804377370831859 0.05600657558163472
0 0.893005208315879 0.3641467186526055 0.027062215307153463 0.05516433755730801
0 0.9317664111696111 0.2221164284683432 0.02737532632973848 0.05520156710094551
0 0.8160730944335383 0.43463552863077537 0.026521409611735998 0.05567724108867541
0 0.07743568178632448 0.05216813751923509 0.030155970010721272 0.057285067741053956
0 0.3131120995260664 0.864360727626052 0.0290678009478673 0.05642147060301167
0 0.35552713224618016 0.3555341856855111 0.029482203664845705 0.05681268106860924
0 0.9695939430157073 0.36499582466201347 0.027135296097645263 0.054750298201312254
0 0.6251833850129093 0.1448316222998827 0.027502962293389954 0.05567120567519689
0 0.7775856834049298 0.5774695007868137 0.026536848779299346 0.05450144870133502
0 0.3543158039325639 0.4989183263800699 0.02983320452709136 0.05796104163119671
0 0.7778195458573925 0.21922021507471565 0.025909406383730262 0.056379569850568696
0 0.19736901188678715 0.4240950682429773 0.029906976226425644 0.05613586351404549
0 0.8158603360685136 0.14820309225284287 0.026424443071834686 0.055443716044238874
0 0.472114682343302 0.2850255302374065 0.028559984742950496 0.05660816466266808
0 0.1523329934581304 0.9413289297594724 0.029615013083739226 0.054084683824320016
0 0.1170057512162899 0.2023465528371434 0.030681384578282934 0.0580827396660788
0 0.07620871682464453 0.20103601005484464 0.03045850789889412 0.05886665752589882
0 0.3941115238293356 0.5000233765624201 0.029229764733547863 0.057147478338938754
0 0.035355450236966825 0.1237659963436929 0.031406003159557654 0.05935405240706887
0 0.07652448657187992 0.125533211456429 0.030710900473933652 0.05898842169408898
0 0.11827174406351695 0.05444295252792283 0.03075551187296606 0.05686609494415435
0 0.15379430703602878 0.7198955803881505 0.030351095144776585 0.05739710195909748
0 0.8155928193384641 0.07680448773415628 0.025889409611735935 0.05606837535657432
0 0.7774510662945834 0.6484866236086865 0.026158097828557207 0.05374750140781555
0 0.8152979234259021 0.6496002610399458 0.025737684706810014 0.05576355113285308
0 0.8548697303670725 0.6508431864523894 0.028110070824469455 0.056982051132853165
0 0.7777457122071453 0.29129321358399424 0.026418839463532334 0.05478022200712461
0 0.9316295152570493 0.5085449093867923 0.026882501044516005 0.055849631501377645
0 0.23345961283057776 0.8660747778084021 0.029911399123282986 0.05729108633490123
0 0.1170814508381216 0.27610119113776943 0.03060909832375682 0.05718261772446106
0 0.8929926581257306 0.43580935459314346 0.026927598196807147 0.05506774108867546
0 0.8541955221921963 0.1487721236746943 0.0259950373643704 0.055314428063054824
0 0.9312102736220741 0.365084644065049 0.02604401777456527 0.05513916214486455
0 0.35502323379520756 0.4270014705448642 0.029318563390132966 0.057402469398197924
0 0.2775475758444581 0.2801752163756972 0.030053848311083715 0.05634756724860565
0 0.034849921011058445 0.3475929311395491 0.03026856240126382 0.05655088360755634
0 0.5491080796857417 0.14333675317180952 0.027690123137873408 0.054582493656381015
0 0.1138819194189803 0.6459986246402205 0.030116561359921714 0.05994615375889033
0 0.11561881265990018 0.4223345167311105 0.03092726169106235 0.057791832532504944
0 0.8157023360685136 0.2919796952808081 0.02567037615163707 0.055097059713346434
0 0.1526489934581304 0.8651820046194089 0.030137685829001237 0.05276637592804622
0 0.2733236373744317 0.8659449699424574 0.02968575623168473 0.05493816499434817
0 0.5109183433719106 0.14213404633751459 0.027753328084744035 0.055345457050008526
0 0.114636720898811 0.5705862453333975 0.03065782693107174 0.056909044116232085
0 0.9312102736220742 0.5798258136305166 0.02626305123466442 0.054989571639117545
0 0.1935591820906142 0.8659724961622731 0.029943635818771602 0.055458396458126835
0 0.8553500054621469 0.7235133472554462 0.029180137744667246 0.05594335246452202
0 0.47286272416842573 0.2124644374625736 0.02863235090255479 0.05786499938744703
0 0.8929167956732676 0.5794685073461463 0.02710442348202988 0.05469740934533923
0 0.8543135928195356 0.5067618334244243 0.027435862649593117 0.05650798232626468
0 0.8921056915858294 0.2932759269776218 0.02548221530715359 0.0543099209072753
0 0.8154199903461001 0.2200653656246403 0.024777134516661584 0.054901493888200606
0 0.8542713846446591 0.43485884147447823 0.02669434591954355 0.05464529081371303
0 0.11637238043311102 0.3493795602724435 0.030868598750157274 0.05683993679657886
0 0.11814237527086914 0.12823373670274446 0.0299348784618826 0.05589368125414567
0 0.07510280529225909 0.4221815158439976 0.029889654818325437 0.05728198354661798
0 0.8543073177244613 0.5786480322086651 0.026766212079147762 0.05580238585763213
0 0.8926407250459285 0.14965724280276752 0.02655228222735138 0.05476118980690845
0 0.1960184664576605 0.49739921687078353 0.031120381586489426 0.05757043225315877
0 0.07535554778830963 0.3481413677635588 0.030647904423380733 0.05813526447288236
0 0.8538526430096839 0.2922316389964377 0.02607589610969199 0.054544821457199896
0 0.19794642219589256 0.35114707427480546 0.02938415560821487 0.056060738099475205
0 0.03387015837282781 0.4212064428702011 0.030457536334913125 0.055331837599025
0 0.07453399644549763 0.49603877178549666 0.029763095576619273 0.0575254411943937
0 0.8543118140173199 0.22045497956819246 0.026337137744667127 0.05525827150034264
1 0.6246111119151463 0.07706930258212175 0.012520023069699142 0.034017578926913
1 0.5899486051641244 0.432171488529419 0.005949942647457373 0.0056479508215073635
1 0.8199366215259238 0.22081017116364987 0.005506109211452175 0.012468289852638875
1 0.7778151959938778 0.15264026141223022 0.006625762167993241 0.007498492380581214
1 0.7417068533659966 0.14220495788593215 0.006999472511300573 0.010203737609797533
1 0.8160639139636567 0.6549336383424319 0.005475836502473741 0.00770971751806238
1 0.6269974697097258 0.4977324922232185 0.004352288849006609 0.012878408484068985
1 0.19658875665813866 0.5028757782136946 0.00733137119210386 0.016682422422114818
1 0.07339652448657187 0.7886654478976234 0.002211690363349131 0.010481413772090217
1 0.10771269578324778 0.8547591871432519 0.002119446273853841 0.009829478845500936
1 0.4682154193076709 0.7877154007459146 0.003211962537534849 0.012439190274502174
1 0.817384021145627 0.5024858364887729 0.006778224420314238 0.006328871877696539
1 0.579535156239305 0.0823022906310035 0.00815899638868586 0.007076042105618899
1 0.9355192872651207 0.36185876008732054 0.0036688104566573636 0.012145445405166782
1 0.15950424120286877 0.056080675235799494 0.011039470172936808 0.01765912376977137
1 0.8562565195316241 0.43207375820741684 0.004928321572605502 0.011968940452465424
1 0.8939773134498864 0.427731026510603 0.0034105265194762317 0.0179084770588379
1 0.9655976887889355 0.07138852101191298 0.009354310450968002 0.015265115812189908
1 0.7026934627745788 0.1467462983417771 0.004202906917624342 0.02076499448385558
1 0.31267813481784307 0.48965929972647476 0.006410550185111535 0.011261525308064848
1 0.9306925702009083 0.5947710255334228 0.004122839260926383 0.01777542137091446
1 0.9375336195361418 0.17010034975635183 0.014534421201343689 0.022638673275373205
1 0.7770032465007398 0.29434320175501827 0.006606910203527221 0.006711845644799013
1 0.6974697526982182 0.573060010410495 0.00446527117574423 0.011348319171215907
1 0.8589818875927127 0.294077994260485 0.009224574424831662 0.00745348577134669
1 0.8927680718149111 0.7180104394008283 0.005719493059377193 0.014416726876920236
1 0.9344378044216011 0.6458394605695476 0.0036414415427072013 0.01892764352695301
1 0.9606099244800007 0.14336644614207852 0.003974748579704796 0.015696091184307696
1 0.43773512368402007 0.4322325026689646 0.0070110907408077955 0.007727057777560703
1 0.8558561031818716 0.7921636316257366 0.008248039063248665 0.010377111326736977
1 0.6278211239873124 0.14865994095755752 0.003581114134229104 0.010600955127859954
1 0.5454633130515194 0.15046376554511404 0.00577390861239545 0.004669829440454121
1 0.8554140399688149 0.9339372726348858 0.004094395907086034 0.017264393345035132
1 0.9327813690138838 0.8616702416521186 0.005968661787696363 0.02767049301003208
1 0.8183840007084361 0.4320091142168248 0.009268451226724476 0.009352301646394367
1 0.43089025492022714 0.7869896059898778 0.004420664743195602 0.014821137834870653
1 0.8995393451043282 0.21688200749506 0.00904252290816186 0.012720512240496737
1 0.15176129643401826 0.8581806744078532 0.008262338556442957 0.009734014590436614
1 0.9600705834154708 0.2876343202228531 0.008886516260496297 0.007878550735221979
1 0.31221840030811715 0.7861734477592328 0.006727050185111543 0.00668469478906453
1 0.6231432187589837 0.6463882720384387 0.0045041363770770395 0.01297184242710363
1 0.8601763002353239 0.2222766594197963 0.0074928495199060125 0.015449617189818557
1 0.7370477734228906 0.9249068693353379 0.007884844183703287 0.01673738784578876
1 0.583436294707467 0.9263896507571894 0.004627871924291132 0.01398305013956708
1 0.31659997130771916 0.28525025935242426 0.003028847949302452 0.015373855047890213
1 0.7416982994687069 0.22054613974179843 0.008440297796523435 0.00940552535916201
1 0.275088642116783 0.2827776983174475 0.007062564782991484 0.006828785417567955
1 0.7029569832117696 0.22623765941979632 0.0027997322028469164 0.0075276171898185605
1 0.1612242946392372 0.1398065712197937 0.008270419794768558 0.008539451758856387
1 0.8582891041326137 0.5044112881385469 0.010938691535178126 0.010293298664951564
1 0.39202026178804433 0.5764197884842607 0.005462991733294746 0.012880450384005227
1 0.9712961095571143 0.8578670110069418 0.02235695143343706 0.023448346601440517
1 0.7790746383894468 0.3656608125619815 0.010020780799526846 0.008132167793024747
1 0.0736666148040129 0.4266882778767377 0.001671509728467076 0.008536911644452796
1 0.891293592252102 0.5728687552259741 0.006149567393857565 0.016377782564843443
1 0.47401565088051445 0.21053684245165855 0.008706851951177378 0.009991407291174915
1 0.029068111374407582 0.8676414786715418 0.00872001737756714 0.00609425167580731
1 0.6625851145490587 0.2865389116897029 0.00942577090188267 0.009494176620594052
1 0.3536995810480807 0.8582670906668807 0.0031154116650386966 0.012285054749245286
1 0.18959369328473402 0.8629699934712125 0.0066886671188934686 0.005437733773392684
1 0.6625610219930127 0.3583185908450273 0.005396709385036082 0.013100254902799542
1 0.9693123195376477 0.5047281258447686 0.009677988504850042 0.011349424352357446
1 0.4666136460722598 0.8604717511548069 0.009792135517287134 0.0064801967009505005
1 0.7820560488054462 0.22269147744802018 0.009752829930100649 0.009973028108785245
1 0.23081414812235446 0.8580041299966041 0.00950757679413434 0.00676364877588128
1 0.7753852383487888 0.8569777150916136 0.009295342857181981 0.009173827983528822
1 0.8978774575567912 0.08832230395693336 0.011818714352988762 0.0191156811266116
1 0.11265425886644036 0.7239481858306501 0.005355590676025077 0.010407177739963611
1 0.39219501221916714 0.7827752185527351 0.009093086399430805 0.008829362960585315
1 0.9363206929198802 0.927685632454003 0.00699425199936482 0.016249264908006166
1 0.9326992314663467 0.7942894227956282 0.008323271483759971 0.013518408798794214
1 0.664301105297598 0.14778208325016354 0.003778327186706867 0.013412796230053743
1 0.7757204212155171 0.6428900653384485 0.007748843283329367 0.011941700602800217
1 0.35035031512668385 0.5674716270845835 0.006075535587231607 0.009145948560503481
1 0.5473654924930357 0.7166385394843956 0.011451859339387168 0.007828930679021875
1 0.6975855445233421 0.7871220805258873 0.005109821365892484 0.01475713481444404
1 0.06976297195892575 0.6501525109689216 0.0042971208530805625 0.01157797623400359
1 0.5442137189878193 0.7874456338626289 0.006411312328954571 0.01178655162866792
1 0.5838954657151031 0.5720361923822711 0.004147596829216773 0.01698678256484351
1 0.3581889653021478 0.28372416441403725 0.0058342421342692 0.011680949074526338
1 0.31343296356258216 0.42925766315689096 0.010448207674589736 0.009024946560233775
1 0.5484517015497986 0.35803063401073243 0.006696685608954078 0.010085341234209613
1 0.3558178478317235 0.6436147885284528 0.008164600997310761 0.005484323887873213
1 0.8204967553663196 0.5772524555009364 0.00734279324199649 0.012679785314466677
1 0.6252526577873403 0.28022656315154554 0.004775444252392246 0.01783588671577045
1 0.38895369424453013 0.7166673064351414 0.005445842821914938 0.007073628241308834
1 0.7399899574534348 0.3601426353855441 0.009338097035929615 0.01198686747154018
1 0.15626904945123468 0.5606557371788704 0.008510375363764894 0.009457633054299381
1 0.15733340709405855 0.640193648678004 0.004095138085932953 0.006937504594022548
1 0.7421127419977495 0.28914450650943074 0.006187695247795227 0.016686785861011758
1 0.7026894664817203 0.35129507635155055 0.0035537991230446754 0.01616357674073289
1 0.24004078506969198 0.34951298108211587 0.009230457150246764 0.009979446797495666
1 0.4312695762585525 0.21422935557032377 0.008009334646165135 0.008309459765835884
1 0.7387184648677174 0.8638751183911615 0.006186212244791663 0.01607908485758687
1 0.19445550432342126 0.5686569166383546 0.005670210159515708 0.00936987458542991
1 0.7414604407233852 0.4253915068326052 0.006506647226078094 0.013293610365662366
1 0.4706793869068642 0.13990145132659954 0.0028944726728378435 0.014599525590981604
1 0.9756396895002204 0.37784981248752464 0.018159977479253263 0.03254717470008667
1 0.780520535782538 0.5834024385725617 0.01019545445472993 0.012208426870161009
1 0.027456582148499206 0.7921998801035954 0.009920958925750394 0.02998171450335155
1 0.5839205660954 0.8586023722008709 0.008039998350404124 0.011838817614486663
1 0.9318892003341628 0.43160638389482264 0.008300582797385946 0.013326139352616109
1 0.9676466856972518 0.5692085784387189 0.008847620443761816 0.014193004952701468
1 0.7014169125844305 0.2879070125636712 0.0036895388565357434 0.01641584696527572
1 0.0703316990521327 0.571358874923827 0.011880045813586107 0.007800226995734328
1 0.47056786595395733 0.7191061606425984 0.012013575280682084 0.008243247140311882
1 0.8938081694388089 0.3592044599731006 0.015686138117024025 0.011750966921615447
1 0.15186443048274123 0.2761523814463985 0.012674276223629596 0.00807553619096926
1 0.9685019654502094 0.42380311284201316 0.008560778428489567 0.016470398346846552
1 0.8542031152033861 0.5776780443086972 0.003997360646805874 0.017954136685898684
1 0.892559309742745 0.29493498251663136 0.009313002375144114 0.013132389070894626
1 0.07507145576619273 0.3570990874466789 0.009604323854660346 0.00926312918951857
1 0.19106882288388027 0.7946327644193869 0.007838597252873156 0.011862065115759875
1 0.8140979579325706 0.8652399495380507 0.008312581264151608 0.013349422563808496
1 0.6215400858693301 0.43138752651060314 0.0114339709780665 0.008060775409063841
1 0.8192398991350915 0.35700058192525386 0.005475836502473741 0.014468921917459555
1 0.7768469843931858 0.43141464457109124 0.005714750388091269 0.011597366625267218
1 0.5061080107682324 0.8637329927037557 0.009903620015277509 0.013406184307662026
1 0.736350743669933 0.7200819721974913 0.008293253119173364 0.020412467882689793
1 0.9680271541386372 0.9295133537817749 0.021228691166928 0.027590807013625273
1 0.3572049265764625 0.3546992440294272 0.010817164682898554 0.014168876841527572
1 0.23586518620419689 0.4930068298495953 0.012772416670161739 0.01894770100791125
1 0.7032288538161837 0.426525709599866 0.0038987419447609837 0.020741561155274164
1 0.202332178032686 0.13677561504829241 0.010048557578045292 0.008777158054391674
1 0.19256793676341064 0.7197733117541106 0.008103232290399661 0.008701530811667864
1 0.396154504905153 0.43274441089960974 0.00611844698696378 0.012983158142261007
1 0.1508439965329594 0.7204679268944163 0.0070357752258974815 0.011674483818626905
1 0.7363319183847101 0.6511329553850266 0.005921535628530296 0.016155983982797748
1 0.03456534557661927 0.7115781869287021 0.008973574249605052 0.0125535591102986
1 0.1890196248195946 0.642249593710523 0.004476789952002652 0.013197587815557034
1 0.8167754040352807 0.7925006892849185 0.006133674230165983 0.02089792829487457
1 0.34836889257805426 0.7213323690555935 0.005697003744437692 0.015885484942155068
1 0.27222113394052316 0.4240456970603011 0.00966214223436203 0.012936372415349113
1 0.7786416435771175 0.5005112553418838 0.00957256966359197 0.011545384996361726
1 0.1472141105066225 0.9350832047758667 0.007298602975341232 0.010910830463532778
1 0.07737756556082148 0.27903684734917733 0.010805690363349118 0.009385171846435109
1 0.6237499146486203 0.7231375893591998 0.006685763229337447 0.015991034659122317
1 0.1971086062471165 0.21207257035155558 0.007633785003285396 0.01069116135747145
1 0.6648673984191258 0.21744633345742814 0.010530945507213108 0.01877351499011998
1 0.661421367715426 0.8647200189410861 0.006580850639714501 0.015445409445143355
1 0.3140577058174451 0.6456777229789135 0.010525255007657735 0.007638371812942149
1 0.46647741930767095 0.9301136309525472 0.00668796253753477 0.014425598248135735
1 0.5880576627685555 0.14164851417030241 0.004803574586368972 0.01469622724075555
1 0.11485952229592701 0.7895730573533102 0.0072860445918540365 0.015161938657751483
1 0.390115886572483 0.8599949039591387 0.007462835106062304 0.010457554749245125
1 0.189042515621187 0.9323781680836095 0.007830534074416591 0.012940685775578014
1 0.23399315184051223 0.7133642190575573 0.010924347942792418 0.008577036099291854
1 0.4691796697387938 0.643402996941448 0.0042983067725479215 0.01916550925008486
1 0.14907891471927492 0.7966906460466971 0.01045661159852848 0.014843501211388886
1 0.16045249120286872 0.2087022533489185 0.009031127423842057 0.01354899133110077
1 0.5094716628709767 0.4239013760844486 0.004391575310830525 0.015085730463643974
1 0.7420579836327245 0.5760410494932181 0.005202044677349982 0.019115874942045107
1 0.15525161103188914 0.4192471452006925 0.01272232282011489 0.01072348636974005
1 0.8926708666332638 0.5025347016497741 0.00843278821380962 0.023551602829149507
1 0.540787186625406 0.852715920551097 0.005050622300070379 0.014529040002344673
1 0.8199571819060112 0.14468447808986373 0.007983873242415567 0.015172278663548906
1 0.42825617660661097 0.936328615585358 0.008965258547085814 0.012462157025831457
1 0.8581456831249776 0.1490500549011097 0.007720998188866981 0.02017075897733244
1 0.8178343445486224 0.2910008486951574 0.013543748717786712 0.019944531026436688
1 0.3470155646955609 0.9277041571723628 0.009489003744437645 0.014360166054956398
1 0.11285886770750324 0.2794768401376778 0.0097112514294901 0.013506453573527977
1 0.470503966640739 0.5708306618997446 0.004302776654245494 0.016383249654604533
1 0.9713660082260754 0.7910297455692887 0.01389388261175491 0.01919286270154837
1 0.07055277290679304 0.7118220752589884 0.0077728112164296955 0.015722089579524662
1 0.11362933946021891 0.4291916115753399 0.008170307924058772 0.013052821134857357
1 0.3519760965383548 0.7889668668425045 0.00427109841057367 0.017379122467681682
1 0.8541625901589635 0.7238277916005269 0.008349563207580814 0.01756778210120423
1 0.2739518761953861 0.7886322456843016 0.0060800639207457775 0.01665282771164487
1 0.07216425789889416 0.5028032839731871 0.009478751184834114 0.009384291285801354
1 0.23459225010250473 0.785231421539417 0.006895718793338466 0.0134531269822441
1 0.2819208628607262 0.2072186055921497 0.011125412466987466 0.0153695999669723
1 0.46818554118445077 0.29188773251663136 0.0076631306575657325 0.0156360617337149
1 0.1128331041096115 0.6434486771342691 0.009698972143415504 0.014104861866867343
1 0.8951292066060491 0.6494510365319157 0.00997759534115819 0.017196345176726743
1 0.31419256511160953 0.35522466536998015 0.008326035557083103 0.01800241391396978
1 0.03443912480252764 0.5722729130103595 0.012385573459715634 0.012553503656307134
1 0.2689276950393739 0.7172361213128748 0.003466076824282811 0.016867705553307088
1 0.11958357650393543 0.1982536194676784 0.005097411015112743 0.01244370291426018
1 0.9281821779954877 0.7106532940354245 0.005529571580134764 0.020893237245962107
1 0.42734334786187184 0.8618418569458207 0.006208351488730639 0.016997587307125063
1 0.43019795801828203 0.5703815909238921 0.005322883331524427 0.017513981118383395
1 0.31985438654233445 0.21337519284694217 0.008338210261326771 0.013988132524852226
1 0.2756893761953861 0.5654881379372101 0.00393159576353975 0.020090612217462004
1 0.6984214376795047 0.9343190043316997 0.013404057488069544 0.018401956188738057
1 0.8165646131608993 0.7254240678378575 0.0069933228991265715 0.01986708320105358
1 0.3939123564541803 0.21752933796767937 0.009276212046115099 0.011959759109368284
1 0.8950236861688582 0.934103823734735 0.013912205037221815 0.0255915217820644
1 0.6611053677154262 0.7963925898348432 0.009074635050555694 0.014170252882431027
1 0.19689915978134742 0.4253638780583824 0.0101776901676243 0.013158391440574237
1 0.39024320686093206 0.36089227058479 0.009981852018642106 0.01248194128619312
1 0.07042654028436017 0.9329067641681902 0.011184834123222749 0.016453382084095063
1 0.4327016467636576 0.3587568970809353 0.010182963218230682 0.011378741881059107
1 0.036429699842022115 0.6438147471054235 0.0065086887835702975 0.029372333942717745
1 0.2755698998619201 0.35504997323592485 0.005497080273265616 0.02091028281489138
1 0.698920849371374 0.7146179708226797 0.007367464522055211 0.023313915408028883
1 0.5905697724646193 0.2160205637794303 0.00875972705829831 0.015921975634124334
1 0.3946808332187691 0.937549710523745 0.0105129160064157 0.01699765251126906
1 0.508833522596264 0.7080719784494188 0.008320919545843788 0.014262935193584231
1 0.9352166604105233 0.5030906023570615 0.014568636790502607 0.02328470196449941
1 0.19730433105803236 0.06628126012495084 0.007130492632358912 0.029183231584993048
1 0.7027923968051231 0.6506169802475453 0.010466525929454748 0.013385881783099388
1 0.2728146102739892 0.14231468963371804 0.005822125881842201 0.013764357562182795
1 0.23514239572411186 0.6397066889442549 0.00515873495365516 0.017405419197230296
1 0.1570551804163346 0.3467370964175741 0.00631911532385466 0.023943958195143233
1 0.0685937808056872 0.19445434582571602 0.006256356240126372 0.017916414990859247
1 0.06675867121847545 0.05792470222724929 0.00529104213501238 0.014206696916689705
1 0.3160064949742532 0.5720377437282238 0.0065070828901511585 0.02001641331156298
1 0.11575211298015162 0.9320760562046521 0.008343371846592007 0.024726936360435107
1 0.23439444141536997 0.218227068536884 0.006430958072949458 0.016717628469581997
1 0.3207817307773476 0.13727432073279652 0.009498366888559316 0.01361115683278207
1 0.8213982395870123 0.08195218482886016 0.00981097727254057 0.028265092045578255
1 0.6635044643885817 0.6432887157540684 0.008547594176174154 0.01938218013332539
1 0.1543204759118679 0.49457896133509144 0.012235895329167171 0.012352056675456916
1 0.8567786914900024 0.07978317171019493 0.010454981458817465 0.030068416633134747
1 0.3950426146304403 0.28083574849979764 0.01015113459474447 0.014201527733973417
1 0.27721968944985104 0.6369977121262868 0.006056502821895076 0.01569481303524669
1 0.11523444444211438 0.4965070926965535 0.013236461393281038 0.018202804031644804
1 0.8159959254232138 0.93013914694748 0.010101999515388226 0.021269817382667214
1 0.4700196469177135 0.3585957874617418 0.005747186871831879 0.017192814693956143
1 0.27595568944985105 0.506856853989608 0.009669847056908236 0.01733699188262601
1 0.5483279669090602 0.569718706244098 0.004341376940052834 0.020235287550413813
1 0.32100864657573897 0.7196226467756115 0.00663265921396959 0.01790939242967659
1 0.7383790819780637 0.7857816747914416 0.009931446465484505 0.01976142279562818
1 0.7418479955714173 0.5020386821291388 0.009236072891597454 0.016517086646135694
1 0.7037255678127592 0.07901157606982896 0.009476317754578379 0.019783000214921652
1 0.3916766156554876 0.6371115173674589 0.0041001893322720855 0.008489517190690849
1 0.03709320695102686 0.4277879341864717 0.011627172195892578 0.022912858013406406
1 0.3531761443025457 0.49719975588218873 0.010433162958407328 0.018044027131566644
1 0.42921980956730943 0.713873203141354 0.00884689968404426 0.029175690186118087
1 0.46891670889560194 0.4261831369370752 0.006753729321177465 0.01819766265682358
1 0.43184048986107587 0.5005445275874421 0.008308697448235166 0.025775033469630754
1 0.5085136938480346 0.07443764928257386 0.004654186935475463 0.020693073427666575
1 0.7026948689536497 0.860865410182055 0.003981061099383555 0.013438270639072249
1 0.197516920748927 0.3536145196229905 0.004803986515958526 0.02377892589506734
1 0.8562120325545324 0.863708538619084 0.007207630127778669 0.02802962696320577
1 0.2364188232150596 0.4266460059077942 0.006520376190076706 0.01684976445940049
1 0.584221737103036 0.7903311761662533 0.008642340365676323 0.019533875820213556
1 0.7017158047898511 0.5035009649258019 0.009115174598415857 0.022463976827018308
1 0.23930321139328103 0.13409006605620363 0.005225309797424775 0.020403884756219293
1 0.5078604673849673 0.21266646146884524 0.01318874404487518 0.012491373656198707
1 0.3548759881064361 0.4230312603525592 0.006792287742845837 0.018919267536086252
1 0.3511257996364097 0.2132588980909053 0.005730504606683348 0.015383669597294525
1 0.07396544905213269 0.13077365843997563 0.005370839652448664 0.018769563071298002
1 0.3947723960421114 0.4957904556998386 0.012621072633648055 0.014815300182350243
1 0.20026283717443272 0.27809907981049764 0.004792448370590941 0.020144778259533116
1 0.5867725586811173 0.3582860045136173 0.00835943333169053 0.019290956552573478
1 0.4333903848137257 0.28553861201374653 0.006067568866857787 0.022208773752530803
1 0.03519750710900474 0.49780625289457653 0.010742426540284363 0.02644721389396713
1 0.5482178390973357 0.2116415689639513 0.007931027624226124 0.019399336828053303
1 0.22450786316610793 0.934300492303424 0.009030228534915708 0.027526203356073767
1 0.6636393314989281 0.7093943254572761 0.012439495697361492 0.022566273852334718
1 0.23865301482964948 0.5653400274694904 0.007644130415635633 0.017297920933706554
1 0.3102591108831349 0.9315606236505601 0.006756723968969507 0.025871682847559606
1 0.6662933947119846 0.5761472003164153 0.010964454822979855 0.01974847384557554
1 0.5104014920468386 0.6409792600513557 0.01133526464310267 0.014244223523172861
1 0.5496001331988711 0.6487616289522774 0.007585546947167945 0.018449594247596235
1 0.7416287121113181 0.0762737815293123 0.009455606351696474 0.019344285446482482
1 0.7814853322655452 0.0753356061168688 0.011441846660150442 0.019742060309001316
1 0.779528298805446 0.9322797791942183 0.014589296470001852 0.022691631601181657
1 0.6584286716127158 0.08118108918849418 0.010704458434294194 0.02030215213965792
1 0.5075541396355655 0.7869644247084489 0.009673747428337156 0.023244722832382214
1 0.42983003633189826 0.6417029598690056 0.008952977997660557 0.016750845593126572
1 0.8943409967665185 0.7908570143115593 0.007720929468487845 0.028832231266178503
1 0.03592408807266983 0.35216326447288243 0.0073935300157977855 0.01645348324192554
1 0.5478598809224593 0.281663004629527 0.008646943973978794 0.01897628137194959
1 0.5060090608908264 0.5745801203127399 0.00745777754663966 0.02260711404096354
1 0.27216445268690836 0.9329852867364734 0.0071166564751666515 0.021436966050345983
1 0.9674296197277962 0.647533188456652 0.014210005234899667 0.033705549576123886
1 0.2412222346915237 0.2869838065123253 0.007203086153867628 0.019200808993005608
1 0.3953125832187692 0.1331666548185569 0.008164071771402395 0.01717469841978688
1 0.117883965549835 0.0579855406694754 0.012450555722246837 0.015838644554922815
1 0.2816347696055377 0.061045443338868965 0.007838597252873156 0.02139823511078238
1 0.5871789388143718 0.6419764408915496 0.013898643408051043 0.020739379033476075
1 0.5827178495554988 0.7207035599037132 0.010664464890305321 0.019591742745208692
1 0.5098572412817837 0.35824974139495197 0.013356831993122311 0.017884906827535785
1 0.5877772845367852 0.501432858916394 0.011387751202630607 0.029979791045532844
1 0.5035787932775893 0.9308090854785886 0.009924285414288067 0.025844244169922276
1 0.5504397991736961 0.07441347387013038 0.014438780476452567 0.01546079581552451
1 0.03800952883096367 0.27562467794028034 0.008657087677725116 0.01840329494210845
1 0.2364874220805547 0.06602539161044695 0.011304259419256555 0.019987958534888686
1 0.8919081731459501 0.8621275268752303 0.016857729181554107 0.03224777613831878
1 0.03459715639810426 0.20347349177330895 0.008909952606635067 0.01913467397928095
1 0.036222364894814 0.05273247298103018 0.013022441497039329 0.024591155409127933
1 0.6629885062137054 0.5020423589163939 0.011331778206718265 0.025803639120796515
1 0.5064553973807026 0.501558464295184 0.011027075310830609 0.01909536981267245
1 0.5447910723672862 0.9320039100661452 0.014784561084325118 0.02260969444488459
1 0.5104154076315363 0.14927286774481258 0.008954997392132819 0.018035332190077358
1 0.6627945731339034 0.9299762726348858 0.013252878587014983 0.026453744169922296
1 0.43756937835018517 0.14202579040763288 0.009865938829430473 0.017954952378236713
1 0.3962591802033211 0.07674523540384517 0.008079784860653904 0.021630824622856103
1 0.43304669431964093 0.07312957987953835 0.014640154418589369 0.016761232971821596
1 0.5472965703755291 0.49939509313698127 0.009298421300483556 0.024817649201520308
1 0.4691581346550414 0.4963948625628573 0.011818192781254903 0.019886403282303143
1 0.36255912322274875 0.06929278361616219 0.013253496014374897 0.016067851135734584
1 0.3223340672672238 0.06672547575021746 0.010011508025517707 0.0209698773555503
1 0.508195415045819 0.2833730256823364 0.00770011260099494 0.031186899439936577
1 0.4765679399492389 0.07151280501701951 0.012144578757587484 0.020839683246783914
1 0.03586099210110585 0.13248045414381476 0.012195867298578198 0.022181078305911026
1 0.778989580364061 0.7110678620636486 0.004496026887726058 0.016262048714853514
1 0.9340944252390886 0.08439046350108838 0.004437716637781664 0.010926251589733269
1 0.8824072855025858 0.16405600792569525 0.0067280542751224975 0.009380340438946979
1 0.9814322772043157 0.2161799572483985 0.003289300169578524 0.008210308884347308
1 0.9674784143093189 0.7106136041295043 0.005351077667896062 0.005553182021678161
1 0.9727593626506531 0.09696808597204065 0.018376062366105526 0.016907256015637858
1 0.07576876887115899 0.05815968797174329 0.006819189198404309 0.017243974473072358
1 0.025624012638230644 0.88933577087142 0.0033491311216429726 0.01413772090188912
1 0.16597463965664272 0.07343083485679472 0.006598722196591584 0.005608494712375892
1 0.18881852115925005 0.508358814234791 0.0052006878329069655 0.01175626776248029
1 0.3143458389107968 0.5064543589600459 0.010551957840406167 0.010466528043317472
1 0.3963194771052663 0.6478106349228501 0.006391471606188877 0.015467202552902452
1 0.633554283336208 0.2996001508147482 0.006023420152721115 0.0173204612734552
1 0.5514714941641272 0.3086300254420679 0.005694869962572676 0.007709717518062415
1 0.5894737994912947 0.0801372329718216 0.005147286312325302 0.017320461273455247
1 0.6967180573922422 0.8747133938915802 0.007939962928586853 0.00770971751806238
1 0.7351584296396076 0.9621077945244108 0.008706580038933378 0.009293906049170962
1 0.9252247146404702 0.8732348179292123 0.004544944297053248 0.005808691280731972
1 0.9337122612193043 0.8223295597962523 0.002902193346310982 0.012567895680129148
1 0.9344241199646259 0.5805295836646929 0.003778327186706867 0.005069403299547848
1 0.9706193992459772 0.16647550791724627 0.009144646959130961 0.01679239842975233
1 0.9763690275735746 0.28090672614766543 0.0036688104566573636 0.015419435036124795
1 0.9681826520023763 0.3122208527792476 0.007885204563562101 0.01869342466708281
