0 0.03589963609362874 0.05867248859079949 0.02844600000000001 0.052076000000000004
0 0.07494408940317933 0.0581273635089558 0.028252365568156326 0.053579992891690686
0 0.11416297027138662 0.057931770870560166 0.027780256584496933 0.053152844341322225
0 0.15243560721634775 0.05765672395214 0.02849684302190038 0.05351957356588245
0 0.19161217692493004 0.05704964552319882 0.028195381168440004 0.05358896899396086
0 0.03497743455793377 0.12982766421256114 0.029523810067676338 0.05602608325431507
0 0.07320674210923353 0.12975432572719964 0.029123000000000007 0.05471299999999999
0 0.1125991576168739 0.12742235684633035 0.029927670402603218 0.05406046324593871
0 0.15142426224362487 0.1293193179792211 0.029017475512750305 0.05638746861347931
0 0.19042946728816362 0.12896325713746754 0.03012313170359744 0.05471014966265495
0 0.03340681851237116 0.20212855057604592 0.030151575006467257 0.054337527483906425
0 0.0722359398439521 0.2022733029087986 0.030476999999999994 0.05603199999999999
0 0.11150708059871223 0.20101002930235265 0.030286838802575534 0.055460941395294706
0 0.15049262517090892 0.2004338496799829 0.029132341039992786 0.056325592885636384
0 0.1895705927249439 0.2006524120063022 0.030046631786490908 0.057312811375115395
1 0.021518610659323215 0.044451372913334085 0.009271888975341055 0.028686442917869523
1 0.06795897670488582 0.050566571571931805 0.01735459247348425 0.021124885871866995
1 0.14712041491609154 0.045552152974907466 0.01613870452315764 0.02258175366385415
1 0.030187417102766276 0.11918143949127424 0.012606653737388855 0.035965947437751555
1 0.06807560713531098 0.11815729217407878 0.006156976616514269 0.024230046985763355
1 0.1087223282439018 0.10504531867394379 0.011736954160616474 0.011047085061926797
1 0.1459693809888767 0.11435057274715944 0.007984891250594034 0.026725759411876326
1 0.1850631119156069 0.12094738576820144 0.01099535310405438 0.0309517715364029
1 0.03013505447809551 0.19326694828476157 0.01169649627824914 0.01595142738532147
1 0.06739836886264504 0.1925182974891425 0.009136472743590234 0.021849479671282285
1 0.10709895194392258 0.19490583635625175 0.015172101015115333 0.012123557405500742
1 0.14526290253435017 0.18543065673388204 0.007137117105162122 0.03602476118180326
0 0.032912769190662994 0.27447157173819564 0.02908865874594423 0.05514224260605122
0 0.071622 0.2738787761429804 0.030139000000000006 0.05603199999999999
0 0.11030759137144897 0.2739759309829351 0.029300817257102128 0.057084794892011986
0 0.14940885820730151 0.2739387017583749 0.03016750943996511 0.057193701055171645
0 0.1890716527794982 0.27381890215618443 0.030367511677382424 0.05768756029991116
0 0.031632047917960905 0.34758107729597704 0.028316961618674034 0.05558638695892544
0 0.07028715254471184 0.3470507388266773 0.028762315019684844 0.055992626918566914
0 0.10960188706235428 0.34716014498983705 0.029961745438857372 0.05621143924488625
0 0.14877793262550473 0.3462456034389574 0.02937664391272262 0.05639936687820829
0 0.1882023776431125 0.3462805511529966 0.029382538422772716 0.05720272075540719
0 0.029752901436364897 0.4203114584491204 0.029800000000000004 0.05734999999999993
0 0.06922175569021297 0.4212234528335792 0.029269040874252972 0.05581271898548032
0 0.10854707440784155 0.4204927758949797 0.02964186554796589 0.05691846968020298
0 0.14829450605275415 0.4200974293743691 0.02850398789449169 0.0563111412512618
0 0.18726700000000002 0.419908 0.029799999999999993 0.05537199999999992
1 0.05986227438021823 0.261752984029859 0.009702304108831597 0.031171984087618947
1 0.14301691070712844 0.26052449270965217 0.008049609923337654 0.018409703908783444
1 0.18281296506110806 0.2650886026491144 0.012481338740405433 0.023583923787707718
1 0.026444768817760114 0.34018953315644757 0.008432792217386248 0.024657867904133296
1 0.0629508770354233 0.33342707938014504 0.013886782798144502 0.020579772677847576
1 0.10103536972584398 0.3357454728191759 0.011097359560796475 0.023644299515550644
1 0.14266029059801988 0.3377906008503075 0.007726681741582407 0.03018919096553379
1 0.18167226533387937 0.34146194200337754 0.0072269680132459975 0.025046884006755147
1 0.023885100417787807 0.4151899194291309 0.010161032435603314 0.02868336967406018
1 0.0604515222809175 0.41059466068309736 0.013327861798213742 0.014769946018833325
1 0.10041114746218809 0.4165081694291309 0.01168642419721677 0.027330421960021018
1 0.14341284347074967 0.41089377599010013 0.006315773123393068 0.03232481202055883
1 0.18430953489744523 0.41215325988747825 0.011560535867675656 0.016786956753914586
0 0.029170731672535935 0.4948491045141617 0.029705536654928137 0.05710579097167656
0 0.06826293845383423 0.4942554510347723 0.030271517346871987 0.057568765523418844
0 0.10777307898970755 0.4944165287689908 0.030072014384372302 0.056974097930455284
0 0.14671822831641002 0.49396039874881154 0.028271543367179935 0.05624520250237688
0 0.18691622719770143 0.4932750629632821 0.029824545604597224 0.05615808321727889
0 0.02825773885436041 0.5697203292561448 0.028821522291279184 0.056855987610511596
0 0.06712503701746933 0.5692249385008842 0.029031882874114495 0.05769885222279168
0 0.1067995225260655 0.5693338446640439 0.030197238257032858 0.05791666454911099
0 0.14676067185276803 0.568198709276324 0.030240372985300076 0.05876359218243319
0 0.18633655520681686 0.568436526970184 0.029607172895530196 0.05777231067191211
0 0.026112014363648958 0.6435034115307002 0.030138999999999996 0.05734999999999993
0 0.0662066150265848 0.6440328482327776 0.02936157281956024 0.05842260651512805
0 0.10639605385332189 0.6437033482327776 0.02920190665700521 0.055746595780046745
0 0.14578400000000002 0.643375 0.02946200000000002 0.059327999999999936
0 0.18548565017953975 0.6426403897836572 0.02969510825910991 0.05747133573968825
1 0.024314666663212768 0.4881596200171813 0.013917559180993657 0.01788368774840167
1 0.06132520244458029 0.4796600154452597 0.004609914052892625 0.024981207829118852
1 0.10153710796215348 0.48088633313911955 0.01885421592430695 0.022161843216838683
1 0.14299023054346563 0.4924489330382233 0.00932753290517596 0.0201235738308443
1 0.17533016417028582 0.4925231414873436 0.014259342704220529 0.023275719953645406
1 0.022902983899591514 0.5577527817381223 0.01400920801740009 0.016954281965723624
1 0.06136867012637016 0.5575261074832931 0.011964551743659475 0.018874547373622756
1 0.09746308220771692 0.5617346316372259 0.008162841979138153 0.028427231069208157
1 0.13669345379807527 0.5649630036060943 0.015044696105231382 0.012802256517465927
1 0.1802002689247916 0.5566528440644416 0.011207129231393864 0.013653218944681621
1 0.014589004827014038 0.6368046633379877 0.008689235508596193 0.0293796081864965
1 0.06141161366272813 0.6300857692042342 0.011219284780052062 0.01641289228566737
1 0.09639092358952756 0.6413383744708784 0.011249130488218993 0.023429384329476804
1 0.13818974948898058 0.6339736552866767 0.010827542068908005 0.022572830654070772
1 0.17743671704301558 0.643198356379209 0.008633280049707807 0.021359702023336802
0 0.025522891281679082 0.7189567445458194 0.030228217436641835 0.058461510908360714
0 0.06586500000000002 0.7198419999999999 0.029462 0.0580089999999999
0 0.10524781821697085 0.71864699991336 0.029637152075139197 0.056558469357481204
0 0.14544166207098505 0.71958965876029 0.030239872985300047 0.05807705782678091
0 0.18490531005455427 0.71927468230614 0.029123000000000007 0.05669099999999996
0 0.025350010399833832 0.7952381515939427 0.02865789301843862 0.05883169681211447
0 0.06431361242662632 0.7954324096452535 0.029720241219532532 0.056103014505974574
0 0.10426442755334264 0.7950287011961332 0.029083327656935935 0.05841279601649542
0 0.14486766925280956 0.795321221971573 0.029186084476219235 0.0577142852814143
0 0.18460163581589079 0.7941574692878025 0.028774853677243896 0.057770519873515024
0 0.024043 0.8698811769385993 0.029123000000000007 0.05669099999999996
0 0.06402062010910854 0.8700118699798208 0.030477 0.0580089999999999
0 0.10404705484427566 0.8698257174889956 0.03109770754782741 0.05801457575708946
0 0.1438974936710128 0.8706138790196961 0.030542632767083012 0.05720715885884879
0 0.18421941813410095 0.8695418086420659 0.029800163731798175 0.055613111940428395
1 0.0151421882086862 0.7142968471371741 0.00909002278157523 0.020903565799932727
1 0.05822231797182281 0.7088228431505982 0.015431342234647864 0.013698477157353301
1 0.09639067358952753 0.7054987258545476 0.011626418997299843 0.021630264035414914
1 0.17361234074303636 0.7218262741624132 0.01392710446791102 0.021430703793263856
1 0.018325363172432083 0.7857422274342338 0.006962543581242905 0.03093889184742588
1 0.059969428299148406 0.7806688017899596 0.006567885325594723 0.010280488272916128
1 0.09714763148953448 0.7892476778320435 0.010206700324556194 0.020810792643044973
1 0.1367395282162785 0.7905595974140546 0.011090465050746364 0.026621725643907537
1 0.1773696416338586 0.784554406361881 0.017998749340502336 0.013144426641319507
1 0.057084267086520965 0.867599017211983 0.01158463073268793 0.011166532931815364
1 0.09558118795317651 0.8625757457161441 0.012680207506380674 0.012044845309487295
1 0.13701771457081197 0.8678735641047268 0.01241803488708358 0.01978566976033321
1 0.17883000555209644 0.8623333791148164 0.007259659940599253 0.02719874749455178
0 0.022826082218078598 0.9456401010779087 0.029544455672951345 0.05726735013014304
0 0.06292547894482262 0.9465571741393093 0.030429267964922867 0.05946822547750449
0 0.10286111292728407 0.9466072815105209 0.03183200000000001 0.05734999999999993
0 0.14346479654374256 0.9467055910375503 0.030619209785244652 0.05793141315118521
0 0.1837472402182171 0.9469545053675406 0.02946199999999998 0.0580089999999999
1 0.015128531572404385 0.9346357177743569 0.015711134963053534 0.01645023713995224
1 0.054401905144670304 0.9376065307953989 0.008565810289340607 0.024627686243436576
1 0.0926222059077377 0.9392611112133876 0.016054849160962618 0.017651233161856877
1 0.13281815649816528 0.9470996983883624 0.008759918741790128 0.022327530774999646
1 0.17331265339754912 0.9366785642949674 0.018388561376964156 0.017865482467134056
0 0.23026391580001387 0.05714713002017927 0.028784000000000035 0.053394999999999984
0 0.26885401247841123 0.056335942441618984 0.028949340570420146 0.05307838589220177
0 0.308213547268825 0.05593223399249856 0.02939059738970345 0.054654708953602346
0 0.3461781868137445 0.05578609860477866 0.02902020339067267 0.05454580279044268
0 0.3855816892859481 0.05627287743152935 0.02907840993718471 0.05405244354570316
0 0.22971861216075493 0.12780630992791017 0.029427338333002838 0.056111921695059144
0 0.26813279479662133 0.12787190644852084 0.029673439134055266 0.055326291674879846
0 0.307484 0.12788399999999997 0.029799999999999976 0.056691
0 0.3461915071818245 0.12738885924473947 0.02912299999999997 0.05603199999999999
0 0.38522039425454047 0.12779231769385993 0.029800000000000052 0.054053999999999984
1 0.22517823273943616 0.0529923729489522 0.015730920254125005 0.02017010735081226
1 0.26686508912367 0.04473790565867777 0.005171586865529374 0.024576977520873757
1 0.3006428030867928 0.05215074750647047 0.013633240646342979 0.02588737970593817
1 0.3439720823043867 0.053689591343310805 0.015048996208801103 0.02427660893049839
1 0.37825167554035 0.04995012215910914 0.006587576935268158 0.024787692032257495
1 0.22338825245148025 0.12425402920723225 0.009796970975745617 0.028555870740783865
1 0.2608389628236908 0.12480867195154038 0.014021137138300695 0.012777416269758656
1 0.29853810695047633 0.12524302920723226 0.01087204550098034 0.021627026209220853
1 0.34134024191352985 0.12146658079847038 0.012494315427087375 0.01359393098293514
1 0.3771740877494517 0.1213574246353107 0.007235598480741587 0.025547578495181595
0 0.22866770453351934 0.2007919669760333 0.030622422532989007 0.05539154596721624
0 0.26795007971478996 0.20000380544533303 0.030344177370364798 0.0563823274777372
0 0.3065906951142776 0.1998384146900725 0.029253398280525613 0.054951358293535535
0 0.34604154615011634 0.1994255943124423 0.02940630195430787 0.05540926982423591
0 0.38515755221323217 0.20002127930235267 0.030208275464427156 0.05531708751809583
0 0.2281788487880598 0.27368341020749537 0.02964471104206987 0.05594965950429211
0 0.26734660844208785 0.2725746106053049 0.029890811843122256 0.057032623320953144
0 0.306265660196109 0.27199843098293514 0.029451102589620325 0.05606362868849378
0 0.34576335979558287 0.27232589947241415 0.03016868902702379 0.05653520105517165
0 0.385371 0.27224799999999993 0.029800000000000052 0.05669100000000003
0 0.227565 0.346737 0.029799999999999976 0.05669099999999996
0 0.26679641490572986 0.346876486142907 0.030109184552189226 0.057294403061547254
0 0.3060169522961021 0.34599892381658764 0.029424672425957584 0.056272736858029034
0 0.3455423562046706 0.3462803011529967 0.029726681845199283 0.05665212691856689
0 0.38487986585869866 0.34529130115299667 0.030877465409872944 0.056874502265928176
1 0.2240903258787297 0.1927452217439716 0.0109361465575424 0.016628151242341148
1 0.2577967004419494 0.19878739202070556 0.00814262673846681 0.028014481060727556
1 0.30057808441404915 0.20029355554045342 0.01508143777361318 0.017117475693186997
1 0.3394562993681257 0.1893314536523022 0.009762598736251342 0.027856438120402643
1 0.37920500515847017 0.19605008367248145 0.012310885007914912 0.010568521222161821
1 0.21913694078792129 0.26420039688376423 0.008503093066761768 0.024810241481567734
1 0.2612149771873397 0.2632638184548231 0.009689617574734844 0.02026563690964613
1 0.30237747247771884 0.27349297600742806 0.00649021390095269 0.027312013646452877
1 0.33902903141356444 0.27152180642541685 0.01240688006350769 0.025936779054352037
1 0.3838248778675373 0.2718513064254169 0.009099755735074305 0.026744695952592903
1 0.22070440846971118 0.34327178385117024 0.008382465775828725 0.03829674464093995
1 0.2558493133692334 0.3477728146669686 0.01034185259303494 0.019759723170777604
1 0.3023080987776981 0.34049066586039717 0.010867832028153637 0.020938404087472214
1 0.34266443086802184 0.3417438193397865 0.017475904826990463 0.017882003291853212
1 0.3750356996857819 0.3364566443902347 0.015657048207970304 0.015070736494508687
0 0.2269364160244385 0.42021772897655957 0.029985759332933612 0.05710183429248312
0 0.2662353871693858 0.41978540323138874 0.02955231184312227 0.0562371828021414
0 0.30508529569090537 0.4203114584491204 0.030815999999999996 0.05603199999999999
0 0.3451888669774073 0.4189886297721786 0.030244266045185493 0.057210740455642735
0 0.38451731657688115 0.41915477052743916 0.030340761100778182 0.05534264661880244
0 0.2265743667426209 0.49387985988170224 0.029921040660189992 0.05700094782955897
0 0.2658878271148315 0.4932380837387219 0.02979916300671583 0.05626748938043848
0 0.3056870123506563 0.4928166514325818 0.029706763807768117 0.055791353992718604
0 0.3454472402182171 0.4933712707754397 0.029800000000000014 0.05669099999999996
0 0.38470155580414434 0.4931266460650412 0.029673071155332475 0.05751153093131802
0 0.2258870325426348 0.5683276208070243 0.029959329169270868 0.05883805063155356
0 0.26511698563635105 0.5674785992043808 0.030139000000000027 0.05734999999999993
0 0.3052439810234 0.5662470450618534 0.029951066680497955 0.058710920611374375
0 0.34492101482286 0.5680525738886042 0.02980275886336097 0.057921227570153076
0 0.384851661549604 0.5673016415824641 0.03044426828260267 0.056602727570153014
1 0.22293743521510154 0.4073358899076575 0.014654884793851911 0.024588050590754872
1 0.25755655259649674 0.41759746366378075 0.009753287956614632 0.024235010429320764
1 0.2949239000414232 0.4196491721129012 0.009905309246578408 0.02123178120476055
1 0.33844935942267995 0.41573115133746147 0.009609944699927972 0.033651938062642855
1 0.37752674438573347 0.4168900910001897 0.016703574953360646 0.016114795917937026
1 0.22047146394239941 0.48648325272113074 0.014782773848475409 0.014268567073858273
1 0.25704101668737434 0.4945923237934837 0.015305821883829444 0.019320719953645416
1 0.29820606026861723 0.48195612200622884 0.016340192355479292 0.01305441021597597
1 0.33663293384088316 0.4890612507320831 0.00872133375455146 0.023231646197522247
1 0.37951555084937555 0.48050441156806073 0.014044721807859461 0.028426624727359743
1 0.22046426062425853 0.5608178085758253 0.009051155721274486 0.030077512579729133
1 0.26104650133277163 0.5656503709021447 0.015301608411002738 0.01417799110956674
1 0.29866618755955027 0.569592710066167 0.013347600973668555 0.02316285711129227
1 0.3393250878772065 0.5640244077802063 0.009271444699928025 0.029715346376210858
1 0.3790950446585048 0.5585629801468842 0.007067372626173519 0.02633576188500645
0 0.22536400000000004 0.6427159999999998 0.030139000000000027 0.05669099999999996
0 0.2650503871693857 0.6425856867020774 0.030008225661228495 0.05571164806600775
0 0.30534283317794736 0.6421994521099764 0.030337165244133078 0.05658946039232691
0 0.3448314727228669 0.642081184018307 0.030377251681536547 0.0569030180458284
0 0.3849029151405162 0.6427779132428673 0.030169986955346357 0.05536264269846699
0 0.22490779690628376 0.7187209583624807 0.02969640618743251 0.05542283396976131
0 0.26483378860575063 0.71846313530108 0.02995181704303916 0.05655746935748126
0 0.30492903030521756 0.7177210649234498 0.03016893938956497 0.05690697472502192
0 0.34481800764103554 0.7177408202909903 0.029596744499712054 0.055112839337301954
0 0.3848796158586986 0.7172629033927495 0.029558205628089917 0.055440557826780985
1 0.21891721134244096 0.6399436345112369 0.012145254284909562 0.014850258287392816
1 0.2576957415509887 0.6431087055835899 0.016162906083815657 0.020255451328614144
1 0.2994327296595433 0.6408315902765871 0.011249334010061231 0.01545808671633404
1 0.33990035484081393 0.6393497310318477 0.012830767136223626 0.017871711368972674
1 0.38298743792209144 0.636597494450699 0.009361678716912649 0.031077498247034388
1 0.21878835658793516 0.7050271534878699 0.007975698812221267 0.033391920893297226
1 0.2578204997237669 0.7197834276418027 0.0048923258476446276 0.024599573773084537
1 0.29391025677783655 0.7111171823146205 0.0064691623920794935 0.02891317695556067
1 0.33805808168633583 0.7132238438453208 0.006153629445456792 0.02524994773100054
1 0.3830601340584079 0.7109490100488391 0.015715888225924235 0.017697550913476526
0 0.22441449281817555 0.7937809061631595 0.029799999999999976 0.0580089999999999
0 0.26435839794212246 0.793948018889993 0.030037204115755074 0.05570133756737514
0 0.3042755795870351 0.7934637715737634 0.03018079773498303 0.05583303060859627
0 0.3443018028727298 0.7923357761429803 0.031155000000000006 0.0580089999999999
0 0.3844557287859828 0.7930228339000827 0.029840797009900673 0.05568461371035542
0 0.2244044519335609 0.8700924024789062 0.02916070187833784 0.05616420577726892
0 0.26421685225121716 0.869203696713556 0.030036704115755125 0.05640380498164994
0 0.30432140400523827 0.8696598267337352 0.03008405231684901 0.05621587734832779
0 0.3444738284683264 0.8691297382644355 0.030321343063347047 0.05607252347112884
0 0.38458380939505665 0.8685249413460153 0.029343381209886766 0.0559631173079691
0 0.2240186033699258 0.94709840604764 0.02876579326014848 0.05743349088540355
0 0.26387419722394 0.9460899006800993 0.02963398544301147 0.05706676166084327
0 0.30384311292728405 0.9456159999999999 0.030139000000000027 0.05734999999999993
0 0.3441889856363511 0.9451975992043808 0.029800000000000014 0.05603199999999999
0 0.38444666873142835 0.9451733276186988 0.030105268282602696 0.05706726166084332
1 0.21562413432427924 0.7910220578522227 0.015622903121315966 0.011761094234282985
1 0.26084802287824504 0.7835261456267998 0.010800314702005001 0.009700009743078714
1 0.297380561259571 0.7888437193829229 0.012433559864629318 0.02106861570444556
1 0.3377392500863081 0.7901536074544132 0.011689543263563073 0.012581171968501568
1 0.37737926952211914 0.7893391101381835 0.014455202244293672 0.024478584888647258
1 0.22007450703334624 0.8648480621156792 0.00860610024858619 0.0366551858629551
1 0.2585280023237254 0.8632828683797353 0.011672470720235922 0.014481256840187657
1 0.29909863468682046 0.8681010024731302 0.01050456704645374 0.03730052502697751
1 0.33635474748634964 0.8702593355748891 0.00814734093637599 0.02674946200593544
1 0.37645414421309376 0.8695782986968278 0.00801610566256612 0.015826106739291135
1 0.21563582526067876 0.9404985723462784 0.010983862012276703 0.01682659240659644
1 0.25586795762377385 0.9348102204581272 0.010775549720305127 0.017934877895212597
1 0.29893844474137476 0.9397673954076791 0.011013341191885679 0.021039415467996793
1 0.33948552782265223 0.9415420254278583 0.011776478627142806 0.009055383262753387
1 0.3769851109039298 0.9327212827844465 0.017033264898806355 0.013861345689968923
0 0.424992 0.055372 0.029123000000000007 0.054053999999999984
0 0.46366850069399734 0.05529273936003916 0.029544181375626633 0.054292542750084105
0 0.5021960247116745 0.0553560543701288 0.029451782176678997 0.05276889125974239
0 0.5412933865202497 0.05598010665608957 0.029557087286825923 0.05365026660710373
0 0.5799870296560816 0.05641876281924925 0.029043349306026187 0.053427391259742385
0 0.42452742120363207 0.12678083070334997 0.03048180642914238 0.05607797398101995
0 0.46407789853945003 0.12757963567308106 0.029703597175640542 0.0547417501240003
0 0.5027656125025727 0.12802715376475052 0.030025774994854506 0.05508669247049894
0 0.541515164256594 0.127817203366941 0.02952965712316324 0.05576697934856055
0 0.5804476810924465 0.12920154988755161 0.029399469415134754 0.05376819247049891
0 0.42436825540361817 0.1996370762207728 0.029975080574574212 0.055098775191776465
0 0.46388925428490957 0.1995170266185823 0.02989149143018089 0.05559213443651593
0 0.5031323168116675 0.2001043496799829 0.02991140946761213 0.054933134436515964
0 0.5415376893929796 0.1999951935168232 0.02938631314139417 0.05489818672247678
0 0.5811394203197098 0.20035127930235264 0.029840976596959314 0.05414344139529471
1 0.4214031447033897 0.058681714006901836 0.007511178461402952 0.02602769878924345
1 0.4971386003659794 0.054442805159971866 0.013914652441094995 0.03138831807434151
1 0.5338347095745963 0.05802904442489064 0.012771630640111888 0.01669789044101938
1 0.5711480051377468 0.05119213219946769 0.009546461984629844 0.013135441337534824
1 0.4209916401215237 0.12261032811470003 0.019355251515749537 0.014056905534677465
1 0.45672688380289816 0.1231649849725824 0.010714248042230414 0.027983490025881907
1 0.49894807262963525 0.1193624507782911 0.007752385477487594 0.02843733853554018
1 0.5401379396381276 0.12080733079847038 0.014012148221770148 0.020046640126778276
1 0.5757238517194744 0.11638049431821827 0.013393972384463704 0.014231144104873573
1 0.41830236696704565 0.1906869328768624 0.012017185643227384 0.02881277191688447
1 0.45599220103927696 0.19759957094835257 0.01105324804223039 0.010953474303741639
1 0.4997955967750672 0.19587989400975314 0.008412265368378968 0.02044386038618423
1 0.5422447425108574 0.190985784070291 0.011776682148985026 0.01611300511953998
1 0.5773904215558116 0.20149403744878394 0.014959083329840235 0.01306623036600493
0 0.4244477133036252 0.27218837601320406 0.03088757339274982 0.056810247973591826
0 0.46393500000000004 0.2728153176938599 0.029800000000000052 0.05669100000000003
0 0.5029250985636352 0.2708750469184202 0.029800000000000052 0.054713000000000026
0 0.541854164256594 0.27158357909478387 0.029736671486812215 0.05670084181043216
0 0.5812103181651624 0.27203337869697436 0.029794378033324076 0.05558343027973183
0 0.4238347043090947 0.3448861300201792 0.029800000000000052 0.05537200000000003
0 0.46412499710308514 0.3447875484692263 0.02942100579382979 0.055316903061547185
0 0.5037681474207414 0.34397305115299665 0.030335296540327912 0.054971460715048596
0 0.5423766534838572 0.34480705383676696 0.02946289015955585 0.05443909073522795
0 0.5814649552378783 0.34419161347931604 0.029079089524243384 0.05650877304136799
0 0.4244175071818245 0.4196329530815798 0.030476999999999945 0.05669099999999996
0 0.46338125428490967 0.4187705674458593 0.029817462702883046 0.05549106351704329
0 0.503499795266194 0.41923734090506937 0.02998698648577368 0.05550778737406287
0 0.5428093506111275 0.4182574528335792 0.029857298777745143 0.05501492812932349
0 0.5820902016469661 0.4176703797721786 0.029858596706067785 0.05567442812932343
1 0.41360802397623037 0.2659226053328847 0.009819624970622238 0.023016106093847844
1 0.4581711759028913 0.27198679837410594 0.01036898627853989 0.020055950625410806
1 0.4988730197569055 0.27413247063988744 0.008185082604757688 0.025116201320133518
1 0.5357766674746034 0.26316605573069424 0.007851546440125578 0.027612382236828208
1 0.5712699065741117 0.2711175979762964 0.010150433257331946 0.023994726768391237
1 0.4210506796215583 0.33931626973759604 0.010853628188631552 0.018886445638351734
1 0.45689740794833006 0.3434571658603971 0.013858493460364352 0.013538487189231419
1 0.49977019075683626 0.3446376424011871 0.01741180449551089 0.01502819096553387
1 0.535731867201832 0.3436402804726773 0.013687171749151052 0.012438799515550691
1 0.5769598311649548 0.3370047208301282 0.006965734148154043 0.034694784802374215
1 0.41604393420342434 0.41131925720370793 0.013613940225093414 0.01735477444777446
1 0.4616249428664987 0.41747108364360147 0.006475760423971796 0.023754312020558804
1 0.4988036460568847 0.4195136801642121 0.010396166804743992 0.02718706808282208
1 0.5394871198017904 0.41601252867387034 0.012205282694527657 0.02520450506178014
1 0.5805326186830818 0.4173224167453605 0.008486294820759296 0.023684916592480412
0 0.4244342482217937 0.4932292218102121 0.029730277701844388 0.0564331301356991
0 0.4637717578758218 0.493137539504072 0.02993908999381595 0.054782848625177974
0 0.5038199010116536 0.49232101067732137 0.029685226703990753 0.05645035399271865
0 0.5425603927111204 0.4918912164426715 0.029170988723190912 0.055590765523418836
0 0.582035112927284 0.4910964369789579 0.029123000000000007 0.05669099999999996
0 0.42454656545817243 0.5671094150416742 0.029766517920061457 0.05585154526401307
0 0.46434221730569036 0.5674546362342348 0.028783999999999955 0.05603199999999999
0 0.5037713244182033 0.5665617761429803 0.030476999999999945 0.05734999999999993
0 0.5435174243491097 0.5666883342516843 0.029672095090116035 0.05574284213315391
0 0.5828013351287697 0.5660206208070243 0.029020132615190094 0.054774144468393876
0 0.42438274463088144 0.6428495901814668 0.029438876265479398 0.05660618424934671
0 0.46451475069399734 0.6420267309367272 0.030294710102924494 0.0553271949844278
0 0.5041731402389168 0.6411643609569064 0.030109113776706612 0.05561946575986748
0 0.544023829065654 0.6412362878955059 0.029271947614151642 0.05704687192302717
0 0.5836545305192805 0.6402779616458532 0.029559638056722688 0.05708892329170648
1 0.4220031301705392 0.488758374032637 0.008760332836129566 0.009534959838565879
1 0.4564960460119998 0.4910562245891028 0.01127012075129735 0.021808803055404495
1 0.5005447687659518 0.4885114068952428 0.012471551895552196 0.023781240034362473
1 0.5386318097472361 0.48615603423165177 0.013821705676365965 0.021340765482620226
1 0.5770842808921833 0.49545038075226244 0.01246285945717965 0.009719927708043204
1 0.41849286795799934 0.5610100351166153 0.005042384752405201 0.026025767252547093
1 0.4587699921483162 0.5674819855144247 0.012091464733066522 0.013081866456928073
1 0.4985880716386815 0.5622515451569738 0.014689397859228926 0.01510797500694489
1 0.5406299262654325 0.5636640089736349 0.00831831860364996 0.019067538027986813
1 0.5797878517194743 0.5633193166271363 0.006490535038976404 0.028925153334989667
1 0.4208814296215584 0.6368920326230857 0.014300633388548546 0.014352336021611458
1 0.456971436675628 0.6404957598585983 0.01239167622398559 0.022730873594395684
1 0.49988353213864695 0.6302693838165143 0.017844501622780905 0.015128839999706553
1 0.5404774637835594 0.6377105929603574 0.017854562039876412 0.023166998247034207
1 0.5810256294558185 0.632314261847646 0.00731187902074542 0.02369124218477097
0 0.4249378431945166 0.7174632418620494 0.03007808775639875 0.05712478705134116
0 0.464712455003092 0.717188694943629 0.03021913308476287 0.056392328602220536
0 0.5042243938298292 0.716199944943629 0.03049421234034172 0.056065110112741706
0 0.5444138326565663 0.7158441091580996 0.03042874330505697 0.05645362621536347
0 0.58364808512877 0.7144688745659988 0.030242646978839216 0.05608689699080334
0 0.42450955109452354 0.7920885369816624 0.030257671956384888 0.05583303060859627
0 0.4647507435121728 0.7920338339000828 0.03029571010292447 0.054990165996316405
0 0.5046367186727436 0.7909065884692995 0.030476999999999945 0.05734999999999993
0 0.544494814702005 0.7910053231650014 0.030119721759583513 0.05678380138403602
0 0.5843263592742017 0.7908247400632423 0.029526858469758263 0.055322447506837145
1 0.4199596267488286 0.7096852131304189 0.011811171279578463 0.020408509362597204
1 0.46227188182099066 0.7129356219773488 0.014036412478387585 0.012257410158216055
1 0.5007199479386607 0.7102791166098081 0.012968967695566179 0.011519388688053779
1 0.5390050258200214 0.7160857507032032 0.0063872774946106495 0.03364520916080427
1 0.576380933319502 0.7212503445400436 0.010666852275355201 0.025883126059045383
1 0.41805806409431584 0.7914609640153824 0.01222320000687638 0.010699917295683687
1 0.4579413622574247 0.7910136959237128 0.01214737335125587 0.011594453479022567
1 0.4982953960568847 0.7858749378724019 0.013673397859228983 0.01710448966236148
1 0.5383427650472846 0.7871805270364245 0.007335010531003351 0.02971257415356586
1 0.5804236823285484 0.7919783916487044 0.0071970134935030175 0.024700960236008655
0 0.4246226424763342 0.8683436082442563 0.02954188344730409 0.05523372187989064
0 0.4646710356121659 0.8681321263359256 0.029382717284748835 0.055360851900070056
0 0.5046249816207274 0.8679290063561049 0.02950564250400446 0.05715498728778987
0 0.5444992197292822 0.8659598682846149 0.029186560541435726 0.054500263430770225
0 0.5843222042469246 0.8652091859784746 0.029801139797014656 0.055015909553571406
0 0.4245846039672532 0.9440837833840487 0.029277412174601832 0.05507153780382364
0 0.46447823633034846 0.9437545333840489 0.02927971010292453 0.05734687160030569
0 0.5047471330570924 0.9437170541594886 0.030126733885815233 0.05507153780382379
0 0.5448423747565593 0.9421128638020375 0.03006126485053033 0.05571381394680404
0 0.5847210178923911 0.9404732257305473 0.029845190069785983 0.05371809008978436
1 0.4199060748670525 0.8655640325942058 0.007867798570511548 0.015053137555089564
1 0.4597420244665264 0.8711019501871693 0.008828640314863311 0.027631337353296707
1 0.5005201953387023 0.8607489441249061 0.007434053877459877 0.02908406518841162
1 0.5418343205199728 0.8589525272266652 0.0066631071127308235 0.027542689841050336
1 0.5783448337649132 0.8595654360735951 0.010789527857151862 0.02466659063666939
1 0.45857023954835774 0.9260918035598864 0.00834629633309419 0.03133769022153187
1 0.49472260853875766 0.9311211554480375 0.010645683150300511 0.02494627869083174
1 0.5392461978109059 0.9370612499796006 0.007600481803705431 0.031952644692556986
1 0.5806705334921419 0.94349572115285 0.013485504329770892 0.018166879284658058
0 0.6184041405289262 0.05670550634762446 0.028824320944684085 0.054000878316492806
0 0.6568681726641585 0.05747335933985989 0.029075923617198064 0.05388630279044267
0 0.6946490729818147 0.058149833196879504 0.02796126265455978 0.0535889689939609
0 0.7322736883813022 0.05937918240126044 0.02832377727371843 0.05219701054484043
0 0.7699698028727298 0.05908740079561906 0.028446000000000114 0.05405400000000002
0 0.6188342956909053 0.1282530107350812 0.029123000000000007 0.05339500000000001
0 0.6573254432186781 0.12953333139807263 0.029519479089886277 0.0538816616547006
0 0.695225 0.1290586461228011 0.02912299999999993 0.052736000000000005
0 0.7333044276085658 0.12968629720378133 0.028312918928300543 0.05290404098015721
0 0.7715594444444182 0.1304650968059718 0.028240688129325214 0.05207790022489668
0 0.6196257749464608 0.20046904739402208 0.0293836472343488 0.05621262370143473
0 0.6581530489641377 0.20100166737384287 0.029384945162671518 0.05379393602775404
0 0.69641 0.200725 0.02946199999999998 0.05339500000000001
0 0.7347678639630993 0.20083780812910335 0.028602272073801643 0.05254939447687453
0 0.7724012894171413 0.20168017274138345 0.028982406802068917 0.052767206803193877
1 0.6152629707098742 0.044967111424027914 0.011368984510695387 0.027969222848055822
1 0.6569114408638678 0.05292118518015114 0.010777121945952445 0.030214171951540397
1 0.6941817928906602 0.05891116977225198 0.008203023126807618 0.02428523497258241
1 0.7260745401629469 0.05409329979243125 0.010261320544110752 0.027503213502419938
1 0.7608778967716054 0.058336771660403235 0.0064983992886702684 0.032768615687484355
1 0.612919400873537 0.1288229380541622 0.011440464947129548 0.017584406924122803
1 0.650679882791221 0.12765513646292412 0.011653991437010139 0.03183870990480626
1 0.6919618986361198 0.12375407543092977 0.011889234617726969 0.011219317065377724
1 0.7327869180719307 0.12609653725854317 0.012379090725727529 0.029454969945164826
1 0.7703434923623792 0.1309007322888121 0.007348604833866852 0.01581255841446452
1 0.6135272771735163 0.18729443754968034 0.015028765837951727 0.02037849975199934
1 0.6539643997548285 0.2012319154799156 0.006686308673388919 0.02459235104054833
1 0.6932850634451799 0.19655636786677275 0.013293381472225729 0.01597371426338311
1 0.7310502003901411 0.19638161518300243 0.012178838125769134 0.015039667344962891
1 0.7681220739624068 0.1972639905303638 0.006893191015760463 0.02372669955020655
0 0.6205366057454595 0.272907 0.029800000000000052 0.055372
0 0.6588605626545128 0.2727041300201793 0.029123000000000007 0.05471299999999995
0 0.697088 0.27191799999999994 0.028107000000000066 0.05471299999999995
0 0.7357400985636351 0.2738433284289411 0.0294619999999999 0.05339500000000001
0 0.7738554928181757 0.27274314075526046 0.02878400000000011 0.05471299999999995
0 0.6212390670464538 0.3450993246122067 0.029784317616228722 0.05484026767382737
0 0.6596457137731978 0.345274327295977 0.03001534659903625 0.05519027304136793
0 0.697590434918145 0.34474145731615624 0.028663144527358592 0.05540808536768728
0 0.7364385888267135 0.3450993246122067 0.029212005110194117 0.05575709073522785
0 0.7753517114080256 0.3448701188468566 0.02979660591124645 0.055298679204527725
0 0.621571 0.418919 0.03013899999999995 0.05603199999999999
0 0.6599179709550224 0.41911071088489005 0.029617889689983093 0.05378761043546345
0 0.6981510985636352 0.4172514946324595 0.02946199999999998 0.05734999999999993
0 0.7375674302085241 0.4173950828537584 0.029303153946600557 0.05512383429248311
0 0.7751263027898363 0.41713979130287876 0.029157394420327255 0.05553007425212447
1 0.6159795333643869 0.27418489221094633 0.015210898328801625 0.0184102321359318
1 0.6559653145638885 0.27480894449690707 0.005792984255185637 0.021746242871013063
1 0.6938593062633555 0.2692358291899043 0.015441795290332107 0.011255449235965446
1 0.7320602712174321 0.27263060602760736 0.007238585525810518 0.02922011821837437
1 0.7689170703714948 0.2683699103026157 0.0060567752157466605 0.024539257584189556
1 0.6157430716835428 0.337390886595405 0.010408782563358199 0.016686179717490136
1 0.6555939552275167 0.33363677977795453 0.009926799509656813 0.019793642657668416
1 0.70057794593603 0.34951909150467164 0.009351891872059565 0.03240325537602121
1 0.734495931444626 0.3464454527384588 0.0147070887438202 0.01691350865939382
1 0.7689877182169472 0.34667465850380885 0.006669056543003201 0.022139400109376966
1 0.614867287946253 0.40812861445939985 0.010276407492533689 0.03437120744863728
1 0.6572801934638263 0.424693466347551 0.015691444382248156 0.01389366191966255
1 0.6964700097541124 0.41866725098856444 0.014365061908706891 0.021178612718352863
1 0.7379766285718962 0.4212100528278031 0.006897920343847715 0.032229094920525184
1 0.7719445935259727 0.41635950253089005 0.011116989924675429 0.022676911224939682
0 0.6213808627373592 0.49121221107513086 0.02978531761622878 0.056249765523418885
0 0.6602895913818106 0.49141505765350135 0.029800000000000052 0.05537199999999992
0 0.6989500000000001 0.490112 0.02912299999999993 0.05734999999999993
0 0.7374600179994227 0.4900203410953101 0.02946511803747807 0.05661649474797909
0 0.7761725553897947 0.48961005222820086 0.02842398580213799 0.055612552401480546
0 0.6218277990918927 0.5649401885008842 0.029454627670782933 0.05609720748943602
0 0.6613208436640893 0.5654877508272036 0.029974509799091612 0.056092144468393966
0 0.6993227475726579 0.5643440035109739 0.02835988474557597 0.05582166057101576
0 0.7385704651266928 0.5643700892965032 0.029802069746614545 0.05477364446839398
0 0.7775128161625315 0.5645904331333436 0.029220564802207364 0.055397696754354804
0 0.6228070347282437 0.6398461109569066 0.029717550652621334 0.05646689339318965
0 0.6612918652095627 0.6383878059871754 0.029633961508227932 0.05593402341336892
0 0.7009230745908195 0.6380869232832258 0.02958239910922478 0.05606571645459027
0 0.7394417885539423 0.637794652507786 0.02862460565573696 0.05438098723002997
0 0.7776275913818106 0.6372963646122801 0.0294619999999999 0.05339500000000001
1 0.6198675216006966 0.4841562473535902 0.014311312146907791 0.0185558485843793
1 0.6567968253366252 0.4923509203140944 0.006861679400548315 0.030037923729947926
1 0.7031833561632238 0.4941863338338423 0.01497374105374541 0.012248021544883563
1 0.732462907299194 0.4853676227009515 0.01585302608930733 0.022550859319460645
1 0.774505011925945 0.5036275798557469 0.009010461197377213 0.022337138241331676
1 0.6186843783371099 0.5610513132486432 0.009518617001545297 0.015858157313084955
1 0.6595420071092928 0.5662574493310858 0.010225845818613077 0.02323225253937066
1 0.6985741502451245 0.5579756570854836 0.009403203908521422 0.024759938823605922
1 0.7394229689627531 0.5584824412797749 0.011823601125561495 0.03236450721218863
1 0.7778935602168089 0.5679535719946769 0.007414206615511363 0.025157580968311773
1 0.6158494044644494 0.6368765902765872 0.006145640528926222 0.022267899042653246
1 0.6557945404184566 0.6421746586651698 0.006793912436940946 0.0290914004320987
1 0.6980170033906256 0.6384524133379877 0.004488881472225866 0.023517003614574844
1 0.7377491132172935 0.6322775326230857 0.015265509743750664 0.02046413761284944
1 0.7754234339168296 0.637828111052027 0.010187925288254952 0.01834784675669255
0 0.6233577282646016 0.7145342210866095 0.029500177943554265 0.054750673133783824
0 0.6620767885090808 0.7137828699798204 0.029123000000000007 0.05669099999999996
0 0.7013940602271707 0.7125369657190688 0.029299807727414338 0.054973548481144975
0 0.7402711846626354 0.7120980844996849 0.029814369325270592 0.0570231689993702
0 0.7790422453352405 0.7104546084633769 0.028982523693167964 0.05520958466448393
0 0.6237534110282229 0.789331487379472 0.029537966452635116 0.055086411323498334
0 0.6632433942545405 0.788821963816661 0.029800000000000052 0.05669099999999996
0 0.7024512296180966 0.7873952655115 0.029718598218402757 0.05653154134367739
0 0.7414389158000139 0.7856348699798207 0.0297999999999999 0.05537199999999992
0 0.7800212309715915 0.7851883097461498 0.029527538056816936 0.05651838050770002
1 0.6197935481561618 0.7114546956468324 0.010785571072439024 0.02017010735081231
1 0.6575901454733335 0.7094376849117511 0.006405404654374241 0.024570858045534813
1 0.6948165993543023 0.7140945757536513 0.005520453290470237 0.025158765424860518
1 0.7356553338719447 0.7151666461312816 0.005511893598457298 0.027965469201162774
1 0.7776399472895248 0.7132585415593602 0.010087966397294201 0.018029332423997665
1 0.6205802618189136 0.7895424801180043 0.0074223983288016285 0.026272220276367025
1 0.6587911588460287 0.7870467570593083 0.008995825654305052 0.013844028227148314
1 0.6980340409087527 0.7949757904552759 0.014628096181154213 0.024390465603549245
1 0.7368012127718824 0.7853271255460829 0.012168862889251944 0.022417500397442686
1 0.7779181336440583 0.7876607113316121 0.013205281651765485 0.015916682703582968
0 0.6241110000000001 0.863876 0.029800000000000052 0.05471299999999995
0 0.6633585228367983 0.8630655452232143 0.029810997417350237 0.05457928490093283
0 0.7029090001726163 0.8620942690802339 0.029597970927469595 0.055203837186893555
0 0.7417473198811986 0.8602603729574326 0.029656177473981638 0.05593679563601392
0 0.7810563752261321 0.859160185283752 0.030184869656844627 0.0563035248605742
0 0.6240784459463915 0.9397488792099369 0.02915186788900003 0.055203230845044915
0 0.6637974928181756 0.9373048230614005 0.029462000000000058 0.05471299999999995
0 0.7034123451453391 0.9367451499853765 0.029568492472942874 0.05561353382572831
0 0.742199161263009 0.9356274884546764 0.028864311946738958 0.05594531533624945
0 0.7811932658897601 0.9349859623116958 0.02951667971139889 0.05612917994852964
1 0.6201591730370614 0.8678621706656958 0.013257023637827126 0.009906767575268925
1 0.6589545492092858 0.8631648502880658 0.012625324273139601 0.020584960616489956
1 0.7012598509633069 0.860849238359556 0.004973773744858514 0.024482726024389348
1 0.7426748765899885 0.8561324126143851 0.012572964670896324 0.032082731391929825
1 0.7773695468441137 0.8617723918389454 0.004882742524633687 0.018785762207728235
1 0.6232977392824864 0.9374317781116287 0.01225493027410886 0.022226722426775408
1 0.6615773295455883 0.9351290911326707 0.014915533782151267 0.041134536142540146
1 0.7028086743905563 0.9298008739375164 0.006774377508410684 0.026303289425912934
1 0.7399545182445706 0.9311758585296175 0.011890868089168758 0.02703724787503325
1 0.7786898307713285 0.936707181591018 0.011473493142684591 0.020375352446954768
0 0.8078413942545404 0.05920086997982071 0.028446000000000114 0.054053999999999984
0 0.8450957568434213 0.059966255462661 0.028271597258533874 0.05318779205536146
0 0.8820854490400605 0.06106041588927711 0.02774105398107665 0.05152545605071132
0 0.9194351015606346 0.06125613816661058 0.028118825606029085 0.05301708827905893
0 0.9556752143601637 0.06203518776880106 0.027407883316134588 0.053108270585199006
0 0.8088680849802915 0.13115043259150122 0.028442238657606093 0.05381530102051576
0 0.8464872712070702 0.13146270873448163 0.028322909294995577 0.0537063948573561
0 0.884027249533842 0.13215057603053204 0.028704544023263084 0.053431847938935934
0 0.9207805415060804 0.13303041986737238 0.02845477731516535 0.05280779565297515
0 0.9574816057454596 0.13253572922456022 0.028446000000000114 0.05471299999999999
0 0.8101387220530075 0.20199016737384282 0.02881697887582311 0.05375392529267284
0 0.8474765910434074 0.20263219351682318 0.028040817913185235 0.05467124835407337
0 0.8852753614701723 0.20253164928217335 0.028280656950546993 0.05392006604793332
0 0.9218974340238612 0.2029351326750696 0.02733686804772199 0.052541265350139324
0 0.9594037867964593 0.20336793347646467 0.028365426407081423 0.051741977578633636
1 0.8033280666528275 0.05867310207839203 0.007694233851197721 0.025128099584862514
1 0.8412443334886801 0.05192154174112033 0.009574330177415519 0.029462989645400343
1 0.8845425275153341 0.060043773649450856 0.015008535467102157 0.015052171951540395
1 0.9182300078240134 0.05730672941480101 0.009709481720811838 0.021993177319081
1 0.9505060553690714 0.055638724047260384 0.005255153829089605 0.021295166583999787
1 0.8105248952799939 0.1269609246353107 0.012987776196338887 0.012323567760100403
1 0.8436205126613892 0.12525822155373087 0.008401462668265271 0.01682916159694074
1 0.8809979443063016 0.12823561499276168 0.014373537449009937 0.015091760801321697
1 0.9179163312512628 0.12839061230899135 0.013633734320770358 0.014781766168862301
1 0.9630899903597483 0.12949966191118184 0.013715658283200698 0.015130771536402894
1 0.8064474886437121 0.19438006090799403 0.008614371541964531 0.028394371121265465
1 0.843488527025038 0.18951228675406132 0.0075350684137251815 0.023644115059002112
1 0.8807363539154448 0.20313773854131617 0.006418976776404883 0.027015101735271014
1 0.9197275776603505 0.1932231386422125 0.009257664484433194 0.02135662042654272
1 0.9563620990780692 0.19971712591808366 0.007201649865274373 0.018086970325646375
0 0.8115604890166148 0.2735544986767951 0.029022993239472182 0.054591648769210854
0 0.8488512594433798 0.2741048425136354 0.027775846640483028 0.05514224260605122
0 0.8866026813065093 0.2742704832688959 0.02839197418692566 0.05308978415693084
0 0.9234874347696669 0.27445384788117605 0.027839947697045356 0.053456513381491
0 0.9606607087873438 0.27510448595266623 0.027582370934393054 0.052740778789390146
0 0.8128355071818245 0.34530909383684033 0.029122999999999854 0.055371999999999956
0 0.8499097029797378 0.345136803836767 0.028197185422335205 0.05473186151066772
0 0.887515424124685 0.34536575960211713 0.028145123023332105 0.05390622075540723
0 0.9250127089150987 0.344477303836767 0.028064582169802645 0.05377959073522801
0 0.9628482437055124 0.3450167542345765 0.028189555679921922 0.05394166846944642
0 0.8133109217802362 0.417277564762089 0.029321156439527596 0.055438891945984524
0 0.8514575022615553 0.4179998797721786 0.028561067295134333 0.05486651123108257
0 0.8894074025792116 0.41802824706822894 0.028161194841577024 0.05400642276178271
0 0.9267028280332535 0.41663578861910855 0.02814792095165467 0.055438891945984524
0 0.964274 0.416284281510521 0.028107000000000066 0.055372000000000074
1 0.8108582161072849 0.2715301683539267 0.00911843221456966 0.02463650291137162
1 0.8450648047613821 0.2682670845574449 0.005512878468279356 0.019243970706127985
1 0.8839248170153687 0.26590081845482305 0.011157311594441735 0.013708084623685331
1 0.9247423005420573 0.2740015275986662 0.014770744720604285 0.012909293767528444
1 0.9584106365961964 0.2716284310780555 0.012524287556041281 0.017472122196469736
1 0.8112727586146804 0.34367112456599885 0.009513909854291213 0.03328067712884024
1 0.8475307760340842 0.3431469212279377 0.005573383668196194 0.019843279434833647
1 0.8837040634244566 0.33800638166610586 0.013671155576210788 0.018939117209410626
1 0.9195143599785608 0.34077457470732714 0.0075175659207980155 0.022570961740973634
1 0.9614948183688636 0.3348717094003243 0.012949722919621078 0.012372938881365788
1 0.8111439383709409 0.41229306485720935 0.004779102596449362 0.02530884820389775
1 0.8523674388612369 0.4143402102852878 0.012007766777096975 0.012229691346015401
1 0.883330155797221 0.41680727062255957 0.006883200649065122 0.016830530510037772
1 0.9232137039603298 0.41570708294887887 0.006147494102553314 0.010412769080233857
1 0.9611403881015841 0.41087425496665964 0.013658583454180355 0.01292720516574783
0 0.8145401394620261 0.4897105964628507 0.028953677985001033 0.05544691164622007
0 0.8523008713797101 0.4898673752896014 0.028646454367850398 0.05392682317692037
0 0.8899210817519206 0.48909693761592077 0.02796399053248226 0.054402958564640176
0 0.9280102294696184 0.48887634377908035 0.028407795642629206 0.054695229340079934
0 0.9656821934327412 0.48907718224838015 0.02848821887997721 0.05473017705411916
0 0.8151511466438506 0.5633068808473829 0.02876273543959667 0.055764425978914935
0 0.8529732163524328 0.5625103573881728 0.028672384531512843 0.05582166057101569
0 0.8909321767246435 0.5625126388986937 0.02810223793252389 0.05380921285697658
0 0.928378 0.561964 0.028107000000000066 0.05471299999999995
0 0.9663648726054503 0.561036860071943 0.028158028934531624 0.05324139516311656
0 0.8154013786892894 0.6361899621503351 0.027944439748691517 0.053922075699329795
0 0.854164395525142 0.6356026390889347 0.028323026186094932 0.05604799259757075
0 0.8924665109246297 0.6350550767626152 0.029286963787091773 0.05476950333265174
0 0.9303830277604822 0.6346708736810353 0.02882032436992723 0.053267638720371685
0 0.9676035913818107 0.6334330469184201 0.02743000000000002 0.05471299999999995
1 0.8118614906601194 0.4916922078291188 0.008524840017953925 0.020720201187652585
1 0.8503556657067587 0.48839996922156215 0.007459374504464278 0.02345402154488349
1 0.8890842164698262 0.4862910261803409 0.0136493219942755 0.014469655543158013
1 0.9239773651784777 0.48814847657815036 0.012532730356955327 0.009287837849298104
1 0.9644895406325196 0.49030529228296266 0.005453124355985863 0.023860761504524975
1 0.8125850995890884 0.5602915190139934 0.006606636523664646 0.01664428733326419
1 0.851942527643089 0.5571221490341727 0.00937229550439486 0.020415922720984116
1 0.8930987611697777 0.556441112156111 0.013721185539610563 0.012793130475381912
1 0.9254731608693829 0.5636640089736349 0.007374605047929694 0.02016772570166759
1 0.9616527100234457 0.5612916624530242 0.008206674628757224 0.02142849110956678
1 0.8152525872418468 0.6363668869181267 0.008148051508873178 0.02658786878061615
1 0.8516275769249065 0.6332531076735339 0.01000219694075987 0.0087946630611071
1 0.8886577811062465 0.6333863322252761 0.007531605303439453 0.02008018453126961
1 0.9298184196602122 0.6373220768577356 0.011683291029560392 0.012942153715471324
1 0.9619723157689052 0.6314832906743966 0.005306732083353084 0.02993729983827241
0 0.8171461322802016 0.7106027753616178 0.02870223023967983 0.054589095399565316
0 0.8555689577134966 0.7098044141363113 0.028400433871968226 0.05519274829631356
0 0.8930449087700822 0.7081121607493378 0.028465619805322834 0.05474207531884817
0 0.9316433306332119 0.7077976030958364 0.02908019906090176 0.05594660613464656
0 0.969413896750882 0.7062701526980267 0.028698446716452948 0.05472535146182845
0 0.8183704449347142 0.7839903593483405 0.029361110130571536 0.054305844324360905
0 0.8565123703887563 0.7828526924500996 0.02906269656797475 0.0544142504875207
0 0.8947717922518861 0.7817633982154498 0.029281867205364253 0.053702578916461914
0 0.9334462911331772 0.780754892847909 0.029483417733645444 0.05461940197786247
0 0.9712875050963 0.7793535724702789 0.029054566825561443 0.05401713656996328
1 0.8152974220253844 0.7132061199883013 0.01041331012355364 0.02546876005731973
1 0.8556990543884793 0.7051603639260381 0.011938334631526623 0.021940258667874423
1 0.8924986707789208 0.7072297962321779 0.008515961666949894 0.01816812328015445
1 0.9241422101512006 0.6977994436493041 0.012674026047860588 0.01227460578808722
1 0.9679409508597137 0.7030493893742956 0.011172718955805901 0.00947602805386903
1 0.8160041504799109 0.7846374767395113 0.013144526814389837 0.019029318091302472
1 0.8555735220702692 0.7833562059640715 0.0157688901042151 0.017557838172019627
1 0.8910642128789139 0.7807257863820602 0.011667468848774284 0.017867832804479136
1 0.9299338677784362 0.7762006871776794 0.00721352406595303 0.01903335288519642
1 0.9690984965506191 0.781306529025472 0.007633064919482693 0.02734149502990208
0 0.819293271952876 0.8582286698758529 0.029417018748760727 0.0555406817184566
0 0.8575058452523705 0.8576324848859426 0.02897730949525868 0.0561819578614369
0 0.8962882563427635 0.8564692322021722 0.029300487314472778 0.05477227555529689
0 0.933728882514988 0.8540589064570014 0.02854144646094319 0.05545256243335829
0 0.9730092261376305 0.8525996059494481 0.029295306581035133 0.05638461827613418
0 0.819509870516511 0.9328965246380151 0.028814047476058525 0.055250867622210285
0 0.8583177885090809 0.9316445884692997 0.028107000000000066 0.05537199999999992
0 0.8967962563427636 0.9298996258314437 0.028432544769068677 0.05567483143887109
0 0.9352157186727436 0.9286753069587785 0.028107000000000066 0.05669099999999996
0 0.9740218452557853 0.9265413858514031 0.029154010890129874 0.05647630058227425
1 0.8168475195980656 0.8477168958170406 0.01343592825075467 0.01700832244987968
1 0.857123210313455 0.8574129270218009 0.012104330854222023 0.01448580437012881
1 0.8942604277397351 0.8622262480941539 0.005275039127131692 0.020995248106072797
1 0.9218130874662716 0.8480154906424454 0.004615659236240269 0.021545341942913073
1 0.9643717942234319 0.8543988107262338 0.004558251646918954 0.021980953859504243
1 0.8178252310889847 0.9392238819888274 0.01261087079615863 0.010207742507492708
1 0.8540697489157911 0.9281964335800656 0.008885738049798843 0.02217758564961019
1 0.8962301240970617 0.9253783504783063 0.006045502775989237 0.032214502547851374
1 0.9317631758510828 0.9265347586305137 0.012692029265870037 0.011931954239985774
1 0.9693764329051524 0.9272509932226145 0.009337923264900625 0.016550517261027967
