0 0.9617801502484208 0.624870969524092 0.0338234103903101 0.057379186281722123
0 0.24911955517665696 0.04983095165796635 0.03862999409616318 0.06293141081012948
0 0.03849986404317324 0.30130779638800304 0.037983197198890865 0.06383515340349571
0 0.46132807038319495 0.052349673126671346 0.039165709771583186 0.05914492471211061
0 0.5141867797552393 0.052767498825519774 0.03906417315170162 0.05804209008677632
0 0.3564490703224202 0.7999068530649008 0.03886585935515971 0.05962233364668567
0 0.5666239017502407 0.0555599699025814 0.039085844931743136 0.05839311997871545
0 0.6194519253245537 0.5507869378390533 0.037110968302632434 0.061769972924196434
0 0.7719873913326303 0.4669850789887016 0.03620083418073084 0.06087605320417206
0 0.6194821247981165 0.4679362383438836 0.03729216514400918 0.061615280300717376
0 0.14282105870128678 0.21791227379026756 0.03796896218795408 0.06151383513292089
0 0.4081764584833291 0.3842757872792968 0.039559839248078925 0.06170228826661905
0 0.514195046063257 0.7979522176141987 0.03835591840223037 0.05926656477160264
0 0.7705073671280541 0.06105563818424922 0.036260733127856166 0.05814123760847041
0 0.7207563067031354 0.05829379560142983 0.03726246029494019 0.06075919373956247
0 0.09230102135681563 0.5519450531951969 0.0373746154813554 0.061991265001357564
0 0.9639537277910051 0.07103051958549353 0.034305032859443266 0.056961502759919486
0 0.7221569266962138 0.4681146476990656 0.03740614660757237 0.061196704601868906
0 0.9167976305154807 0.14811261155187438 0.03457758950701186 0.056822199259401455
0 0.03917016245709262 0.05440877825064223 0.037434465854968436 0.060141794016677054
0 0.6699233899609701 0.058039690010642304 0.03706685798153958 0.057730950728046924
0 0.5673394364835612 0.21827579921355622 0.039188137561621976 0.06164840157288757
0 0.6198537711130558 0.3847641374510169 0.03803545777388803 0.06217472509796628
0 0.5668584364835612 0.7161496017753625 0.03883012703287748 0.05985109924466896
0 0.19675116701574788 0.051705811741783715 0.037701257988506515 0.060589141943344485
0 0.03932085012980256 0.46871863468396546 0.037983697198890866 0.06250160287282026
0 0.0916891761498903 0.05390326985016572 0.038395543084796244 0.060023910472322334
0 0.14372750148904975 0.0527087232661464 0.03808007661242818 0.059864073355950655
0 0.03858731594930124 0.13572852197166488 0.03676916301838954 0.06194257447692301
0 0.8690482379778913 0.4673091247956109 0.0351131303614635 0.0595856587949596
0 0.03904666372548524 0.21813228417983394 0.038192926931760206 0.06242105175858421
0 0.8212065554426096 0.38629634261310825 0.03473930385502334 0.05981137455766175
0 0.5142630060655642 0.21749990480434378 0.03861263630109591 0.061453552970584475
0 0.40859538758819747 0.552141705089962 0.03987407556518444 0.06174452123268249
0 0.5148180407988847 0.3008991272029683 0.039118716296481525 0.061348351184851144
0 0.3557509411218983 0.051432286674944 0.04001175565968322 0.05944248643399019
0 0.4084347783835792 0.05104458947033778 0.03956047481907492 0.0594424864339902
0 0.7711948939648164 0.5487213990206283 0.03594461628186531 0.05977122991268085
0 0.6182412548050382 0.055720295601429826 0.038192766196883624 0.05696913395568428
0 0.04136386880849323 0.6346994410401158 0.037397852216997575 0.061752617070768824
0 0.5671073433272451 0.3010743921489378 0.03836155756623636 0.062474275486002685
0 0.5143516629092482 0.13497010670687085 0.03915234367121703 0.060583722926377245
0 0.35465563374939457 0.38396068439820613 0.03972977229647471 0.062332494028800436
0 0.6701048368023468 0.6320902429250107 0.03718815587579064 0.05941142253615992
0 0.46155091090732503 0.5515068312792651 0.03924899713708988 0.062240516793104494
0 0.40889618858569715 0.79959200018381 0.03890481188228975 0.05920269647189801
0 0.7719963939648162 0.386345304763684 0.036581233127856314 0.06049084466572265
0 0.8693646048238826 0.3072372357007579 0.03514187458219028 0.05890437720078747
0 0.04766224638244786 0.9581557978094188 0.03635776161783499 0.059859400985163895
0 0.8694992885043288 0.38684486551656294 0.03553203983733379 0.05955148014844936
0 0.19567094686219583 0.13403191193399647 0.03855164356403244 0.062228118510193636
0 0.09118651976837565 0.4684613846839655 0.038807357921744716 0.06259497850956998
0 0.7716646997556258 0.22361114179637562 0.03676342996923273 0.06049432199803633
0 0.7720268434383789 0.30442982537657515 0.03627973839222831 0.06084965204224353
0 0.6702256346965979 0.1386498357414176 0.03742975166429288 0.06057693410795237
0 0.1959382791265278 0.46848248373129614 0.03879207102000219 0.06344581850632947
0 0.40806838385411887 0.2999123496329052 0.039474595462816314 0.06271083158801354
0 0.8211045128127306 0.305365545484636 0.035501601749274414 0.0603949090307279
0 0.4617511130130739 0.6355059331411326 0.03904541187733208 0.06042734489931028
0 0.6704557862759097 0.5497388541827198 0.03680287377465637 0.06122459442995431
0 0.8680268253549344 0.06674276065900771 0.03766062509709138 0.058272263624406705
0 0.9159406010465324 0.06930761023031154 0.03515869055988611 0.05700495889101156
0 0.6709068368023469 0.30288268096736265 0.037946570616032946 0.06085694086066836
0 0.4613699640659483 0.3005080355891495 0.039249497137089896 0.06211695677563867
0 0.9167579284097319 0.46739135984964136 0.033894195824258413 0.058780885891504965
0 0.8195738422932151 0.0643413811957648 0.03630579332627883 0.05637723373246761
0 0.3017009607545391 0.0513381917138446 0.03867571030618791 0.059643833300072446
0 0.4609751793326278 0.2167399496422524 0.039305512930206524 0.06284137168094847
0 0.8692952032445709 0.22659431706652788 0.03488227352931592 0.059288274253125585
0 0.7198868467008283 0.7114102442465735 0.03624832765583244 0.05890172268842819
0 0.46108622459469284 0.13342610670687088 0.03880281608882996 0.06117884637013648
0 0.0386555317687999 0.38540305902067185 0.03816826555989352 0.06344150207690843
0 0.9634444698944468 0.46708200328985316 0.03304492127782443 0.05854986997653468
0 0.6707860389080957 0.22094911792392025 0.03782577272178182 0.060210337913006576
0 0.6177439411176704 0.795580966645198 0.03731893671639909 0.05859488348196685
0 0.30146207269835446 0.3001539326257524 0.03872155608644994 0.06256379181152641
0 0.14429233570390335 0.5516958613630677 0.03777699064326108 0.06234576617544991
0 0.7211301445950793 0.5495303163332955 0.036198167665061315 0.06080751873110571
0 0.1428996402226827 0.3012700077126575 0.03911091869853875 0.0629412676268193
0 0.14858121542786454 0.8793813603201446 0.03862412136900948 0.05996956467486634
0 0.3554083402200521 0.5522414036494165 0.03900979219410657 0.06215398693898549
0 0.3545960500713311 0.21606487394340396 0.039513941972315454 0.06168506888555473
0 0.6160565769017514 0.9536381990301754 0.03636016616958332 0.05679764047481284
0 0.8208536643920422 0.4673730261933078 0.03475830911939549 0.0599073101926565
0 0.7219243335398976 0.38573363046253245 0.037061758189191274 0.06062443627954132
0 0.567048635957124 0.5508503392367502 0.03824414282599421 0.06015213829886223
0 0.5148879423781964 0.4684656775910046 0.038654529983849335 0.06286800739726268
0 0.24792822059863073 0.2168721023217831 0.038865434403267445 0.06174424665728361
0 0.3015371709592753 0.3843754858387514 0.039002658081449426 0.06295202832249729
0 0.09055760045430898 0.21863066024108346 0.038938457286368695 0.06199942739533395
0 0.6193798321682376 0.1367144941275989 0.03805396303826024 0.061552465937892833
0 0.7217713945950793 0.2214822015802538 0.03687667819380582 0.05895032199803635
0 0.3047707256908536 0.8806417718445073 0.03892449388671442 0.059129290325291274
0 0.40815348048932815 0.13341091745974978 0.03936027271332595 0.0615361650805005
0 0.3559579247980783 0.7181378485510521 0.03919262303805427 0.06077809713571486
0 0.9637844751588189 0.1500296195093595 0.034087325489322265 0.058717729151340534
0 0.9641237304231912 0.38777694121541134 0.034524240229564386 0.05889559971620565
0 0.566937590695059 0.4678877761933078 0.03826364809036645 0.06171220460186894
0 0.6192870421705449 0.218480942653768 0.0384723725141303 0.060895596839492444
0 0.5658428485916174 0.797031686753259 0.03788613229724978 0.059170140470451354
0 0.7212789503858889 0.1400033815483269 0.03722056661218669 0.058437810664193054
0 0.6194981884854843 0.3019315216121807 0.037928281990000326 0.06128080537794179
0 0.5148876923781965 0.5513952177309925 0.03889562577235149 0.06143574388964986
0 0.5138212081713132 0.7168246774742109 0.03954100892636035 0.06081355343775968
0 0.14339372412326057 0.13465144622769337 0.03898338755874381 0.06199670698583085
0 0.14460459974997053 0.6354914695479323 0.03878702934900709 0.061649591757958824
0 0.721703684592772 0.3035276281719689 0.03686205608344239 0.06020834924684977
0 0.3547862892225524 0.2994765454509648 0.039598366823316966 0.06309963474849534
0 0.4086904348516186 0.7181852799636581 0.038886020833606136 0.06087295996092719
0 0.46159986564526 0.38398899304180445 0.03898451293020651 0.061593679291056934
0 0.5671884391157473 0.6338097578709803 0.03888614282599418 0.060136571995855696
0 0.3038380702176958 0.8003272402396883 0.038368237671977085 0.06088324517104837
0 0.4616110598544506 0.46827522339791405 0.039369295031340984 0.06229325040877829
0 0.9175708726189226 0.3075248641950001 0.03479529687713301 0.058510391177756305
0 0.09039735045430898 0.3012489531155653 0.03912302564737135 0.06331221643412047
0 0.14347578180408516 0.46819454045928227 0.03885086391241147 0.06286993196230173
0 0.9171483299890435 0.38741122207635115 0.034071009511626234 0.058551858642691426
0 0.7207185461743911 0.630848810666374 0.036703747660446914 0.060030135655736595
0 0.3547834073811051 0.4684399876112051 0.03919988672094879 0.06239595619019599
0 0.30172726548611745 0.21639969800014705 0.03872831976934455 0.061849780950980475
0 0.09077081945068764 0.384775340960484 0.038733559827872716 0.06238869116878271
0 0.6188174863797354 0.6328473036778895 0.03692927146125581 0.06015014963270548
0 0.40970470226859174 0.9603469406241139 0.038427351677553595 0.05867743287783473
0 0.8682744958744497 0.5472591340746589 0.03416963562583575 0.05897903464607613
0 0.461435272260334 0.7987047036394105 0.03865532616035437 0.05922074800360167
0 0.19613843265796113 0.5517335813812935 0.038839293595635836 0.06298781322744076
0 0.4619644509050178 0.7176485340339992 0.03886809818996432 0.060328931932001846
0 0.9170669842005413 0.22851396943322552 0.03378752004037079 0.057699818122033564
0 0.9643675177886978 0.2290889764217099 0.034287027595071004 0.05865598349669928
0 0.04052280362437056 0.5517968027706973 0.037483461112261536 0.06169476415235815
0 0.19782462348640545 0.7178752628168098 0.03906273809087464 0.061723405778986905
0 0.09679234448313828 0.8791159440268114 0.03764483250670477 0.060840485036128156
0 0.7186903119675078 0.7913416698692878 0.036029620285711265 0.057676385419967995
0 0.9633102862140006 0.3088330922605461 0.03277655391693222 0.058994512683514085
0 0.6709691773264769 0.4672761018921562 0.037225666404535215 0.06126425040877827
0 0.9605385093772384 0.7034492951039658 0.033635288638716475 0.05713077237134026
0 0.09801482880707904 0.958467910245136 0.03705939098857031 0.05845737373409904
0 0.40837569853451317 0.46801960043641755 0.03943469745781574 0.062185387602802324
0 0.8208307759736612 0.22465897545270916 0.036162107013646506 0.05968226027615672
0 0.8202102228150376 0.5482218382677496 0.03431701122514422 0.06012904862304503
0 0.25041229274718224 0.7180170570546284 0.038990076193530655 0.062006994254624144
0 0.6695125415402818 0.7134092372580892 0.03721154429417187 0.05941043387000334
0 0.30282330280072256 0.7180802456699613 0.03921862324750297 0.061293097135714895
0 0.24826537980586716 0.46866547320575175 0.039670658290898164 0.06326706455407685
0 0.6166285021728521 0.8749832030207912 0.03677922934627818 0.05708656212847712
0 0.9146502899913508 0.6257552788364334 0.03354445160353153 0.05837241049719248
0 0.5145440539598154 0.3839552201383497 0.03905393419534718 0.06210767929105692
0 0.5673769470123057 0.38414592433144046 0.0392631586191109 0.06210139047263202
0 0.7709002102843702 0.1425650867104183 0.03668402575773517 0.060071946146919804
0 0.82070972807941 0.14446979982999478 0.03640320280214881 0.05845361152158553
0 0.19510444463929477 0.30040312467243035 0.03924290896893448 0.06366279861370153
0 0.3547054037563917 0.13265071229765837 0.03961185144818558 0.06176039217704572
0 0.7705797102843703 0.6301399620640709 0.035559834180730686 0.05841858984882723
0 0.15029923629497005 0.9592362041124814 0.038341726139308016 0.060804462317789285
0 0.14274334990231327 0.3853586508378702 0.039151422545033 0.06245853225174353
0 0.2480004370181042 0.3004583640383585 0.03914077271537228 0.061912243112376135
0 0.4081537304893281 0.21645257114801017 0.040085560078832676 0.06284816049937336
0 0.5652880638582968 0.877011574526549 0.03725975440761314 0.05862327331005201
0 0.9552586899105975 0.9339961228295015 0.03128990651450981 0.05356932810184419
0 0.819187323867912 0.6286080069019795 0.03480796911016653 0.05865010576379746
0 0.40950496221740773 0.8803370904319011 0.0388133044141325 0.059780339024441374
0 0.5145650008011919 0.6348609859365263 0.039095827878100314 0.060494390706219585
0 0.09322204003550631 0.6350152843125535 0.03744891357522742 0.06157380276664471
0 0.6185454411176704 0.7145351615592407 0.0372307661968836 0.059529947846972166
0 0.0953279422593223 0.798092057455392 0.037620171134838114 0.06129813211771711
0 0.40905330674424994 0.6358959397155672 0.039088142726237465 0.06140818915625942
0 0.3559584247980782 0.6356858711281734 0.03932452851121203 0.061198120568865796
0 0.1959088554192584 0.3847971835865752 0.039321697750851835 0.06284654979059154
0 0.14738963084983836 0.7983947772747803 0.03794272336400898 0.060379416639532744
0 0.2487921335399458 0.13301258340248093 0.03849877271537224 0.06250021590849408
0 0.3017144881203283 0.13332818628357163 0.03935729240355545 0.0614508729715252
0 0.8689954000859476 0.1464352699380556 0.03573224194308247 0.057732185282432444
0 0.30216255841656736 0.6354942388689907 0.03868256731813956 0.06081485605050047
0 0.1454164952743124 0.7177126256420221 0.03897086019295467 0.06076792566723032
0 0.35792817853215686 0.9606617935052045 0.03802781705305603 0.0578366585282595
0 0.30146883638124905 0.46869723761120513 0.03978232723750181 0.06312052477758989
0 0.3570838066395256 0.8806993747255981 0.03856446631147653 0.059034427500078944
0 0.19541928144022197 0.21681983517493464 0.03857193461271617 0.06205984953837424
0 0.19707998215010797 0.6355065392823922 0.03907466497284189 0.06225144541449666
0 0.46199270880157617 0.8792825067851857 0.037958230829072154 0.05909431717896018
0 0.9161487456950649 0.546846907097088 0.033400617760431184 0.058736126497843946
0 0.09106483495249831 0.1356068669421019 0.03843772119973938 0.06291501569129641
0 0.4618738524843295 0.9588301296125064 0.03820370977158323 0.05768292012662202
0 0.5651487606996736 0.9557201515469603 0.03758513756162209 0.056309179053107776
0 0.3019890764324331 0.5519683964466899 0.039121036188818036 0.06181804112092594
0 0.5668635559617384 0.13561819832068955 0.03908196177773429 0.06129836034710535
0 0.253583526583629 0.9602365705961747 0.03787093189642764 0.059717104346319175
0 0.6714365415402818 0.38511541734295607 0.03816039483214525 0.061520344665722676
0 0.2481381061741566 0.3842024271954794 0.03928520555431927 0.06155556809898434
0 0.20048476279601 0.8799169532571134 0.038623175891139026 0.06041054478662282
0 0.2486222380156039 0.552377862152993 0.03881350903247766 0.06326717829571356
0 0.19923813014622138 0.7992952198892939 0.03796258721577146 0.06134002751898493
0 0.866997115352627 0.6272694003421913 0.03342684299595706 0.057911378667252135
0 0.9631995255058713 0.5459745883867241 0.03352141565468231 0.05737918628172207
0 0.9587300034185803 0.7799013892160085 0.03267583039492462 0.055925321764448734
0 0.04566045902506654 0.8785587246931242 0.03702606924234696 0.06154967327900279
0 0.9576081741174807 0.857074356561969 0.032244140206491786 0.055967769023090204
0 0.8181907412403405 0.7085577661810274 0.035109963845794324 0.05765528441030784
0 0.6689501957517796 0.7934223979348339 0.03729483165967841 0.05893011251651359
0 0.5137308597506248 0.8776570217311553 0.03803153524822152 0.059720319116961504
0 0.3061093749492741 0.9611767935052046 0.03819825010145176 0.059286795703047165
0 0.9128707126281513 0.7815729319082553 0.03457561685867505 0.057717618330517514
0 0.04225498685180789 0.7164017019747855 0.0380436844913709 0.06103071701768101
0 0.20159463483596154 0.9598440797492311 0.03840828432065778 0.05979133625653973
0 0.8154793633507039 0.8652959501137892 0.03488151751931865 0.0576784623516939
0 0.8659325727227483 0.7062019544591479 0.035042492457983646 0.05875911903564205
0 0.2515446882715241 0.7995394830369615 0.037982230413268564 0.060988279464745006
0 0.7692248671280542 0.7100718876867853 0.035024509964618415 0.05913273860339836
0 0.24963024174968254 0.6355599938975076 0.039389556295898784 0.06241684621929055
0 0.09425838287212174 0.7171412824554935 0.03724879162394631 0.06129412670559772
0 0.5136215060655642 0.9577340838055971 0.037692029983849226 0.05820470894504701
0 0.04394094740723156 0.7971275849911453 0.03775385998494896 0.06078756367497294
0 0.6663688998573375 0.9515058644048412 0.034910591438569887 0.055828397463297166
0 0.7681713252374583 0.7893515085782852 0.03521258617419769 0.056991489077115855
0 0.7662109945027897 0.8676153445230016 0.03527825521514719 0.05630794449872217
0 0.25262152658362896 0.8800747546976588 0.0386959468327421 0.06009594190553215
0 0.8630283037825444 0.8627646234459401 0.03491145560737809 0.05707432686896712
0 0.8170042091392062 0.7872475095451053 0.03491126174004547 0.0572420088637275
0 0.6676070782734115 0.8731425669238068 0.03678295879946217 0.057282261980570556
0 0.8643566485349026 0.7846991421230104 0.03430660196731458 0.056991489077115855
0 0.7161376322887938 0.948695059671446 0.034789793544318916 0.05679764047481284
0 0.9134932073637791 0.7045421965016627 0.03352544633915968 0.05699039193909665
0 0.7175142240755639 0.8706951940943055 0.03561021080984118 0.05626448836763013
0 0.9108638378215789 0.8598154755154677 0.033702612496058985 0.056991489077115855
0 0.9086290767779335 0.9363372112746224 0.032373835659296815 0.05418068434372075
0 0.7654791460821015 0.9461748906824732 0.035143335210532874 0.056991214759051056
0 0.8615782969671271 0.939487251062048 0.032977825130552266 0.0542776086448722
0 0.8140529270380717 0.943035284122685 0.034927794356080864 0.05749670272008368
1 0.7649121186727571 0.13420098188315194 0.004525247874258992 0.010158477743272687
1 0.8065704391115192 0.05334488099028528 0.008062292963280968 0.007293216173661206
1 0.5587077766060382 0.04855907487693037 0.006221091553931997 0.00659085247830592
1 0.6148432568646424 0.29741272753779324 0.008949726363778015 0.005911363461767681
1 0.7573490834245357 0.7104593156584601 0.004913975272066946 0.011622539703101368
1 0.40338521553586154 0.8013959057632318 0.00575984081894457 0.0065121262092072306
1 0.9584836603839682 0.699814114577851 0.009733724979434113 0.005774137541883508
1 0.07957577332784492 0.1288957254965331 0.0063846086629325265 0.00541869971956671
1 0.8589207432936027 0.3820755951394401 0.005194309452797555 0.008917035705943257
1 0.18286087618945335 0.29328307081997473 0.008900888575362965 0.005915927608871241
1 0.08695250344330353 0.4639875575425209 0.008298404345103098 0.005721862962542706
1 0.18631540896746324 0.5438505247619071 0.0077588696441496675 0.006983704497915412
1 0.4524056296650637 0.20712723156087864 0.008033059967698644 0.005427760864487244
1 0.029255802418519845 0.2939480944588084 0.002854201024783708 0.010861313280866872
1 0.5092410389102098 0.043373624765322034 0.004892314717169829 0.011533991837035356
1 0.9631051661632414 0.544466393764666 0.008704970229962932 0.005730269676359921
1 0.5538484585708521 0.13028233650493878 0.004463927670448819 0.010047975805271309
1 0.865892822150166 0.14482056048900246 0.008282654829077212 0.008110332159580012
1 0.12877883662339418 0.373257267169373 0.009021114614166907 0.006506189312847273
1 0.07986037428090892 0.2935048431853089 0.008214481471567168 0.006479560309368193
1 0.9558789446023875 0.15026801662009456 0.006728899733519649 0.007877093024067252
1 0.7589604858008113 0.22147202813130917 0.00736867154931756 0.012600159149702495
1 0.3996805505556937 0.3784410198094678 0.008718384691913971 0.00647569668196675
1 0.7123042577214013 0.5409171119347254 0.009720313337053962 0.006431829460238208
1 0.1808590339470618 0.21503422374667833 0.0040318241088610025 0.013985035968993892
1 0.8180326343505119 0.2215639174013529 0.009055885547015134 0.01067174318888699
1 0.8605579732145768 0.7876317931075676 0.007476552746400538 0.008091797396710173
1 0.7654693449830822 0.45664946523494937 0.00957148786041551 0.006512687458383131
1 0.6089597006144989 0.7180636850813147 0.005858697871178712 0.01075859742782292
1 0.9560094951288248 0.30466007205861406 0.006226202892142937 0.015260052503409251
1 0.019631906165874548 0.032288206496366934 0.0082126136025011 0.006747661719234399
1 0.8115083117367836 0.3840919369284495 0.004105644531056425 0.014382933640777121
1 0.7583476076291118 0.8701885752900702 0.009923204729479053 0.005811058966321649
1 0.4565635350772925 0.28975774054576137 0.009743474366082843 0.006876540875400871
1 0.7143936408754102 0.7885188010650527 0.008440696491062745 0.008837813311680267
1 0.8077628350782587 0.28418205097636695 0.008455852597577489 0.0067847010806090695
1 0.961262748275912 0.2259519950382027 0.005866719715061857 0.013138806848768041
1 0.4546936092934048 0.5489296676371213 0.007926622798307473 0.007271546455817581
1 0.34035666005056603 0.04511199260055654 0.0069637243126298674 0.009026499178081931
1 0.23699449425652233 0.20931478067001377 0.003423272093571201 0.01387014981566482
1 0.7134800786152694 0.3915741766522928 0.005435905241299794 0.007366246887518415
1 0.8132528201482431 0.45676472319243455 0.010642852930979498 0.008414506168747086
1 0.7115356350961368 0.29755310797003687 0.004009684932516288 0.015323032712436246
1 0.18425125492111505 0.4619263694183307 0.010004060471603193 0.009915622771935952
1 0.8631863137387067 0.295745319151612 0.00403184011190726 0.014092395291708141
1 0.23635299425652237 0.45750565155398243 0.004313555674097692 0.014300617234026904
1 0.13850043495742387 0.29825740618522384 0.007820616453148644 0.012776598339369252
1 0.025845747970887862 0.3790026083649767 0.004876160490522391 0.011362714182954372
1 0.18799996182469136 0.13532346923282954 0.006898585337277959 0.011023526941296333
1 0.7590816476268045 0.7877434066558403 0.009300709993851394 0.007674721697861693
1 0.2926815229804558 0.29112079512798433 0.00868599122933327 0.008649835794637043
1 0.9102771425889282 0.46328174104540615 0.006488497812350061 0.013020693272387276
1 0.027747193082583724 0.7932270496553346 0.006629022238159935 0.01489295310036838
1 0.5055445312999425 0.38649356639169247 0.003950275234378074 0.014813586976475442
1 0.7183940934960601 0.13025245801069654 0.011070005943860237 0.011076975805271323
1 0.3424134021540077 0.14334310629591182 0.0046622085195131505 0.01358527237570182
1 0.13547082366378238 0.6280921993367086 0.010505119961775585 0.00944733008602312
1 0.3455415566657067 0.5558545466824918 0.007166680492466302 0.01254647607843965
1 0.13502922166878295 0.7138471712767969 0.006021199552303291 0.014184931029231117
1 0.12928234230799437 0.1259491688137427 0.009922440830726152 0.006874651753547564
1 0.6601579362528371 0.5450028718302119 0.0036036809286699484 0.013768197853514358
1 0.08005435719065825 0.7094253735598414 0.0071951802008151725 0.0074281219074327125
1 0.6342970589336686 0.366761555557494 0.011113406271101826 0.008141641296730836
1 0.5004839192034224 0.12629163930033258 0.004890859464333836 0.014733943975330826
1 0.7149513535099035 0.22477710858647543 0.004667717548551779 0.016263974161435126
1 0.44914408652028376 0.4691136175735389 0.009845028381465218 0.007753944092124625
1 0.7552156286866006 0.949687235966815 0.010026470007694748 0.007514228922114387
1 0.6605473515079805 0.1355359440337277 0.011039107227458806 0.00865164505593983
1 0.09058160916168753 0.9681352904905961 0.007732348691620427 0.006702579283193038
1 0.9031766020763344 0.9453056971483901 0.0063146294216558305 0.010074151285264756
1 0.9057832594349194 0.5397005521508473 0.009194773619310113 0.010028040641813202
1 0.28750104535874643 0.46569306033695007 0.009098130512756717 0.00989970914953725
1 0.3554737793260985 0.37211271390759093 0.011388842232723836 0.00883894770342518
1 0.2883129408830883 0.03549342252407914 0.009437921561440457 0.008387570698583126
1 0.8121164343620481 0.13850732446597133 0.009291687675836354 0.012595162908911477
1 0.033248712584535815 0.6316514273537958 0.008505226439823628 0.009386103434092057
1 0.812051160324173 0.5364275447232957 0.008455852597577635 0.009983203018610498
1 0.7092533745673926 0.8670785972245242 0.01086936598077603 0.006797102835229625
1 0.13774855003207184 0.542535366567589 0.005087372457056087 0.0167910430833809
1 0.9064849141549762 0.7766059629768554 0.009724230487214098 0.009401657211701095
1 0.28983755282690365 0.11534063554150432 0.010184956395386932 0.006454653796464583
1 0.6848048883009049 0.2980123570010362 0.011084787130554836 0.008976773785950323
1 0.8093220191069049 0.8628945514176147 0.007028655059800845 0.013226708426017217
1 0.30002886254598055 0.3835196758510404 0.007998197726171854 0.013754077352505717
1 0.6095897537175552 0.9500597439243003 0.009309709540859254 0.009289244837084685
1 0.23680160993441632 0.37939166418698206 0.010354314395674838 0.009195916849601493
1 0.025099383104453185 0.12070984731278443 0.008515430757653044 0.00922769292756961
1 0.5631168001247842 0.872060015506192 0.011415600249568553 0.0076897880008683465
1 0.9552281919702015 0.6185325375574399 0.008875990257649737 0.010932226512576382
1 0.18478635609561334 0.6334961297278562 0.005602373879121864 0.017965779343955785
1 0.7665806507738915 0.2908005681826112 0.00469132260527244 0.017584893353706735
1 0.9065548099613567 0.8568951779738556 0.009463640980202125 0.010105264333892501
1 0.08327314602031383 0.37956767884714365 0.006060820332031938 0.013677201826868907
1 0.03031915813690383 0.8786640572507407 0.008556049183556996 0.011589988440231406
1 0.3452338340314958 0.6253453906934365 0.01000751880457121 0.010109369862510053
1 0.2332540688857326 0.5432975432426188 0.012867704932518181 0.008460949310449996
1 0.8623332838061966 0.21536579715876103 0.010569815746971788 0.012212461945096254
1 0.08367354836029556 0.04049249310567715 0.00955309672059112 0.010398984513355025
1 0.718829566659298 0.7157495904999162 0.005004750164587033 0.015580635192922849
1 0.343921184255142 0.20698037567592584 0.005512176933279769 0.01425081113572986
1 0.9088392620671055 0.6154447875574398 0.004532343085951147 0.017301575114879387
1 0.4504815103578154 0.9572033753255447 0.004271031244375334 0.012254507639573238
1 0.6618532399263615 0.6305389348736544 0.011326479852723314 0.007855080928883677
1 0.7712925049738532 0.37279753262375054 0.006622616264953191 0.017393033417560468
1 0.027851867602642515 0.5417123819323151 0.00389433139302905 0.015614387378880752
1 0.9115886251870856 0.1351609379558471 0.006523086289559869 0.01657405549691636
1 0.6106238468738713 0.1328173075820004 0.008087108487984915 0.013313523550182083
1 0.45105943350951705 0.11933846209217888 0.01000066491328523 0.010224681172842203
1 0.8625584495249019 0.6987282519985791 0.009032303261301508 0.015505958190248637
1 0.13121667111062724 0.46467202723373013 0.005204699101399969 0.015756447451921073
1 0.2370142853052061 0.03298311113941204 0.0067872322983073795 0.01508874216706759
1 0.5085854254975968 0.55009300925094 0.010310669946933542 0.010954169899576734
1 0.768645659185351 0.5365122334404832 0.008533966802926472 0.014466192039510216
1 0.5632914222351476 0.2904579387193683 0.005751248681793015 0.0134239372226147
1 0.3458259484559699 0.7163940828011597 0.005812464072992953 0.01371261690316885
1 0.9534995109219416 0.7754645700925046 0.00738063868987418 0.01168444298040274
1 0.19602127775850556 0.9598006477832512 0.004339217204906361 0.01425860969256461
1 0.4508153961440104 0.38413725466981286 0.006864802816765284 0.012353812135019395
1 0.07438006665639695 0.20861698812920193 0.008442394049284575 0.013952475409404247
1 0.4026652354334934 0.8752875313789953 0.00981791048683741 0.010188326488598552
1 0.7669469276106539 0.6304975115415035 0.00963626996154978 0.014141082866885014
1 0.2434448786048094 0.6285275937142228 0.009634702478040635 0.011937638729295052
1 0.5099514628631034 0.9598805884451209 0.010356946783695605 0.012909388071816956
1 0.6111861926623734 0.4584457092154656 0.008170395853491464 0.01280647821480935
1 0.661245117301097 0.37626168499044815 0.0052948514481854754 0.017443278367077465
1 0.08377821438131651 0.6264664999736588 0.008081093776042582 0.01489295310036838
1 0.5555004269846188 0.9572337538197867 0.008166268709479937 0.010061416025754702
1 0.5049356723505096 0.2027743518034705 0.007342355229763695 0.015296611993122253
1 0.2417137629269154 0.28667268504416693 0.0074679984880418 0.015235301500940086
1 0.08877963698842888 0.8719712727639295 0.004391603074351123 0.013223295103359166
1 0.19520634243889984 0.8724754971719517 0.010681684877799717 0.007409651406934427
1 0.7182515954381881 0.47187596015635824 0.00736867154931756 0.02045102754297866
1 0.6073800726692952 0.20036982793101513 0.008655560078832607 0.011964018441302161
1 0.6092314958765638 0.801903205577412 0.006039894712555318 0.01638020689461324
1 0.18196869067363952 0.037657297013349876 0.012023137562016494 0.01477331967712462
1 0.13225070425180976 0.2057439548798933 0.007912881137830362 0.01786077258499903
1 0.7135478056156525 0.9528707986576953 0.007112419654300664 0.014910354303875066
1 0.6572390452022698 0.88037352733968 0.006904707250531192 0.018007720054025532
1 0.6556611115218239 0.9580458155416662 0.00667823357239233 0.015997388071816977
1 0.23991365471717868 0.7960573157068283 0.010675498488041767 0.008576494238869197
1 0.508516251544703 0.7963300582611974 0.005617102082676473 0.017446374207280364
1 0.29868667349229616 0.7194927542696441 0.01172981961880323 0.009615959840137812
1 0.02803160368927184 0.7042321857414666 0.007196604837039693 0.014775119360433811
1 0.39882653313872046 0.7063213924658901 0.0054520115458627305 0.01684244199481132
1 0.1438027440732547 0.9578367606084637 0.00457552794177321 0.016505835342989633
1 0.4569408008704093 0.802310147523875 0.00488181437531176 0.01828020343393094
1 0.13662266819062452 0.7994709302519772 0.0078087144886177596 0.014353380392198117
1 0.9535509072368809 0.9298985488631749 0.00848582500250652 0.012198854714833975
1 0.8034457712241899 0.9426203336001175 0.006942957188622178 0.01602642418871928
1 0.8076627396379567 0.7904459922501752 0.0068440750644153375 0.01738974148883475
1 0.5641016885431653 0.21674596922774594 0.011499387615075043 0.012165998239370026
1 0.35391907285544105 0.9604470205525855 0.011094712871935102 0.009184629580808224
1 0.5074285928700251 0.29111782517109563 0.009000398374543653 0.01384880173988812
1 0.1859707690369284 0.7132643969272219 0.009386105234909865 0.011569245155293246
1 0.13884821918812426 0.8720919601368597 0.005713911010459335 0.014058645924144249
1 0.09111824429525285 0.8002824854079453 0.008679351868500385 0.012331718693391629
1 0.557728863297251 0.461644461153467 0.0066085455462419375 0.019009133488509137
1 0.6608359604574131 0.8023552152652381 0.008529123020575492 0.01547618751896079
1 0.8131069422586066 0.6238115175609873 0.006102692940208519 0.01820833791736806
1 0.5063720889217459 0.4572888528330488 0.01087181048259966 0.01163091613818691
1 0.24790249428270342 0.7050823238784963 0.007264744780144255 0.01848030482002379
1 0.08005194105347158 0.544054477327252 0.007200012475188512 0.017008952956504522
1 0.39454909609770783 0.4707479492054156 0.008116139335785606 0.0172256241662903
1 0.3946045157217472 0.6277926036583444 0.009837976711916283 0.012357275904082705
1 0.2481478960217826 0.953829540440829 0.005203075624091859 0.017377943706870302
1 0.45316061650413303 0.8741118099353224 0.01075101258834854 0.011533991837035342
1 0.39838290730301784 0.21449676503465526 0.005910825134780269 0.01957213566009812
1 0.612124317919824 0.6367953083174135 0.012092444262643567 0.01104407082791763
1 0.3394050006807084 0.2873765008901657 0.004778379468785494 0.0178189729694246
1 0.29660571328756 0.7945082299725861 0.010131899209330926 0.010204185595597014
1 0.3009911125459805 0.8734363130179504 0.006728225091961056 0.011580008749356663
1 0.8549881032214987 0.8552573980819166 0.01112682328898828 0.01512546153849874
1 0.2484159706509929 0.8740244231017678 0.006499602989880983 0.016075640441353924
1 0.30631527300663686 0.9674890637689456 0.007992302228011113 0.013586578838740718
1 0.6139445837129407 0.545833767208425 0.004827975848877026 0.020248048393818947
1 0.860630066370893 0.5397107353784847 0.005761993808503863 0.02125089312011911
1 0.2878381125197994 0.5509391180112807 0.005936792200651913 0.018596098847773763
1 0.2906953600391407 0.6362059284270065 0.007160287239334444 0.0188482395674688
1 0.33837754794412955 0.46391823900816126 0.00617875757615419 0.01975140942892856
1 0.39607084656569486 0.5424731162913442 0.0062507876582319705 0.019562889645719422
1 0.5103026623366661 0.7143509769516435 0.010137739413574562 0.01818401368716515
1 0.5023146428815612 0.626298026487473 0.007390104714862628 0.02157080996343042
1 0.5062512910274948 0.8741118099353224 0.010509416799846375 0.014635569473885262
1 0.5622522096006541 0.7105258614653694 0.010245631835801943 0.014784874328435695
1 0.35345802185794134 0.8016345547412481 0.011100476554829796 0.021579903720314767
1 0.13875980154730266 0.04315333956536813 0.004188975141050643 0.009453086432720284
1 0.22875731434331265 0.13264255779512016 0.005236218926313285 0.00861281208314515
1 0.2912319514078883 0.20401336036215828 0.005039860716576544 0.007457434852479336
1 0.18502051584760873 0.38194270632994476 0.004934693746285267 0.011988460618451524
1 0.03967943311127161 0.9593797237002607 0.00612395387715727 0.005774818549122522
1 0.44678852758238724 0.7214560356216192 0.00368433577465878 0.00920780860939796
1 0.6599482315149021 0.7133050049055811 0.00462707987579549 0.004768069595040707
1 0.5534256659409733 0.7943995221421142 0.004101533987695461 0.006381104068106827
1 0.6078121206191133 0.876389531012384 0.005254708399923188 0.009498581512852662
1 0.6570534652068845 0.4640052788948304 0.0032895367310157558 0.012349011982751254
1 0.3990399722414944 0.3003940925273351 0.004229228063515391 0.007034769139874258
1 0.658865433620651 0.21543434675298745 0.006671877770046664 0.007035299096762439
1 0.4682098550588346 0.049996486581072815 0.0036041353866559656 0.010113032946023824
1 0.6046455563612775 0.04525059023385895 0.006031133780043984 0.004096937456202322
1 0.6614660162482228 0.04975417582819392 0.0035242767171723877 0.0076899254172348745
1 0.711977682990388 0.0551531698087102 0.0038503765095206427 0.01026749101511729
1 0.7618797407831205 0.058099177766195324 0.005274896306483581 0.005926263918571946
1 0.8607629111809322 0.05325990348278092 0.006825081025187668 0.006106230972548127
1 0.9033232162901396 0.06337186895131783 0.0037262410032746184 0.00778719209572632
1 0.9702412756275752 0.06566088486628807 0.005183763889643788 0.007667678118757461
1 0.9089508073291704 0.21775374116219995 0.006000423081336786 0.004528844903671734
1 0.955003409869067 0.3860802467123277 0.0053392239496319795 0.0038154615947148685
1 0.8644712553157111 0.4656645368523155 0.00339472326591602 0.011938225102327785
1 0.7096749449463595 0.6296202602805183 0.003744734721784267 0.009692430115155796
1 0.8635110632751448 0.6275848499563356 0.006160692606806511 0.006397003876002742
1 0.8122625566391126 0.7078381713098253 0.0040467294574120655 0.013569402161218021
1 0.9458001004162694 0.8600533681899774 0.0026062113612834105 0.009798190573045666
1 0.8499189748169609 0.9480544620943597 0.005440555951168536 0.00380122698411303
1 0.14664775703079483 0.30733708867871967 0.005178572479418124 0.0034940765958250517
1 0.6080235169340528 0.38260867879577376 0.005798298924053152 0.015798661087703895
1 0.9583676097358269 0.33114187488429664 0.006100293659680951 0.00959550581400417
