0 0.14324654456386662 0.9378646012264418 0.02904524834699927 0.056428681451249844
0 0.615406548416859 0.5611118929170068 0.028614479944964653 0.055117025009079904
0 0.6155231926115298 0.48845503174460253 0.028536921891671493 0.05477907165131043
0 0.3432323833216507 0.9329059419523253 0.02809200114352628 0.05650212964921623
0 0.6542151943295392 0.6342309977645771 0.028831007554345686 0.053644073849501844
0 0.69267046891419 0.5615672915616201 0.028340792507668307 0.055116025009080076
0 0.5390372917781505 0.48807593377768255 0.02865699322238187 0.05645233515540823
0 0.06261231078640053 0.9385191809820388 0.029096676334039322 0.056557435109401324
0 0.6536886814175608 0.4166391401755362 0.02902136750092664 0.0549073277812477
0 0.6151712812601201 0.0593464656623771 0.027405357722459528 0.055663453842109696
0 0.5772804921948401 0.4167132381424562 0.028208899503733682 0.05475159128534534
0 0.4605967163736032 0.9307930660855479 0.02735448695183202 0.05470783735359948
0 0.8077825835487201 0.417655245746257 0.029208779731025997 0.054760611577111075
0 0.5388430127515038 0.6339194027340241 0.028734704833040466 0.05514841079659177
0 0.8876546357548317 0.5639673819227874 0.029780458551011704 0.05613492873785713
0 0.6946640876773477 0.9308690491929835 0.027976179837101028 0.05303620899001731
0 0.6923207666662262 0.4889131330999893 0.028263080897009494 0.05508740950259938
0 0.9651091205936834 0.419303437871096 0.029893758812633196 0.05483643927336001
0 0.6150947984168591 0.3451244783254387 0.028146403166281832 0.0556380433491226
0 0.7682827394506259 0.34548798213368226 0.028878764452306444 0.055901702996738
0 0.9254654495017076 0.41805570491450694 0.02871824953103719 0.054665376205326764
0 0.7306052261302464 0.48945514407761886 0.029443791093065472 0.05646940442819419
0 0.6926707956928729 0.6344515344860732 0.028030599622399205 0.05469301215197833
0 0.3457999807028472 0.6352113655604287 0.028098229602450692 0.05682053916017409
0 0.7705251510060551 0.6359852865839817 0.028475374877030876 0.055591273123752984
0 0.7686004761577426 0.41711464312470875 0.028903211280772896 0.05457556004229841
0 0.6154066251955419 0.6337652338083798 0.027992940617061302 0.05423220808581849
0 0.7697136985515615 0.5623870487388131 0.028532793078902014 0.05476656978647648
0 0.9608286131529581 0.05772723470863055 0.02932927611680395 0.05361986354566202
0 0.966710230431141 0.56531796662034 0.030084003570348763 0.05463277078420308
0 0.9702127565924601 0.8617529961001658 0.030370034923849227 0.05578819386809664
0 0.4236862476428125 0.5617186902062334 0.028913811829105893 0.05633061958753326
0 0.5777072524960969 0.059298118098644305 0.02844072722097839 0.054466493521680245
0 0.7296314287634654 0.34561661349488 0.02871824953103705 0.05496409410808812
0 0.38447059497815916 0.6342987507009442 0.028038693937095502 0.05469137701146291
0 0.5774764051149004 0.8554579895899344 0.029222418229123224 0.05478816951451346
0 0.6540387104442074 0.4885328999925537 0.028633463004999152 0.055238740576954944
0 0.07465069984672466 0.04711046650510891 0.0297285413807098 0.05843730703059677
0 0.5775133770268159 0.4882278999925536 0.028208399503733616 0.055844470295923765
0 0.5388827721141988 0.5605805787352156 0.028969646779747418 0.05587799122395113
0 0.42415276730676427 0.4879239675628115 0.027826349279885358 0.0555405378661816
0 0.4230639012001781 0.7073330746997529 0.02829081182910594 0.05456852630307227
0 0.8854050189723754 0.34591533139764136 0.029100141147141344 0.05586024781637218
0 0.49966571589217984 0.7067995578071883 0.02824714499432315 0.05410935737742777
0 0.5391541859728212 0.4160280050350207 0.028579935169088775 0.05398898992995877
0 0.46169565967016085 0.633842602056331 0.027998141331774952 0.05529874187094729
0 0.3818359989710982 0.9316288802673391 0.02852016111171122 0.0548598035684707
0 0.8830639752198167 0.05739248509995099 0.028084213156624616 0.05623626125867772
0 0.3042123167983749 0.9337442088448896 0.028696018083491766 0.05635506885589168
0 0.8471583801013081 0.41787953417332807 0.028679673332966834 0.05461175262573042
0 0.655207095276183 0.8561420875568545 0.029416000455778534 0.05433277086990031
0 0.8483929066870749 0.5631283113984777 0.02916289010075842 0.05565165930028327
0 0.730878786968636 0.5620020871658841 0.028616102951869508 0.05519151825166379
0 0.9673113434039486 0.6388712333750162 0.03001193243561024 0.05675562628418131
0 0.6164958180808108 0.9300149960184853 0.02861709417442697 0.05223989993024752
0 0.5002494565294849 0.5614918084541844 0.02801581727707844 0.05618078851317768
0 0.577357877026816 0.6334623689488953 0.028052822725050833 0.05484220808581832
0 0.6153677693902124 0.41694527531605174 0.028536921891671566 0.05491173320279435
0 0.4626172182507272 0.4876595835213916 0.027665333394466418 0.05501176978334178
0 0.7691703202283405 0.48938071460192856 0.029126359543318762 0.05512567386576812
0 0.9692310275114947 0.7859346093765928 0.029449183464025922 0.05457198635567643
0 0.9244825074591071 0.3458674116093727 0.029196471788902473 0.056361844045357344
0 0.500911889113497 0.2726980191861146 0.028097296674564714 0.05576089405751314
0 0.30804882465074457 0.48819146527344054 0.028287026279735353 0.056075533287439555
0 0.9632697461078913 0.2728789926358486 0.030501281838602224 0.05784486674074424
0 0.6932145269674831 0.7087019057741083 0.027719253179764744 0.055482593873330106
0 0.49989942750283844 0.6336149027340241 0.028403721773005923 0.05453941079659169
0 0.5774354154161574 0.5608853287352156 0.028052476282416423 0.05496782907523992
0 0.5011051878040953 0.3443643972510832 0.027706777949175053 0.05533361091938049
0 0.9644111994495037 0.34652118460726417 0.03046728473936575 0.056520980723966975
0 0.6540772394708538 0.56095829156162 0.029176790722243977 0.055113754728048865
0 0.03628174215686983 0.046157186500007094 0.03017180973569978 0.05759362699998583
0 0.46150138064351437 0.7074867436253973 0.027765006499799086 0.055179796584103415
0 0.5017667936094246 0.05831279041275544 0.028097450231930228 0.0552312300175825
0 0.9269600406913155 0.5630714782145034 0.028652298981418835 0.05553799293233451
0 0.023206362778489975 0.8643049617341932 0.02845475776512336 0.057745438486837705
0 0.4632906315820763 0.27216670500432344 0.027768774286626764 0.05561006298315756
0 0.8085171576799931 0.4896045030289996 0.029608631468480365 0.0555732507199102
0 0.38641624947408665 0.3441375154990343 0.02773357595338545 0.056703441993735997
0 0.46325177577674703 0.3446683296808254 0.027846485897285434 0.05594147577886488
0 0.9713862712407946 0.9366654848361797 0.030284315248933942 0.05405992042095109
0 0.926334047337757 0.49029446460192855 0.029080635385160637 0.05516086644920016
0 0.6920096702235919 0.41648774153092283 0.02826258089700957 0.0543005980622787
0 0.38548182625276944 0.488304450670247 0.02819607783050951 0.05630150408105268
0 0.8498975007576728 0.7089533838286076 0.02957521525244548 0.053960823648898947
0 0.4621231503074659 0.5614907408839267 0.027609736835847328 0.056178653372662174
0 0.8073562660638889 0.34555712951213396 0.029730954579338865 0.05663743355916404
0 0.6536100662495367 0.34482136346595427 0.02855329072224396 0.05533574605989599
0 0.8464587517780874 0.3457751358419663 0.02911349644382531 0.056774728316067405
0 0.886887609169065 0.4903633619803802 0.029315701904569974 0.055298661206103474
0 0.5775130502481333 0.27307931986380796 0.027741476282416373 0.05561169812367315
0 0.7723704541775888 0.8577236606056805 0.028652578351939302 0.053380910247219075
0 0.4608298512055791 0.856177654583833 0.027976179837100955 0.055619634642826106
0 0.5382213198662351 0.8555356078378855 0.028890128054357804 0.05403160872118903
0 0.6555572010815126 0.9304703270928407 0.029494519181168296 0.053758426938442995
0 0.5773576270268159 0.3449725121105676 0.02789689950373364 0.055638043349122666
0 0.5395819266101263 0.20080532693935485 0.02834745389447856 0.055431616402321464
0 0.5006768703881073 0.41617997124989176 0.0276272592237853 0.05368505750021654
0 0.8515166623131022 0.8601551285084418 0.02838359561649544 0.054659231219605225
0 0.9684600159985104 0.7120280603851356 0.030455754598764512 0.05627330631992896
0 0.18400122278783115 0.9370342751289963 0.02936648150065227 0.05742394242570463
0 0.8861116025226233 0.4182468994545411 0.02944401172254507 0.05474904738263372
0 0.42493144052808146 0.20004442829474156 0.02891742605856806 0.05634127855103251
0 0.7311935303221943 0.6349397739243169 0.028634563073219366 0.055292555220991496
0 0.4613456306435143 0.7805954155911259 0.027919776163750774 0.05398991209058409
0 0.42275297797886086 0.6336898182712021 0.028446081493057555 0.05438530944120504
0 0.4248136427760453 0.34428784657338984 0.027904714447909467 0.05578837442347819
0 0.8065444002468546 0.2731028425995627 0.02917651947036212 0.05600960676775282
0 0.7730411233998741 0.932558244742565 0.028924620271418074 0.05219753762650716
0 0.34482645167620063 0.7825750642357394 0.027860826983647148 0.05521381751213094
0 0.7292945712212587 0.27301018642386876 0.028961074325273808 0.05552557651360361
0 0.6914640550555677 0.2727010394671457 0.027793043446230223 0.05515906976009092
0 0.965438888377368 0.49093676488121535 0.02985822324526393 0.055611322250010725
0 0.9277949883599435 0.636941248162885 0.028794627854257966 0.05481473515670744
0 0.6155536680268789 0.7071747809027098 0.02859787272236982 0.05303620899001745
0 0.8475595598164475 0.49004671947999195 0.02856549288459536 0.055561529913610755
0 0.2642194762392865 0.9333764917383569 0.02844244950105262 0.055619634642826245
0 0.5006383413614608 0.48769601824050485 0.028016470834444016 0.05569250408105275
0 0.6530844162572789 0.05911036304082877 0.02792260102102565 0.05519124859901304
0 0.5383375605035401 0.7809004155911259 0.029122609328968093 0.05490384452032594
0 0.30561275968364376 0.7828038311283035 0.02792216976373328 0.055367418867517296
0 0.6934207019068099 0.7813342937598114 0.027976179837100885 0.05394800627924393
0 0.8090138667809285 0.5629849845443358 0.029227239852375995 0.055066287689237874
0 0.6903415987999437 0.05923559360325485 0.027127939410603673 0.05514299182110386
0 0.1035339392635875 0.938455054152963 0.028544551655188894 0.05672428291451061
0 0.806509867801343 0.201192691800791 0.029260211225780538 0.05527518059289527
0 0.3460719713401523 0.5613404098095712 0.028486787655743757 0.055574058794208826
0 0.5393484649994678 0.3449738972510832 0.028502223558430247 0.05655261091938039
0 0.7333061576250006 0.8577354748001578 0.02934641481067349 0.05489812814998024
0 0.3846266717568419 0.5615669739913622 0.028195424273143786 0.056635052017275436
0 0.962298710540522 0.20016201287806198 0.029717662595094316 0.056261900250096905
0 0.6545836720548659 0.7077903584848817 0.029412539783682023 0.05578702630307236
0 0.8095231548524675 0.6357463765518395 0.029023762823920572 0.05421729935118474
0 0.5387647243621625 0.7069537267328327 0.028733551275674892 0.05472162765845882
0 0.849316261250527 0.6365678507844332 0.02902376282392043 0.05436665830256541
0 0.38384832531420743 0.7081708415923172 0.02772669393709553 0.05533226279897458
0 0.308723934782085 0.41640955571271404 0.02808301432924387 0.055056023715087596
0 0.6156791926115298 0.7810534493762546 0.028848921891671608 0.054602047231099425
0 0.6150954519742247 0.13027983062643514 0.02799228705969572 0.054493473887645305
0 0.8052374020539659 0.05882345933254473 0.02885387278120979 0.055812312793490346
0 0.6916201318342505 0.34504931278826095 0.028260620224913116 0.05487984741528268
0 0.8902115406638192 0.7850965059444862 0.029853299036410996 0.05330350166684591
0 0.4628246886968074 0.4161805388201495 0.027924851065309612 0.05429405750021654
0 0.38269082668834303 0.8561016714763975 0.02774304500512509 0.05334014141975961
0 0.3073634048168764 0.5618733591318779 0.02862584204648849 0.05694388986856448
0 0.890978317249586 0.8602298079841321 0.029706529097086043 0.05391243646270184
0 0.8438087328591766 0.05805303618668674 0.0285489146456962 0.055167620210058416
0 0.22436002678830802 0.9358251736657356 0.02768870786838167 0.05736655120526801
0 0.49896590783888667 0.9299376277705341 0.028246337879591986 0.05330089315331392
0 0.8883984399467795 0.6373533955353622 0.029282230531165507 0.0559377478044235
0 0.6547779510815126 0.7814336824836903 0.029490251394340552 0.055058581016228604
0 0.022739112778489976 0.938131257079484 0.028425701519334618 0.053420775598207265
0 0.615836422947578 0.8550791416230146 0.02823084323586484 0.05311867629144693
0 0.7338847317562737 0.9317249563154938 0.028823239962360633 0.05172583238341032
0 0.7717561842382636 0.7833610317118925 0.028951604937705877 0.05520947545136272
0 0.7324215702008444 0.7824766921980859 0.028952049780336078 0.054635668034794686
0 0.7670514562184175 0.13015743451804854 0.0287075476845149 0.05599182354733485
0 0.6150556926115297 0.27315473540098567 0.028223614776940437 0.05576252919802866
0 0.7709514684908864 0.7091532938667239 0.028716983260926598 0.055256797433415786
0 0.9211997584795213 0.05736282461375775 0.027977456455190376 0.054683350772484506
0 0.6937704041547735 0.8565575701210109 0.027743045005125158 0.053644073849501914
0 0.6152114426115297 0.20095786072448374 0.028224268334306017 0.05512881911309477
0 0.26526858298317774 0.8581532153771574 0.028364737890393985 0.054099972494115155
0 0.8056669628923555 0.12947325504235818 0.02849094128645556 0.05522090040147684
0 0.49962743686553335 0.7802931183018991 0.028792279826298988 0.053385317512130596
0 0.30436741324100935 0.8575909895899344 0.02853994130480902 0.05449518306838011
0 0.8845246434216878 0.27306701960784313 0.029019713156624393 0.05593796078431373
0 0.383575104340854 0.781966631805997 0.027801944875657538 0.05490874994187289
0 0.5774745212214867 0.20118581004679043 0.02781984145044062 0.05528078532796585
0 0.7675983278951967 0.20150925599526834 0.0288847511594229 0.05560959107908854
0 0.42461969052808146 0.4164852888201495 0.028138502837250844 0.05490355750021656
0 0.8520957364443751 0.9349723663536103 0.027861420768182713 0.05463603762650692
0 0.7300234086454152 0.4168161752219475 0.02812739947696125 0.053978624236775796
0 0.9616358828692587 0.12804748932979648 0.030160937736390676 0.05692481699346402
0 0.3474723374467384 0.41618053882014955 0.027712785778619797 0.05429405750021661
0 0.8917826089613159 0.9353604330214718 0.02917651947036212 0.05511345305946866
0 0.7666817880165466 0.05904171566237707 0.028273724573656282 0.055651389647632346
0 0.8128074227509638 0.9333440871778327 0.030245815995453944 0.05317178669152
0 0.9235215417117298 0.2725440132780108 0.02926037669789027 0.056982973443978444
0 0.7318073002615193 0.7086931528181047 0.029862102951869553 0.05463523323893873
0 0.38661045172205044 0.2715580225745812 0.02765571078536127 0.0559123602723842
0 0.30681819320621795 0.6351353824529931 0.028467958153074877 0.056364640515560505
0 0.9219817518330797 0.12797363343131282 0.028624903283657063 0.055806272012522265
0 0.7284511663122711 0.05888657461375774 0.02895458761815743 0.0553411075503937
0 0.7678976044809634 0.2735208785592238 0.029025034391631614 0.05624824288155237
0 0.5381441850342592 0.9302415602002763 0.02904670483304044 0.05390875801279838
0 0.5773577038054987 0.7804455845167703 0.028363322725050887 0.052778452652646315
0 0.420808371716393 0.9317808464822102 0.02921956560763875 0.055163735998212865
0 0.3061060343842793 0.7080865781919364 0.02797617983710092 0.054555871138728396
0 0.8442854629198515 0.1297780050423582 0.028127564949070986 0.054934246693192815
0 0.9305446079958939 0.8604569189040638 0.02848911456137459 0.05406794039980406
0 0.9317004645192137 0.9360923084889654 0.02896774785071398 0.05478489657788765
0 0.539543070804797 0.12959680022977293 0.028425165505137087 0.05525494010251644
0 0.10884188462081147 0.5605452294635204 0.0287478391962074 0.0560692780195151
0 0.5772796654161574 0.7064948078071883 0.028051822725050912 0.052588060088201126
0 0.7288717470899858 0.201497441800791 0.028726452648494816 0.055287244787372576
0 0.8122644133060205 0.8582016479460157 0.029923580337775868 0.05344073121960555
0 0.028861019665483805 0.5604714540977052 0.02708785898015343 0.05474132143484234
0 0.38591014366875737 0.41641094085322944 0.027653903670630187 0.054754861566376455
0 0.2676800021522231 0.6347546493455576 0.028058609925016013 0.05529924187094724
0 0.5390360614421021 0.058615655272239865 0.026789453894478617 0.055533027306809125
0 0.025004487001977643 0.7864694237052055 0.027976509318148032 0.05552712332437692
0 0.8831845294117646 0.1290249281882162 0.02954737471205379 0.05581783620699958
0 0.34853764582888463 0.2711214260342938 0.027952357295650754 0.05650584354163072
0 0.889206399047715 0.7101480054396531 0.029523338915061308 0.05425904155166035
0 0.5775914154161573 0.13005163130412847 0.02789820661846473 0.05525280496200085
0 0.46383493963536937 0.12868280022977294 0.02730315818004075 0.054642669821485294
0 0.4222087467042506 0.7804461520870281 0.02860100471437483 0.053387452652646106
0 0.9297053980547968 0.7855113780036084 0.028643774436480744 0.05502939949337441
0 0.6534943256122316 0.2730017016158568 0.02878807911158554 0.05545646162777089
0 0.8101016234273701 0.7092282233424143 0.029264160095075847 0.054510502676512355
0 0.3478058080672397 0.3442772574786089 0.02784684740367766 0.056742282116261145
0 0.8111125017505911 0.7838953522362022 0.02945283698421726 0.055680680694459334
0 0.30929688323623705 0.34376997845464224 0.0274899022648921 0.05661302845810965
0 0.6532606140015729 0.13043179684130626 0.028942348775536954 0.054797406317387505
0 0.8507528790808939 0.7838324869549893 0.028689108909378817 0.05376264271546507
0 0.34507840712957405 0.7080865781919364 0.02774304500512509 0.05577160085769733
0 0.3873491155806728 0.199589597220386 0.027423383068116564 0.056343413691548126
0 0.4217020552389671 0.8565575701210109 0.028831007554345686 0.055163735998213
0 0.8460039751923207 0.2734522311807721 0.028967726504500347 0.05640966602741033
0 0.34876400676743746 0.19886104751649988 0.027801450003282175 0.055994600577218466
0 0.26803035795755237 0.5616443422393134 0.02844847509304024 0.05678978851317768
0 0.2690038869841989 0.4159552922086162 0.027753338383940486 0.05566715885560317
0 0.5395044649994676 0.272926536078679 0.02850337711579561 0.055913995412899826
0 0.9285415130851343 0.7111306528181046 0.029065624133106167 0.05532818260027948
0 0.14652570030321044 0.7864699237052054 0.028360009791996845 0.05847913795698301
0 0.1105773184830497 0.4874338419407053 0.0276914881496276 0.05592172728788476
0 0.6534554698069023 0.2013385938319193 0.029176637164878325 0.055890285327965875
0 0.3436407423323897 0.8565575701210109 0.02844244950105255 0.054555871138728396
0 0.34669431778278675 0.48845748445537596 0.028021825106523252 0.05660757165131049
0 0.8450015769297746 0.20089975599526833 0.02833773979738381 0.0558841805928953
0 0.18859638863758632 0.6352796750342687 0.02829511731910177 0.05621682875114537
0 0.22861650205837547 0.5611715125447633 0.028354479205352345 0.05702674271874024
0 0.691269776028921 0.2011860600467904 0.027559908614254353 0.05528128532796587
0 0.49939462881224017 0.8558387226973699 0.02879293338366457 0.0549417708699001
0 0.0637260094865983 0.8639264363683781 0.027400484132852742 0.05905409799803165
0 0.26643530926695413 0.7834111284175302 0.02898853502345724 0.05536628372700169
0 0.6906497204665112 0.13009443518294794 0.02725233681733767 0.05503448028989753
0 0.46387444899806424 0.05770329041275543 0.027226753684113168 0.055227959736551355
0 0.07482003940968722 0.12082379351290928 0.02784211272320293 0.05604419677676744
0 0.22931545570455975 0.48789416305093597 0.028243313574035495 0.05743257243486735
0 0.10450005854108865 0.8630220849051176 0.028514995409400157 0.058130699461292096
0 0.2686878938521568 0.4880394990585693 0.02774304500512509 0.05546766842795509
0 0.10608782653508558 0.7863716242236989 0.027465127211074785 0.05769233606744833
0 0.5773972671934996 0.9305651167632414 0.02875329594368709 0.05425193870898624
0 0.033715684880690266 0.2658027385504747 0.02761721024678007 0.05733346363209106
0 0.14467072842610484 0.8618964073444115 0.028573655639367788 0.05824015604596491
0 0.46364041060872285 0.2001204114021771 0.02753579301201648 0.05588537990641924
0 0.4260198066346676 0.057322557305319884 0.027674847402761354 0.055378290810906915
0 0.3110519379290011 0.054653439017651496 0.02828368038778644 0.05618861464839399
0 0.8836842318662583 0.2007561791411263 0.029171969803066158 0.05589574478737263
0 0.9231336633885089 0.20043961494664897 0.029248403283656937 0.05615877010670206
0 0.42485347891742287 0.2723183536489368 0.028761502837250937 0.055913360272384166
0 0.151602480266042 0.41450785697243614 0.027950059251861996 0.056144981665346066
0 0.22673398877344061 0.7834513693154238 0.027607598482853515 0.055983246736546775
0 0.03567716342449172 0.11895610705518582 0.028854033216763043 0.0565572562561486
0 0.7285248012819338 0.13021426770202293 0.02879634426459907 0.054910618304238205
0 0.19008820639684695 0.4881157391483815 0.02856242157498925 0.0572855217032371
0 0.349439511713424 0.05481088828602119 0.027945201556306903 0.056798614648393975
0 0.4256311718026918 0.12868361780003074 0.0284518099519819 0.05403644010251646
0 0.5013003703881074 0.20088131004679038 0.028407989559833598 0.055583582617192547
0 0.2671739731255765 0.7086269902369305 0.028289937642260798 0.055332762798974394
0 0.06956826178189822 0.48780271876978104 0.028521478257654585 0.058134988262339336
0 0.18967321134283344 0.5609856176661754 0.028486967928804927 0.05635985149830395
0 0.11090872756536739 0.41406470477754515 0.028807028191368562 0.05673418459186731
0 0.03471434620936079 0.19219846860806752 0.029150263418313557 0.05770555887066046
0 0.22854909429215806 0.6350583489368231 0.02716331262633772 0.05606927801951503
0 0.5015724378040953 0.12959623265951511 0.028330431506540514 0.05464594010251634
0 0.38789432719133143 0.056790425553271 0.027581266961530355 0.05613762188526246
0 0.22730410913011756 0.7097927945075716 0.02814421002673323 0.05739723460418779
0 0.23021580675113956 0.415162186728033 0.02823312815877254 0.05479772800719457
0 0.15196364341512258 0.3415061683583358 0.028068756380548957 0.057102133140927186
0 0.14997004145781723 0.48797733695349055 0.02906149311410019 0.05789402170323715
0 0.26989602793595796 0.34340110162556636 0.028518149327293015 0.05676057918973992
0 0.03221758382351244 0.3394726402490511 0.029119791818150345 0.05762668595521357
0 0.23271213462081144 0.05271623243297877 0.02779312137284887 0.05703582489121822
0 0.22520963772686084 0.8600679073444114 0.028029764114170415 0.05723906921531044
0 0.06496558936465766 0.7868142764185897 0.02882329284239167 0.056807031677666577
0 0.14702099171103974 0.7108862407976297 0.029199685315286897 0.05692821401495839
0 0.027641786748755205 0.6353409020370115 0.026913002532224367 0.055453978366849205
0 0.026306569817636082 0.7108124654318146 0.027713436394462606 0.05530515596702538
0 0.03001976937857131 0.4872395593769966 0.028392134570823437 0.05749069826834457
0 0.14875686345229105 0.6352058996684536 0.0287478391962074 0.05665948094603631
0 0.19385373296671662 0.051756902677381804 0.028397202803932903 0.05629757123306671
0 0.15364608625860832 0.05061242804319696 0.029170032681992315 0.056369433670781864
0 0.23149178649334462 0.26957518668856323 0.027465127211074768 0.05606927801951506
0 0.07392547203823534 0.193565350625117 0.028632868009092108 0.05681508255235198
0 0.06873827167387124 0.5608403309267809 0.028672385550023126 0.05636437948277564
0 0.2720380362749063 0.05377778316460908 0.029029483695976122 0.055912810258612174
0 0.18687481888842442 0.7850389961444996 0.028322845545254466 0.0565025872253528
0 0.38735001913803835 0.1276950198331107 0.02726976696153038 0.05570643332558307
0 0.06771964745038357 0.6356485518633445 0.028446024611470312 0.05606927801951503
0 0.3491932799443454 0.127209668998706 0.028358181772360873 0.055520951759763806
0 0.10789871404350809 0.6353534504000838 0.028672385550023126 0.05695458240929685
0 0.11212337848819802 0.34120222670962896 0.028582465845311163 0.057619364354855665
0 0.031435354726454125 0.4134653533142846 0.026803866576826523 0.055535481665346116
0 0.14957824510400156 0.5602476140080238 0.0290324368683115 0.05488384418200083
0 0.1852658287803974 0.8608249580760416 0.029028454930782592 0.05668746043574671
0 0.07149284414219391 0.4139815308749906 0.028447053376663842 0.05627273532349758
0 0.19205610874322898 0.2690270201812513 0.028574636666171216 0.056743553784454955
0 0.30941490641314495 0.2711214260342938 0.028178670495813452 0.05680094500489132
0 0.10719011323385275 0.7103794617736632 0.02891516414676641 0.05650485889354661
0 0.23186761638989012 0.19699686629764232 0.0283676942965343 0.057578064478194205
0 0.3095709064131449 0.19839236263949078 0.028792485080550403 0.05653273813950331
0 0.11519350962629228 0.05013406092684342 0.0288395099204535 0.05553670484018961
0 0.18762118477296372 0.7099175125052933 0.029061040852490363 0.056171163283328315
0 0.11379547791851756 0.12155096243887901 0.029346774677157298 0.05696748057935343
0 0.27154733757470856 0.12554801680381508 0.028651715465054753 0.05632906785563046
0 0.27063705111286585 0.19789206922416352 0.029396566511634574 0.05641745569863062
0 0.23239554191318004 0.12445078485332718 0.027914472419428713 0.05531500980769713
0 0.11382067455977232 0.1942994003072148 0.028582465845311163 0.057486600842517235
0 0.06655011593452735 0.7107518742631687 0.028974200134760222 0.05665948094603624
0 0.07342502805630406 0.2665227510192919 0.027903547416681426 0.057752127867193984
0 0.19078206733539976 0.41481235697243607 0.028893792405515074 0.05616377873882486
0 0.310438373344264 0.12682149509615145 0.028565624141997644 0.055925009807697136
0 0.1533389289662398 0.12273490436609992 0.029008439974360874 0.05749017663519409
0 0.07216902896333909 0.34067117266027547 0.028786141373900065 0.05761936435485563
0 0.23071594086660022 0.34279210162556645 0.027875230758377015 0.05731318796930355
0 0.27024016205141865 0.2703098970103271 0.028904602973477286 0.05665339427326102
0 0.15279363352314956 0.2678045779089996 0.0282196636729175 0.056659480946036275
0 0.19162683556632112 0.34227567406486037 0.028621534066566725 0.056575434311152
0 0.1133681605470657 0.26711480300583235 0.028492139934253546 0.057077542667537604
0 0.1928534647357953 0.196240065566012 0.02956571948182961 0.056654665941454824
0 0.19320294155888743 0.12332535729262115 0.028604692911959915 0.05601516931889106
0 0.15287652167387125 0.19537430824970897 0.0288381618514665 0.0566937600884124
1 0.07608263321058488 0.053744702380715305 0.007244780621088163 0.03695729666272359
1 0.1922524949855393 0.05866149803056661 0.005741268093972984 0.022555097524393834
1 0.9593184395053128 0.06300841732085888 0.014324339131975613 0.023043398836195047
1 0.8862277778948912 0.49446481408693893 0.006679719386040378 0.008190731243502825
1 0.8156663310114322 0.8689432912917758 0.0039058522048891994 0.018873403555937945
1 0.4628016587545238 0.19771661057517695 0.005537201402461464 0.014571626571900545
1 0.7653238473380628 0.41721635833900905 0.014006128211708371 0.013926127164211231
1 0.1429300815995343 0.9389772836515266 0.012634461105909003 0.04581187169283475
1 0.7684827987721421 0.07374460900813708 0.015173301019192243 0.013519731572092582
1 0.3446830097524186 0.5644905515279444 0.015167442726154392 0.011981238196404226
1 0.032123704506921744 0.5722297383851753 0.004264501721474944 0.01351866506426571
1 0.22630687501575097 0.057757396567306 0.008408028154396244 0.023477996061133228
1 0.6958686176425563 0.2055343056131761 0.009713951332326647 0.02720195246192866
1 0.4240886708870547 0.48794672075220247 0.010380532782254507 0.025867846925951374
1 0.8070646285569385 0.05650557735897529 0.020345473881668547 0.04112728310690516
1 0.46026799999999995 0.27574600000000005 0.01246499999999996 0.012796999999999982
1 0.5779412484681098 0.49351028279392933 0.009325393279033652 0.008966006677395453
1 0.2645422025459878 0.7095683988478682 0.00976790321485162 0.01603213554702538
1 0.8875826086726057 0.3412731462612468 0.006719677466561507 0.013167703008686697
1 0.10405049608320124 0.6462228815355753 0.004980104657979918 0.020165545512023302
1 0.657477538184377 0.6337860342869975 0.007385690598216271 0.028699744276572348
1 0.3893511820810237 0.1981744619305636 0.0032318622849233816 0.011832329282673863
1 0.6130944832181549 0.06463351949433035 0.014631886679009413 0.027559859961047185
1 0.9650998068582669 0.4965728493613923 0.009048852203549285 0.00923293974455695
1 0.49917535917121336 0.48750151809119796 0.0077037932439858415 0.007914441603942663
1 0.8422610708072883 0.20221120132391776 0.00631979191795119 0.025133941522983337
1 0.22875705548502734 0.26924408992737553 0.0030549453387378133 0.016597672538448068
1 0.8897596408843998 0.8602508116255034 0.010767228597266282 0.00788016212615452
1 0.8069452987996383 0.34504934472643417 0.013099057720626308 0.011888382036300231
1 0.7684508463176482 0.5668500840293461 0.012945856231554559 0.010688117420033219
1 0.6197832449239499 0.11193792346481565 0.011709267868164695 0.019429316357952406
1 0.5746877309779462 0.9194703067122719 0.008993806521402945 0.010488221556863547
1 0.9290513034877398 0.2728846254226858 0.005354337036154376 0.02388578972051955
1 0.8806839072385264 0.21147718188634382 0.01242097807331089 0.012875056356119501
1 0.8523599506748788 0.934485222168453 0.017437144703315942 0.019524136920337984
1 0.8888807901673602 0.5639705392724427 0.00992806704183691 0.015849771128317314
1 0.9599506059954519 0.201114578859794 0.00509829566704247 0.018855546728919023
1 0.7321239015025143 0.716391033952277 0.0046387232477285885 0.016298478390746874
1 0.3854979021158152 0.07294575976724856 0.007985381010313106 0.02066345196423933
1 0.45793345650656003 0.4897793761737491 0.012942257578630564 0.010045238893169259
1 0.7715670963176482 0.13700996303067237 0.008088166049529784 0.01663259332544717
1 0.959196698049225 0.2701267763807996 0.007764563450726993 0.019471793783371726
1 0.5390521373051478 0.06945021925495526 0.009081158503709602 0.012761843931457156
1 0.9643178518316862 0.1369457232890227 0.007600787339510928 0.02033253961225925
1 0.7301163616238641 0.34444842113249935 0.006056940015520168 0.02414279162633962
1 0.22168281248938934 0.41874897636679936 0.010865325050535073 0.011213855603903006
1 0.03244014953721525 0.2711918906403715 0.004369380645800788 0.02186114615735932
1 0.38432277051217395 0.5618950794859288 0.00753802623388552 0.011701398545075467
1 0.14596553524571856 0.26667135066058467 0.008978070491437147 0.00993909254160562
1 0.11315111341213539 0.27317678254166455 0.004122687852655695 0.014705038058652272
1 0.18765321806028296 0.5667423601919931 0.013128934436063213 0.014459971699769666
1 0.4240535828685532 0.13974147568350606 0.003301240638665081 0.01806689735062102
1 0.9743250997748548 0.9358871152914738 0.00704828322584842 0.023839786620271787
1 0.770147860630946 0.8515578884796454 0.006343938029683543 0.028253187445483934
1 0.5774107515804598 0.41658402511697595 0.008521308398526937 0.025744996217560937
1 0.9652197712908976 0.4184711613606039 0.007650471447057024 0.020226100739869805
1 0.7675150770810037 0.6341034280866522 0.01359534153331022 0.013890382478402671
1 0.7688569347622191 0.19429517690074202 0.010911626170879617 0.009301892676631864
1 0.060604248328513105 0.8799276117184053 0.00630816539439243 0.021082107340944144
1 0.4969657501618344 0.19892377526628283 0.006061505631371856 0.01550055391685319
1 0.7285523749167475 0.2021098491504463 0.01117074983349521 0.01458280137051775
1 0.5006910623577392 0.34864824501892744 0.009645929953085521 0.020895841443010345
1 0.07820749665361107 0.12980050953640307 0.01087050750714053 0.009112329900068912
1 0.7346408928152438 0.7900463549814198 0.009381165994537408 0.01954165932418068
1 0.8459304736754469 0.7814164905963604 0.012881841007827032 0.012007802165107313
1 0.1459512571228242 0.5695002998500147 0.010968421538016948 0.008648990920465666
1 0.112387349212217 0.20043219503756543 0.010131077881448607 0.008047227927070376
1 0.4999939453125911 0.7810032397392411 0.004512388748058152 0.019657884900029142
1 0.8441280774537301 0.6388443603015858 0.00472437167525147 0.02113672060317125
1 0.5035699097389356 0.06442275304008413 0.012281089141822948 0.02312070879094161
1 0.4159973206901723 0.8641620062834231 0.010399218159027534 0.010473417988392898
1 0.9206924338517893 0.6444540908640116 0.009851544592720033 0.011410848992125905
1 0.1074190212689868 0.127713293295509 0.0036379077950698378 0.022049154196189937
1 0.14762753029973205 0.11882703923521505 0.007314060599464118 0.01554297700716948
1 0.6468931879874946 0.5582445853130733 0.009281911548644783 0.019002386890786475
1 0.18651983090724714 0.49600785986738144 0.004077661814494193 0.021657806565417395
1 0.23341585447104352 0.13102504968770887 0.009582613065402442 0.011508957067163629
1 0.7673737941665291 0.7237335009588846 0.0056290484544081415 0.023419951279109924
1 0.9698011897216935 0.7134690058559814 0.00984046311952566 0.011750882764838773
1 0.06628602817288241 0.4138060268571842 0.011091685989087895 0.010476101945751527
1 0.9666167378304628 0.5737913882906425 0.010880488202325997 0.018129036643491924
1 0.6512497095285702 0.20083657340158134 0.011137647516065 0.013194619794967215
1 0.3506376174348718 0.427857775116976 0.00994142587788866 0.008060415093436466
1 0.5386657899239514 0.8496256380852408 0.004414040519999552 0.02039841131099745
1 0.5751047746790705 0.719104128770092 0.008004295897837185 0.015196621487111027
1 0.847676426129941 0.418883185193151 0.012597825674114927 0.010891191358688462
1 0.6954058743716046 0.26641442445835445 0.011571977202133342 0.013033794900317796
1 0.5395607037825738 0.6438331085844194 0.004489291458561347 0.02076289287141691
1 0.46151622617051175 0.8560123069611164 0.007797220127851187 0.026772816633006048
1 0.8126566428702363 0.7899774576029681 0.005648042386914155 0.020874325692129412
1 0.07196123872345259 0.5040744976709118 0.011210219107956812 0.013197169003132496
1 0.5313083554628154 0.7120061488478682 0.01151317159772751 0.010852703117282866
1 0.6120726626692461 0.2089028639138747 0.011780130576099588 0.010131133249296029
1 0.02594013158323631 0.7931336458874662 0.008784468365681563 0.019969972752544165
1 0.8483026694834991 0.13286061718703324 0.009359502563256399 0.017164619540930338
1 0.8059553739513255 0.41804964676608003 0.010648964670442681 0.010765960796262412
1 0.691321093467834 0.7883124694582101 0.012436647607764511 0.00959841190822468
1 0.39121437684341653 0.1355629723448083 0.010851367916295322 0.011227282540905546
1 0.9699315976679205 0.6363181006339638 0.007726124201102696 0.015179053280368875
1 0.9261652222195249 0.9251105297563715 0.0047319045603996775 0.023012469998936354
1 0.8059553739513255 0.6345876301872363 0.01125999125620958 0.012025824568950098
1 0.5785381467136926 0.635618439708544 0.010929214771578427 0.016524825400696892
1 0.9653858005875668 0.8583285208668893 0.009867007014426183 0.012225745758660984
1 0.9245420335484147 0.7871396375267352 0.009942934167995559 0.011016634901005014
1 0.920342744690179 0.20392000285873033 0.009939896330174284 0.01454710878708583
1 0.22881646617035775 0.49393591401591785 0.011688746925452522 0.012227030958356762
1 0.7682426648228938 0.34966715802475773 0.00847400653492939 0.0226668549246634
1 0.1488323170984753 0.6486330162468111 0.0047535797096090945 0.02449342145063032
1 0.0303280475730024 0.1311857426133701 0.011037690917293482 0.018290579856588843
1 0.5022065155442649 0.2705197149706477 0.012676529211405935 0.01637264620593559
1 0.6160437403864909 0.8538121346967743 0.009277787887712927 0.016280472104321708
1 0.2672823214706368 0.3428259394212027 0.013530642941273693 0.011082675915884282
1 0.5401015708277219 0.7861805370284679 0.010401602327540489 0.012950479478482324
1 0.9139699169737074 0.12854406610029753 0.005729564008089814 0.020420799464697503
1 0.462253582914403 0.418344785282376 0.010985203279585395 0.010977975986298813
1 0.06523824182950193 0.791962888571163 0.0077545961505813285 0.01818006689950172
1 0.8504762083417349 0.710909521740689 0.014177823633286067 0.011130736064809795
1 0.11162232881937442 0.3461954308730264 0.013154739210119152 0.010990226622668842
1 0.7296016924015789 0.5680839425326499 0.008766601570949308 0.021961423940447616
1 0.307451617389022 0.5674582981394777 0.013006579343554502 0.009085069270759825
1 0.3441778842831376 0.6334919802706063 0.011670420246516868 0.01409123082224367
1 0.960387730481244 0.34649555157171374 0.007120176423534748 0.02598975221496546
1 0.4630745529491945 0.06229270575085747 0.004214296906533914 0.02130215477455054
1 0.2726297967407043 0.06915623729735752 0.01098468618904011 0.00835295264580594
1 0.06831323533049075 0.7262290137115206 0.01186630502966459 0.009769723033259502
1 0.7681817532674647 0.4891804741250553 0.006151723302720791 0.02533120502801975
1 0.13769422376703083 0.7970825844226267 0.006959096487481872 0.0262369659187321
1 0.7299516315631893 0.278906740255822 0.006233643490428243 0.024985147775746466
1 0.03760265391606939 0.21311989426846645 0.006536470974879344 0.025156153413549057
1 0.6131227497491858 0.5568047441230866 0.013099267285199246 0.011244434229782186
1 0.3057563321363155 0.7900723511149003 0.0053621011354443235 0.026746053817315416
1 0.805089496648519 0.19897610548027864 0.005659426832621468 0.02473362144675057
1 0.3832812373186308 0.34857578219252305 0.006046358530675527 0.022560429244530337
1 0.34239084401667225 0.7048519731950593 0.00778418615622063 0.015739149100891886
1 0.03087084696133076 0.7273134341971691 0.010995620998976096 0.020585346445429215
1 0.14703691441519273 0.49178070401433904 0.006533497567751733 0.024210089006290136
1 0.8112698596380278 0.9294158442275753 0.005213719276055614 0.024584688455150445
1 0.6863100895315467 0.34032833820385056 0.009403104889692393 0.012309263404559862
1 0.6948924347072265 0.06481882102914292 0.008375329535803035 0.0209161809334337
1 0.4958705586034913 0.6299898991962508 0.004832577879079273 0.019271798392501375
1 0.5768288180578859 0.78671462149129 0.008441789673137185 0.011578378123095872
1 0.2253846383006858 0.6455495047064995 0.01176157450821198 0.01856128453756859
1 0.34637484820895686 0.06663556339480296 0.006252881833176451 0.01752572093656352
1 0.8466038862512906 0.5660225776995137 0.0101602060381647 0.012044412176936624
1 0.1126531783924148 0.4221596045205118 0.003921820322986885 0.02386929587167804
1 0.6502375746965945 0.7853430877061611 0.013317340401333876 0.014625378123095747
1 0.9224541030740747 0.3395942552126274 0.005411666269499415 0.015928049300402668
1 0.5765928957751306 0.2063164179800347 0.010934136115771612 0.008921444092389449
1 0.8838830222688638 0.7151486555633224 0.006328261305519274 0.019978106779701493
1 0.30947490671692535 0.4899351802399091 0.012379311556726806 0.010341495620333655
1 0.02849889981415767 0.4938748598673814 0.006383263166472624 0.02710421241845987
1 0.30876475958657434 0.06451196193154238 0.012206611880780293 0.01882190923047867
1 0.9255791276190126 0.7188227518550383 0.01321522865225862 0.011435042585224112
1 0.22878484689285658 0.20221477677381802 0.005413879200976089 0.01874594476807238
1 0.6562285775122804 0.2794975527721677 0.012370383483484983 0.015133254238717638
1 0.3016546435999826 0.6482535950803219 0.013565478208110113 0.009490460441674687
1 0.6565440952991081 0.13236205341916385 0.00785376737689909 0.01975664740038997
1 0.26158916134096044 0.7914999221192146 0.0055714762392865295 0.021155519941006763
1 0.1115509245906631 0.06124100306285423 0.007458849181326222 0.019309425051678205
1 0.3434399507605636 0.4933549876447669 0.00972697642268589 0.013531650992111446
1 0.8855195864572067 0.783835776845778 0.008859885493617846 0.014637177235306057
1 0.726257781866564 0.1283082134787492 0.005525240622269363 0.023282247929884918
1 0.4200437261246619 0.35222247134942963 0.005414871716393021 0.025296821112210252
1 0.5325184603295827 0.4890872849339935 0.004741111667310383 0.02480244828133811
1 0.9272838975583377 0.8663179454481366 0.010111202066491925 0.013370250743807627
1 0.6139023265278686 0.34903445111816744 0.01045215117861313 0.014044780649685938
1 0.3490009477025119 0.20087018604376652 0.011564193311864287 0.0084506618447088
1 0.8824954890366555 0.4207202615992162 0.006353708133985716 0.019165754657012098
1 0.8098171970621841 0.1392983540792917 0.009493854245718098 0.01325068283925392
1 0.0716704514890718 0.19851418489244166 0.011045147692254438 0.01639720763682277
1 0.8088976638299757 0.5671246735431528 0.008583301074184698 0.019399193378021592
1 0.6099346898187687 0.42100174133184715 0.008906608096461942 0.016909563787818688
1 0.07549307913201637 0.2719100257637553 0.006794484549513864 0.022549092108005833
1 0.6899200738038823 0.4956369335786068 0.01259649217327511 0.01109528613262713
1 0.26920457641662326 0.20213110287126348 0.006517079909561333 0.018027988183399662
1 0.06699279652226599 0.5710592310688722 0.010281778459794902 0.013203766527526414
1 0.0252465206446835 0.8773806551337326 0.0091153391962074 0.019978889781816684
1 0.5008054958803132 0.5646433353130732 0.012680950555599266 0.009852076047693116
1 0.921299198165087 0.5636180324945335 0.005735639683732649 0.024022732253169435
1 0.691204776051846 0.7137518751783704 0.011581319890519927 0.015567426059318554
1 0.11180513048557439 0.5681050535081662 0.014219631801674642 0.011144382140902086
1 0.3873626539929391 0.6350849228159796 0.01031738288743708 0.018807588904794777
1 0.5426703985449667 0.20045313758337246 0.007595295212809424 0.015177221150353897
1 0.8127794659810947 0.4925945894062683 0.009221312326239402 0.019697846076639085
1 0.9260268985787521 0.415675262047293 0.006820447460879011 0.019099345066972553
1 0.2246270239691711 0.5641247564346874 0.006636882307025424 0.024121701163289995
1 0.19026114393895951 0.12426063362341808 0.004442214954233608 0.018840658467272536
1 0.6508735950712189 0.41798307400298773 0.009403104889692251 0.014436790412755484
1 0.7324109546740479 0.9257027610436009 0.00941109953012039 0.026335214670633666
1 0.6542851336884495 0.8598265637380499 0.010662035163726822 0.009418465327388494
1 0.14865891780815457 0.06216104876219692 0.012042113739203518 0.016736401914175646
1 0.033881614037419266 0.049438672032304024 0.010312391217579096 0.018751127867194007
1 0.031177754253699303 0.6463350010483481 0.010079991829501924 0.014629480147786781
1 0.029016630051407703 0.3484318125857155 0.006056639559830023 0.026166463023370314
1 0.3066245160855856 0.2069197660406089 0.004867237370380043 0.020844923301654227
1 0.7687775630854398 0.7845349322836387 0.008473506534929323 0.019511942317573094
1 0.26637687771642554 0.13343365191417567 0.009607053339691618 0.01613499943856948
1 0.30816289525505974 0.13584919191259684 0.005864975925382436 0.02251777504563008
1 0.46291601549841505 0.7129114055750326 0.008883222004975188 0.02302308143109631
1 0.5386626756944892 0.5627330616435755 0.007528733405268421 0.022182731419470858
1 0.6101280652880499 0.7859481822846146 0.012250014469513348 0.019493837561033504
1 0.5783050118817167 0.058266418627030844 0.01170633087816456 0.013246310245866153
1 0.14786206181558825 0.19707628384887563 0.010164957999859683 0.01456295891818756
1 0.42096379493771025 0.7099101727703898 0.015076052467771111 0.014132857983013183
1 0.4631136587545238 0.1341099824604394 0.004602354959826985 0.02294730277216773
1 0.22813204064706782 0.7905391966190963 0.008530379200976077 0.026044175679065567
1 0.38195431503587557 0.7132240812776104 0.012274937186482242 0.009936500406509657
1 0.3885700481876098 0.4918317376447669 0.009145980268633464 0.015058488843400351
1 0.6125812291466721 0.6384339025349485 0.009675035072026997 0.01849221049144358
1 0.11310897813919236 0.49430137791689355 0.009197419816542 0.019168741201181023
1 0.8427575299082238 0.3421336073860989 0.0073127101198221 0.02070703574458424
1 0.8084209337693008 0.2694677158326463 0.010300544427742852 0.015484995859769861
1 0.3089356735651911 0.41803235957979823 0.004443231023796086 0.022240462432432054
1 0.8074217788603131 0.7142223413688449 0.00863269473111767 0.026012785807314854
1 0.539401185995746 0.1345707865265994 0.011491525548857684 0.015339181185518856
1 0.42393299766573744 0.2008308504097769 0.010381032782254433 0.019892579232905
1 0.7272474567148766 0.6441073661833411 0.009808913429753189 0.021364553339068715
1 0.2652444712713775 0.5591610380238466 0.006498287108265513 0.01808127875846646
1 0.15239357510052312 0.3469093672231543 0.005025521031572053 0.022392516887181316
1 0.5744167206766894 0.2766049716978122 0.005805669812303151 0.02213414610639762
1 0.6914795541399306 0.4171205622905716 0.008544992173275024 0.01980900299449434
1 0.7323727655124374 0.8689616375834915 0.010098504439108062 0.015252096139370088
1 0.26609831865257394 0.4142326366377627 0.011629214083830636 0.01677081383758777
1 0.6509817366780929 0.3414989747876652 0.00592293402828252 0.02182135499687715
1 0.3853005088597064 0.272194113615261 0.011954901612826776 0.017582835362842185
1 0.271544686636284 0.496624713975269 0.00990644817412684 0.015198373934147014
1 0.9209209392700676 0.4913909500424179 0.006950427413096799 0.019715381582249
1 0.2627890967406585 0.8612677900685519 0.013274114825510283 0.012614661261228562
1 0.4201624274340637 0.5674494872963843 0.005332892318906677 0.02247571786560414
1 0.30115230558148104 0.8605762663990542 0.008197802171107027 0.025851073360170788
1 0.030560611799290285 0.42308325305725114 0.007390687136737857 0.0220219987981994
1 0.45993616768300505 0.342987746964095 0.00567294757807879 0.024922459238862025
1 0.8461398796048492 0.06119851361257483 0.011240975977489794 0.020987566100297523
1 0.6559180088110033 0.06196340466119416 0.011015154632497928 0.017964194489252135
1 0.6929588621932237 0.6364504160390464 0.007296031501178535 0.027018169929381337
1 0.5811082815456684 0.13038183720429275 0.007498600542116183 0.02250135011116329
1 0.6952948818571754 0.5640272271807532 0.0046444940503991596 0.02111406249382648
1 0.1543834113091434 0.41826589427768757 0.008742120525127182 0.02398407831255079
1 0.5772950877218375 0.34834399501892743 0.007042980681282119 0.02575939545940143
1 0.10593633723780801 0.8737755607455296 0.00981013801377331 0.015089918564538176
1 0.6127770652880498 0.4919831362893802 0.0075737073547823 0.019922542859791455
1 0.8501220069076555 0.8722354703193892 0.008623203997336105 0.024536479513926266
1 0.4967644921260654 0.419935775116976 0.005842328817641065 0.019953293506787588
1 0.2686652624764048 0.6438342437249351 0.009448367641196184 0.01711343343347919
1 0.19070927310843366 0.270071503096721 0.006715009755024678 0.02497629595061777
1 0.8859237835209185 0.0578195909147937 0.013397973991653296 0.016692849093689885
1 0.5749581645005203 0.5667662068997221 0.010784287796013318 0.019283292212795344
1 0.42249492931118765 0.6359999903862373 0.009371588958423455 0.015761724045310233
1 0.42190717088705476 0.06069737806496861 0.013966416675668296 0.018110229121741664
1 0.34664226384027363 0.2729232096813937 0.008283474540808045 0.022814100340399556
1 0.577177616748484 0.8558636785975342 0.008676731619844136 0.01673637074893509
1 0.6552959614056942 0.9182526918527875 0.013613922811388506 0.012923451275832464
1 0.18486675643053702 0.6433072981218267 0.008289254522125646 0.020684886000829326
1 0.30496615296267743 0.7088049799222238 0.00647618981876877 0.02029436526599409
1 0.49676383856869977 0.8627090163990542 0.008485830694765157 0.022801303079139613
1 0.538038195358441 0.41909914336492715 0.009399386962633914 0.020106894862174225
1 0.02630438652922282 0.9485416387729387 0.008055958473708554 0.029043973156095252
1 0.7299805906641248 0.4901002562222939 0.008772588278065903 0.020504461805929016
1 0.6160431636078082 0.26739754943347 0.007880132453223507 0.021097315131579943
1 0.7762321607412362 0.9361221385364018 0.014186458492963886 0.023718251753473835
1 0.3434372989647005 0.3434040844877093 0.009292432298084184 0.01597115434281248
1 0.38070806503587556 0.7833620539210323 0.013368628194627188 0.016155986255415783
1 0.6910869782998098 0.9263899924807119 0.012594031501178589 0.013669066085547807
1 0.5010787936323495 0.708197182632997 0.011668085387575019 0.015735243679345392
1 0.5398261391822718 0.9171044519684186 0.014371776487419597 0.021602512069156702
1 0.26352637670586704 0.9284415363814718 0.015840558649341106 0.019595748465521222
1 0.4207791221964565 0.9347575127119738 0.01575624439291302 0.017601430845494676
1 0.181988 0.9387570000000001 0.014335000000000016 0.017672000000000104
1 0.22289007082833767 0.9306024643923198 0.015090729236854268 0.016820783405854578
1 0.4166168796820273 0.7857191653920501 0.012113141380344812 0.01721647947848224
1 0.4959009752777996 0.9286703032740362 0.01673933257188906 0.015794957953227804
1 0.4584403890905721 0.7851077126812768 0.012239238853240865 0.025733763213842333
1 0.6175942815915182 0.9221250600509695 0.016434638084595297 0.021591066085547943
1 0.30033173910405503 0.9365802221499117 0.014812478208110182 0.01942679570497905
1 0.46026816905578055 0.9230382424807118 0.012313836234437363 0.02523548496142342
1 0.09930004243701696 0.9379885985332721 0.014933733827454118 0.01798399414002277
1 0.3412220556273308 0.7830561687805166 0.010588032598855103 0.024062134850260163
1 0.38094398731863083 0.926917218811214 0.010720858530675493 0.025075843043974505
1 0.06479041085378065 0.9409304646291388 0.02087374878387586 0.021543508772628808
1 0.34604353971762714 0.926385087059165 0.015554847222081954 0.023404714680392284
1 0.19372535592409212 0.20384989628659075 0.00279554621686735 0.011049183793617839
1 0.07130751357463452 0.3488984578977031 0.006068108720639332 0.006115226622668788
1 0.19129938899297302 0.34386844307935427 0.0052329634012089135 0.012243784695447964
1 0.26349486103852887 0.2628962455391725 0.005411205399161088 0.01099707059269651
1 0.3102817048938103 0.26528600285547554 0.003589151448672296 0.013595092541605635
1 0.06987325016845028 0.6439197110499267 0.004068149290320723 0.00942661039376874
1 0.17884625912485003 0.7219355926130021 0.0034286323882228276 0.009208419869217813
1 0.22170268776055088 0.7147853432258722 0.003280209889784898 0.014950976208919995
1 0.18049861552915264 0.7875079210120357 0.0031420654269884492 0.010859421538423045
1 0.18649052466145835 0.8714243975761843 0.006852605568705474 0.006807780519762277
1 0.342433794387512 0.8660399666906836 0.002724742332389765 0.01127648362000557
1 0.14267361622143987 0.7203433685916875 0.003036603273405545 0.004425128403810947
1 0.7691459623684002 0.27077295950281394 0.006056384858150095 0.010783483200105144
1 0.46421030626922877 0.5697973226592264 0.0038078689222720598 0.012917128264044326
1 0.8472870288878094 0.2714031001033564 0.004516734664760138 0.015796277957008546
1 0.9272567909349226 0.062023150338417654 0.006224952073276103 0.008146677728496872
1 0.8796232386571139 0.14197901070145397 0.0018635135814758538 0.008188087497690668
1 0.8872023184228746 0.27975854008223083 0.005341664915840355 0.015216164748372521
1 0.3092901470957835 0.3385279733277979 0.003912286828671973 0.009940259815094107
1 0.1797482870334537 0.4269719592259862 0.003586371371806495 0.00981806451182021
1 0.8859066942175009 0.6434289320339494 0.004113997165545585 0.005694501180455604
1 0.6168080939142787 0.7102493198832809 0.004329769963158287 0.010719171889550936
1 0.9707731260294967 0.78361632151694 0.004759564157401179 0.008050559342316138
1 0.6953829792043392 0.8595539235852352 0.004312876134754225 0.008444083484306666
1 0.6920218929149548 0.125828025913279 0.004818119860833988 0.0063825810245866045
1 0.37607657143691037 0.8543334941351061 0.003980828834490176 0.007031577624618296
1 0.6158381873174997 0.13716775364009137 0.011009343005667941 0.015216765421283222
1 0.9359203989110877 0.9312635189581376 0.007450972804772586 0.01762948616085336
1 0.9136768014550457 0.06528156190776291 0.0046766685635729385 0.00905474772114637
