1 0.774658868046424 0.743530823468496 0.005512922857150123 0.031212600194383558
1 0.424714869109512 0.8482016881155579 0.007812738219023957 0.008420222016985215
1 0.8677842559248168 0.9322504639699025 0.00859304714352083 0.016589773725674706
1 0.5208360992677349 0.8327709754731671 0.008697920593658806 0.0079452733608994
1 0.027729864933907434 0.538257963684709 0.005548793751019947 0.02010630132828236
1 0.9108973809297212 0.5539223044249163 0.006907600094159253 0.006973823792876378
1 0.6730280974468804 0.9251444908377829 0.00982514930500647 0.028843196618609453
1 0.8188057544485169 0.6367056071471414 0.005809811837863862 0.019143214294282885
1 0.9112774857090606 0.7371242264867028 0.005134925829366855 0.024440560444927723
1 0.8205569515076867 0.8373404416121342 0.007369741250090123 0.01937083648165965
1 0.6217699393527313 0.8321990677624606 0.009323181646293073 0.009089088782312495
1 0.1695809813553684 0.9256818762657535 0.007557259995480854 0.028143787353391223
1 0.1859128278078357 0.24818485712464486 0.009038344384328595 0.030135285750710342
1 0.9607207371853608 0.5540812974317638 0.005723080252382052 0.025751440649397373
1 0.5787423900830347 0.6416031807576303 0.006028269871202029 0.019630314772652094
1 0.8230050790814034 0.5498767740604596 0.006776461103637192 0.027795286435267103
1 0.2714379121715771 0.9422184848959474 0.004945568810333716 0.014982665476797535
1 0.4228343919038893 0.9309430948127285 0.013851738219023973 0.019694142882848643
1 0.7177029434076526 0.8254201869196345 0.007547422109191707 0.022157219625138527
1 0.9594124934351155 0.8292981180016452 0.00656775451717462 0.025662866846116406
1 0.47751345146845353 0.641112284732576 0.005233857348152398 0.025508415251021602
1 0.6780309750205974 0.0859052428752592 0.00462860151160974 0.02152270069356211
1 0.2703331038211923 0.8291325443165537 0.008410504927128741 0.025521123454991367
1 0.5183509227983006 0.9360162655365989 0.01113711176724452 0.01591300239184659
1 0.22516665224513877 0.834171231295986 0.010368921191047051 0.009130158276875138
1 0.47002071396796313 0.9282905060200114 0.011613382347171686 0.016675596140240275
1 0.3316112323313792 0.44101655130399947 0.004356400779553406 0.019353459155921363
1 0.7279166798058221 0.6365400382291522 0.005850546375945845 0.024370660558522002
1 0.4282176242569458 0.738797053593768 0.006122667631250213 0.026480845501883826
1 0.22709965777795912 0.43807847087248974 0.009515676723867375 0.020858672251766564
1 0.9114040437973249 0.8348079801656666 0.006400506712008227 0.025904651903072604
1 0.5749223092003932 0.7349610185368117 0.008859224282447441 0.019463990331014893
1 0.5310083533128478 0.6442138735252931 0.0058184286838845025 0.027139331150803803
1 0.7196026757607091 0.4471316430352461 0.004001073579607164 0.020785762699187943
1 0.8611586004092888 0.1769360689687885 0.007416736112464688 0.025031137937576938
1 0.9583778015233796 0.46178879375280013 0.008384022164117898 0.008118909920165653
1 0.721922023187973 0.7386357802224638 0.015561814022889272 0.016031513702319172
1 0.12234350274287291 0.7281026449940506 0.005121558303310275 0.028459968262062558
1 0.4793123917600833 0.07549574508268375 0.004205208571320994 0.011704898946115927
1 0.7772966522379898 0.5439989235820903 0.0058059103576406194 0.02339316957874611
1 0.7207405875259919 0.9242083903594138 0.012103013286701133 0.01700573397621852
1 0.17357309252331757 0.8236322227787086 0.0077078149533649385 0.020300554442582656
1 0.32423658306134745 0.8340980225528764 0.009816335641028847 0.023360740790655813
1 0.7220719195109543 0.08006878842194429 0.004631141962738908 0.017527422629758288
1 0.7780555702530276 0.8330145257123518 0.009350397858131002 0.013333742996442917
1 0.09350275513739471 0.41626011886549624 0.007066871442738587 0.015443629100798896
1 0.9566257434351156 0.36683814055220576 0.010116325104948285 0.01440865026158522
1 0.1711876674721633 0.7292199971892378 0.006101334944326565 0.020882994378475492
1 0.06653807141512158 0.8255629095699474 0.008774951180627912 0.020518871372720245
1 0.6257794268532217 0.637317645700674 0.009403924294217303 0.01645024465873952
1 0.6757286606825784 0.8236244521018629 0.010751927246817344 0.019383488303943156
1 0.09493995722499089 0.06830838209975475 0.004945658917161461 0.010538477295354638
1 0.3289063121853855 0.6333378804181541 0.008259857772310194 0.02372515220611445
1 0.6210307764851276 0.9320470445735439 0.011813972087613806 0.012589934932957484
1 0.3708715401702213 0.8235471943918312 0.011197505391596916 0.012894441016488283
1 0.8167797140071962 0.7327983105869206 0.009102544190920594 0.018403466959710787
1 0.42899808896305897 0.3578559209166624 0.0065866676312502865 0.018173795090716326
1 0.38095145050589374 0.2566836481933416 0.0038419427637111786 0.01940267034554766
1 0.9603022331402478 0.6396126328190985 0.0078675337195042 0.019965734361802927
1 0.22723808836193368 0.5471697549415993 0.0047196656582267245 0.019280849020179302
1 0.8184893592278565 0.35940557513079263 0.005177021396543229 0.02780488857593324
1 0.6760502500196165 0.3542326767138916 0.007862499960766862 0.021094646572216928
1 0.9126063456358342 0.6491162578646955 0.010323807448196682 0.012927884886564692
1 0.11797495483046912 0.9249531349712248 0.013356526361707729 0.025230322175274923
1 0.6773119978149746 0.5455079469533944 0.008850833864666448 0.029678108849832636
1 0.22379829044952987 0.7314902254255604 0.010846069833419101 0.0182851813579077
1 0.3172755664628865 0.924091182851315 0.012691557976927186 0.01238440052451368
1 0.9148417283569851 0.923270524698816 0.01294029494868713 0.009578479283719047
1 0.6252105959705804 0.4478635589350285 0.006238611058519216 0.03058344028462243
1 0.47888361323373635 0.7375734764867028 0.011605716172605049 0.022073167916449355
1 0.08480285523970323 0.33687856284451567 0.008649646596201403 0.028508482236953875
1 0.07388175815957622 0.5347247398011219 0.004381196903126979 0.019887836150166198
1 0.8684384125426658 0.6442567847325759 0.009056547143520766 0.01775052272254336
1 0.8603568390121002 0.27784786469786105 0.006742213318087441 0.014653206024417846
1 0.9123112471062494 0.364834425609162 0.005851680976800694 0.02820869700419366
1 0.8626353151154021 0.360060274891608 0.00876628170121916 0.018661395569085703
1 0.2375566639384391 0.16174962491197395 0.005674008460852838 0.019862980330735046
1 0.28830318983567865 0.1621503054563998 0.007695620328642616 0.008135389087200408
1 0.5285175628715271 0.5389362810536122 0.009028196330827987 0.026663622836137706
1 0.8703803077633262 0.548245092978449 0.007703918467483075 0.02224529342841958
1 0.9129862699006266 0.45309152038149586 0.007792145682913748 0.017189732334731297
1 0.12818064710774407 0.6331074826133412 0.009264294215488139 0.02272896522668221
1 0.5789530933919593 0.44676290472089825 0.007631792665579167 0.02299213185636191
1 0.9146535022536831 0.27555996867280663 0.009520004507366418 0.019228998074526747
1 0.9494724893900026 0.18530245450411414 0.006451584661665969 0.029352493108445902
1 0.12208004021729581 0.8270806682754184 0.010920824901771242 0.015055049646681563
1 0.9061693467381552 0.18347013439020154 0.011048228770197318 0.010004483723446709
1 0.5287915452245836 0.4472108895386699 0.009492696330828092 0.026992470649079198
1 0.3815041728417921 0.43543172541341885 0.013582654316415848 0.025813549173162427
1 0.576609477215431 0.5422460999716014 0.011812792665579242 0.011230629829290193
1 0.7249192264968974 0.2576394557912312 0.008554942698927235 0.02177512652550613
1 0.6261797172945425 0.5414710228645362 0.011640737529915264 0.009353368143638139
1 0.2772435940108711 0.5355743963114058 0.01040654918969134 0.020616827444695368
1 0.4816265893370382 0.5398784574431232 0.011182087496566986 0.010090344772333911
1 0.7244132441438408 0.35997849802372756 0.00830132652239911 0.019804210990498717
1 0.8152807720954603 0.09178562371808525 0.01108796330827913 0.012210093222040252
1 0.7685856908388397 0.1766592289801479 0.010436618322320606 0.015054542039704176
1 0.4342951345518135 0.252086932419927 0.005357874985287621 0.025535710625723736
1 0.8613264603360624 0.09117333516455269 0.011383991259898562 0.0075591002151927785
1 0.7676149584857832 0.2660987548344925 0.010520083028433833 0.017666490331014913
1 0.23584300976324674 0.3431072867281028 0.009603444577647809 0.022364625689031376
1 0.32471357262336653 0.7301665906789538 0.014385761947502513 0.010733572727714325
1 0.6758561492853897 0.26200676771606796 0.00897825298202499 0.0233227503751796
1 0.07203624772159525 0.730555564562541 0.011587112143960009 0.01918318135790777
1 0.5280941147100364 0.7350440605869206 0.013924951478261944 0.011953443588406325
1 0.33538983922182747 0.16074139232291593 0.005837486794039787 0.017994158604696324
1 0.6298533044269388 0.25735299434476383 0.005052911794707662 0.026265096161049307
1 0.8641324654834962 0.4520314970101917 0.012606117731294388 0.010006793063644702
1 0.5317250389748289 0.35287379007383635 0.008688032360903309 0.026669164247890308
1 0.43230989594900215 0.5377561303360582 0.01337821101536289 0.010907583086681875
1 0.12759061516614154 0.4393412165197543 0.005925208201001736 0.021732806998373044
1 0.674652236417786 0.4517460507459526 0.011386078717232581 0.010088054749296771
1 0.822877840478592 0.17893750354737548 0.009815216251071152 0.019069745409098796
1 0.7616799283393302 0.08917088540373737 0.008943462560320765 0.01939809322204025
1 0.724200929805822 0.5453476887643187 0.012522697846361194 0.01579933078602896
1 0.0755073490792232 0.6269637630824895 0.01041937874242101 0.019475256671766125
1 0.3754724290022721 0.635074491318812 0.01203828305569857 0.011510034870450105
1 0.42802624558090796 0.6361349646186634 0.013339561749589604 0.010491882494718023
1 0.6309762246466183 0.3593331697207391 0.011620550706763513 0.012689660558521916
1 0.6236252172945426 0.7322680489012684 0.015990389000330302 0.014567681902754459
1 0.6258204786917311 0.1683223376475931 0.013371679441651262 0.024142259395403872
1 0.770647839002292 0.45423508580290894 0.011763167709716289 0.017840386548861536
1 0.38315515196583017 0.16412924678856755 0.009352696068339595 0.020349506422864906
1 0.27488951780670595 0.44082208839634784 0.015012964386588213 0.01862482320730437
1 0.04537340429130942 0.15728099016536753 0.00767023363377311 0.0195726934265802
1 0.5297447696426105 0.07375963418202568 0.007029836569965303 0.026832981459896557
1 0.13015153040697455 0.5361572441538573 0.009339549748308454 0.014108862266579331
1 0.23540389796763786 0.2536729960357932 0.008473157103224903 0.018139061715354114
1 0.4821344327191892 0.3507133624884019 0.00915393602615209 0.012873678234195265
1 0.19071418595360337 0.06794363645249024 0.012239796958361047 0.007868342548748212
1 0.4795796827191892 0.44549996195323543 0.014010319849623613 0.013766877163862292
1 0.9542186676999078 0.27564326072291545 0.011386850103967458 0.013676474703222544
1 0.6748210268591067 0.6420534459398587 0.014592124305987218 0.010895690922978547
1 0.5806192147159214 0.35218352019910837 0.012905500019616614 0.009933362812782323
1 0.14487628166229397 0.04243459746606445 0.0052474994413828765 0.019062229754012772
1 0.2728876947408393 0.6379520456339088 0.013846006182448056 0.014011160911585463
1 0.18197740828950176 0.3458875410808383 0.00937717774695269 0.01534713439450226
1 0.6750530268591067 0.16909969511911493 0.013368775776402332 0.016222343495621506
1 0.1784999826106878 0.43496976875258014 0.01357032638932473 0.010563607148927873
1 0.33576036072544907 0.08200396026079988 0.008862402034872797 0.015200937932541705
1 0.025671168379131568 0.6340909869660766 0.012427889575827567 0.012991382712901562
1 0.482011078504538 0.1531895336927224 0.009854645943435374 0.0131857804812899
1 0.28864798221526217 0.06628025832908381 0.011649035569475698 0.023772483341832396
1 0.37567929079788104 0.34547495194385763 0.013633070530121342 0.01811495612054098
1 0.5815452593207467 0.08374018414438697 0.009377815926237407 0.01852774224763846
1 0.32931421145541734 0.24816046783710935 0.013720656312373661 0.012651648770063875
1 0.1908399678952059 0.1553505293399869 0.012239296958361042 0.010320771775818936
1 0.43162881795044 0.06770105602098055 0.011699997068829121 0.009324825137806265
1 0.3873288504035852 0.06601328861003862 0.010670125858324636 0.019013951178941745
1 0.13701831850905713 0.2524950047412642 0.011925125952473583 0.019038061715354163
1 0.28009927522250533 0.347308362806877 0.013482422678600548 0.015419456120541034
1 0.7244334298058219 0.1710594836726475 0.012817046375945976 0.015730182288338706
1 0.6271713158241273 0.07582338420781402 0.011935586059500238 0.014267090830193572
1 0.13163277550181396 0.34055756719725117 0.013406848288371926 0.018722169216386166
1 0.039348030174740464 0.24397184841917394 0.011410939650519075 0.018795303161652243
1 0.03651093560525225 0.43987522087248976 0.013595168495248623 0.017750833114785886
1 0.08888896766297186 0.2517303525837158 0.01277955202671319 0.016196418263276776
1 0.5812817967951696 0.16700652706952235 0.015679210291108425 0.015177106371870527
1 0.5326696320658791 0.16025573145989655 0.015992880832527905 0.01459453256356088
1 0.04801596766297184 0.06350015783978047 0.014687237167497274 0.021611908404361238
1 0.03647305783884209 0.34454004108083824 0.012415604612043536 0.01852779525752163
0 0.4811325367603787 0.7348202532633896 0.03769369412618597 0.07377397010191672
0 0.5318846430160185 0.5386337424088858 0.03769831984962352 0.07359525349657617
0 0.4295704238810049 0.535743051526302 0.037840868390978256 0.07564796521662491
0 0.6820079378862394 0.7370639728989331 0.03673665952140781 0.07140657757343866
0 0.6320795702334111 0.7369832112132807 0.036354581591366585 0.07320357757343862
0 0.32933322982074037 0.6328403590308639 0.03878973200813449 0.0748402819382725
0 0.22558089905976572 0.730312522765353 0.03590213529832663 0.07114931643233528
0 0.7305020037005586 0.6400742846413823 0.036781295539713245 0.07230027650310544
0 0.7305861489212188 0.7369413151882264 0.03619023745144901 0.07214052383767752
0 0.5820661268453752 0.7366159880811612 0.03782728160313649 0.07295876215202553
0 0.2277400115301089 0.6311407960102959 0.03745865752375705 0.0733837993492145
0 0.43058288858711813 0.6355053357521098 0.03809398456750672 0.07491351895238581
0 0.4300133771899295 0.7341659505815592 0.03872677500882746 0.07344462642390774
0 0.7790382323824814 0.7366566189239874 0.035138444057528126 0.07010223878072137
0 0.6813327345773151 0.834668230074473 0.03741118231578516 0.07125238563692413
0 0.48171235624583153 0.44026503717522175 0.03885333309709164 0.07173091847401655
0 0.481132967274926 0.6355439341630128 0.038960136037921915 0.07596997745984421
0 0.5821994783275602 0.833683419385954 0.038093984567506775 0.07124128763119046
0 0.4805733334514543 0.8338058270966605 0.03758775221445022 0.07344462642390763
0 0.48077415918666166 0.5373682692767663 0.03950810074403472 0.0740020922892936
0 0.631784041189279 0.5416134234908966 0.03804156909185716 0.07416867638951116
0 0.7789973055783009 0.6392999747840116 0.036575287508337044 0.07075165678836437
0 0.6809739264890509 0.5423069889123097 0.03694668231578516 0.07310765301820685
0 0.6802347636214471 0.35179414395758823 0.03648082128669067 0.07154586629895394
0 0.4832012400693031 0.3445695586614473 0.03828747427263888 0.07276488267710567
0 0.6323118202334113 0.6391757846413821 0.03631284923831018 0.07197216903158365
0 0.6816699959745036 0.6390531269306756 0.03631389187446453 0.07270611529582263
0 0.8745266720993836 0.7369014343454002 0.03551884256553491 0.07059186962354727
0 0.5824525945040885 0.5397825059796167 0.037840868390978416 0.07246536473825564
0 0.4308360047636465 0.4365928058540264 0.038600216920563334 0.07075165678836443
0 0.8733234184282498 0.6416239388555125 0.03463103228243705 0.07197216903158365
0 0.7316013015233798 0.9309975493976318 0.037967426479242644 0.06903794883847339
0 0.021829840919647004 0.9200236325125667 0.034370318160705994 0.0717560627716667
0 0.9166894309277595 0.36020344070019666 0.03378486020267019 0.07073774944243288
0 0.5826358882425637 0.44331611607617183 0.0379543396914007 0.0729367678476562
0 0.9208894360751932 0.7362485149490418 0.03737566314350013 0.07222381588778631
0 0.6310870411892792 0.2552123096749831 0.03639445291532883 0.0703174881215558
0 0.7795861970885947 0.8338923877851794 0.036740605822811086 0.07067996274398926
0 0.9612366077711729 0.3624486755179682 0.033022971221956264 0.06886301812123746
0 0.7780262323530566 0.5433718154214131 0.036229 0.0727760000000003
0 0.6315571327505756 0.9327112573475229 0.037840868390978416 0.06903794883847339
0 0.8270893791186749 0.7366141047956893 0.03505659044916731 0.07001721052412538
0 0.8284815180895805 0.9303855108440992 0.035815938978752175 0.07026202594553858
0 0.6822401878862395 0.9313737372500129 0.038719856580577326 0.06832143201475763
0 0.780367772823802 0.9310052489356648 0.03754440876364124 0.0710118712858437
0 0.582072920239296 0.9343025575867078 0.03834710074403503 0.07271018015966875
0 0.3793765223164409 0.6340178503253928 0.03794863595109275 0.07428129934921467
0 0.6793282408270697 0.2572526099141677 0.03669270511016239 0.07194993438579471
0 0.9227672938463662 0.8323369345681824 0.0368284036848653 0.07001721052412528
0 0.17329070243594732 0.9266532700942182 0.03701963688002914 0.07335947722250517
0 0.43013993527819366 0.8335610116752474 0.038473658832299154 0.07344462642390774
0 0.32767617637551627 0.7324008431376121 0.0384883917161472 0.07386897458779544
0 0.03226170887573593 0.4292390734440639 0.03464681565006716 0.07365019224885251
0 0.026844839780444635 0.6226051998737281 0.03443374344409434 0.07772979111726282
0 0.5317660801542997 0.8335610116752475 0.037461194126185926 0.06952757968129929
0 0.029311708364193268 0.524392316845147 0.03527447559031396 0.07066365556931595
0 0.5320737996338676 0.6366862344021975 0.03908909779143483 0.07433753119560516
0 0.5321162125014712 0.7358812918169221 0.03816145882052912 0.0734478929948515
0 0.3278390859674119 0.9316192483305408 0.038061019250323305 0.07212123384570551
0 0.5325254286838844 0.4416115219929934 0.037714310302714285 0.07295499558108164
0 0.38053119799525487 0.536121018376193 0.03875160400949025 0.07420896324761428
0 0.6320000860595001 0.8341730502287801 0.037714310302714285 0.07173091847401655
0 0.7310292827446906 0.8343416377851793 0.0378358536279772 0.07157846274398913
0 0.3808639108221087 0.43782326801194726 0.03791064636396728 0.07333479031592244
0 0.7292781551709737 0.4480506511331282 0.03686476024582636 0.0706546977337437
0 0.33006735758715056 0.5345306879446832 0.03674309317608364 0.07151396324761425
0 0.6811213507538433 0.4460507317367696 0.037241530845370026 0.07106153652646095
0 0.6318688669244867 0.4440919583654654 0.03770498820921568 0.07204029821211293
0 0.582832268768881 0.3468679539061525 0.0368284036848653 0.07197573389542955
0 0.8763413073991554 0.929496225564361 0.035857602870210704 0.0719108712858442
0 0.42924158822490893 0.932557683514252 0.03819566178489932 0.07313747875736597
0 0.7301429456122943 0.5434089083086683 0.03732876024582628 0.07139444506831588
0 0.12644180921027856 0.6284086351472767 0.03772187051380225 0.07423306884242736
0 0.6308610632651228 0.34852908674095334 0.036701845596601064 0.07173091847401651
0 0.7279268180385775 0.2587633984677003 0.0364401315697885 0.07056483390742553
0 0.913841443427269 0.2681113260531348 0.03492302196795292 0.07016508620807847
0 0.8262019180444625 0.6403188500627952 0.035306597712968756 0.07278940734593152
0 0.2782041019382132 0.6319054481678444 0.037710221174727984 0.07199913848619517
0 0.48000382205426567 0.9333232959010556 0.037714310302714285 0.07271018015966875
0 0.2809970171790462 0.43554086905368966 0.03601519904344659 0.07216961844054269
0 0.3282032613198428 0.8299944149000753 0.0375340505391597 0.07090648600082566
0 0.022413957620416515 0.7246542475656249 0.03930450981032123 0.07780221796459533
0 0.02285923465685844 0.822697230154683 0.034671658452693294 0.06748231635948623
0 0.27887587223358984 0.5325878304315097 0.038551000000000016 0.07637000000000002
0 0.7758931048087644 0.2601916601533524 0.03669479038247108 0.06950431053612136
0 0.12559470757334204 0.7259415749981788 0.036027667239929194 0.07260629902139339
0 0.582172068757111 0.6379098115092626 0.037279816897023345 0.07335726950995293
0 0.07900338404300726 0.5279496510405284 0.035738656965139816 0.07437869791894333
0 0.6794350437679001 0.1643023761099319 0.037159427168351404 0.07064029452274458
0 0.7766559809454143 0.3543348242592497 0.035436264713959796 0.07173091847401651
0 0.1740627079687677 0.8265707142614315 0.03680620076323424 0.07425796284694405
0 0.9699101817247588 0.8318473037253563 0.03568938089048795 0.07050684136695137
0 0.2770426019382132 0.8302979250868119 0.03689360447395844 0.0719991672373182
0 0.3798596552892883 0.8321798887836623 0.03866383801358255 0.072849129452903
0 0.5315821389709057 0.9334703387927171 0.039479999999999904 0.07457300000000017
0 0.9685813217979855 0.7369813279278089 0.036322171331808685 0.07124128763119046
0 0.3314608575871506 0.4373737799167091 0.03676839046082774 0.07243581412544614
0 0.2825282886826678 0.33954976969354794 0.0368181671018441 0.07348044320196195
0 0.8654364798627099 0.08589471467986712 0.034297241919582444 0.06561053293869086
0 0.2759755804345916 0.7320854409800637 0.0387765835979965 0.07420949199873741
0 0.9241812165956256 0.9289233026714259 0.03611262271198814 0.07076502549997443
0 0.7281590680385774 0.3530601170897077 0.03741086392284501 0.07162965834906264
0 0.917892663280816 0.45262264763655197 0.0349257440261417 0.07098533556972225
0 0.07506810107831938 0.6261382676477016 0.039417029663197795 0.07503460333649016
0 0.8203818004406753 0.1717025198851326 0.0345503580961107 0.06732424088858203
0 0.37879263378566674 0.7323765814331852 0.038036178305569844 0.072849129452903
0 0.8241553511376307 0.4507876673288925 0.03627578742987104 0.07025316001135963
0 0.8234824736031469 0.3566605707626735 0.03644872942007291 0.07099647220977746
0 0.48460957599389914 0.15440387093562563 0.0377721452969457 0.07083391899176802
0 0.7773520504308671 0.4492008000567972 0.03606905515528043 0.07099647220977746
0 0.5338256772075844 0.3450591895042732 0.038542994114416085 0.07325451351993166
0 0.33294842700317595 0.340727510988077 0.03773501822723794 0.0724362997498846
0 0.18135611830444007 0.4333065516803867 0.03658025232547924 0.07255759232413028
0 0.0866798056765544 0.24015929676307035 0.03477234782390378 0.07187780772686433
0 0.9704796931219476 0.9278149489192624 0.03480347427263916 0.07050684136695147
0 0.2758940004644682 0.9299067526832763 0.037107040358519305 0.07258152945533126
0 0.9533310721621564 0.09470806985073603 0.0308801735364505 0.06071422451043034
0 0.13417483134155986 0.3360167958099609 0.035111315185598985 0.07272808665403951
0 0.17580748421435835 0.7260629902139336 0.03502341170710888 0.07333479031592234
0 0.4347593054998348 0.24649363112681197 0.0370815198613936 0.07295499558108166
0 0.12908455430511795 0.530390137982322 0.03748395527296923 0.07537438489837556
0 0.9127645886479294 0.17781368104161618 0.03504735799802824 0.0673057921308979
0 0.8684105949369172 0.2657116417077345 0.03391756765478996 0.06977239510271228
0 0.12286448979425316 0.9239332918578955 0.03533744546264798 0.07180480765401501
0 0.4324812599110803 0.3411147915029464 0.03758775221445016 0.07026202594553838
0 0.582794708897704 0.25193670723756095 0.03781045443818179 0.0730922289769553
0 0.9104911592847443 0.08895490744752993 0.03505659044916731 0.06487608667445179
0 0.5333035705771958 0.2501883007272772 0.037496283896762544 0.07153805940846508
0 0.1762028026543729 0.62985383897307 0.038249796958361046 0.07391705190500464
0 0.23230302259574948 0.3378013631832642 0.036793188210040045 0.07289759535951047
0 0.8719522364374025 0.45074488595089973 0.03517917859561011 0.0721261206266783
0 0.7283064923033699 0.16646634924205148 0.03618701539326014 0.07056156320154924
0 0.18622638490290105 0.2424661833916126 0.03502291077817251 0.07260629407979406
0 0.07167259594092468 0.9233626266421411 0.03563878598686938 0.07406310326364136
0 0.8705171845988932 0.3586111252787836 0.03484023668387417 0.07049090365656312
0 0.9649111372383253 0.5481062303076596 0.03505659044916721 0.07001721052412538
0 0.286074645456999 0.14936507097326435 0.03562577250473887 0.07144085805347125
0 0.37841603796085915 0.9311332896238557 0.03778511442236477 0.07260629902139329
0 0.22539260114736195 0.8297515844685657 0.03477234782390381 0.07090648600082557
0 0.5826064109853002 0.15859276438770306 0.03768492249657928 0.0694984886355358
0 0.0745659733119092 0.8235594084650688 0.036153199181531745 0.07163497729535472
0 0.9597222556194956 0.27036313471458195 0.034803474272638954 0.07026202594553838
0 0.33556544309009423 0.15057897313081278 0.03619032555453735 0.06998337546441324
0 0.22927785735491646 0.532915629276851 0.03727051869170609 0.0750830979942205
0 0.0826627835452731 0.43065977028241176 0.03577660335672412 0.07406328161045143
0 0.22425034628927584 0.9294701853099728 0.03625379635580781 0.07462235988684088
0 0.09327023261068777 0.05317986450061922 0.03364256034948092 0.06993516427478691
0 0.08409366107944918 0.3346812284366577 0.03487240017700005 0.07394223881158785
0 0.03482869843775497 0.333818889299677 0.03475951711000361 0.0736745431266846
0 0.28441784201177495 0.24336493339161264 0.036078123862366876 0.07294681149073605
0 0.5337871344604008 0.15623728179864502 0.037710220013557505 0.07110111467667131
0 0.3829729056156714 0.3415045957723222 0.03635416663737585 0.07253348672931693
0 0.3846298690701849 0.24525873582477356 0.037157454714352015 0.07284912945290303
0 0.9202768312958536 0.6408491117484473 0.03564422123176447 0.07140177650310556
0 0.8725854573932704 0.5452866699943203 0.035433155801232775 0.07221218338266355
0 0.8269422827446905 0.8330340186280054 0.0362810947603685 0.07043211695811946
0 0.9568114195894202 0.18039346734529504 0.03252542868388446 0.066589794624343
0 0.8669293537162517 0.17414018453819244 0.03475182786138325 0.06779289260926727
0 0.17931614471322227 0.5309608031980768 0.037270518923940184 0.07554439360384647
0 0.12433938815731663 0.8253806367013914 0.03552553947351904 0.07333479031592234
0 0.6309876213533869 0.1611754567643725 0.03670184559660117 0.07124128763119046
0 0.03808003935740198 0.23881154429227067 0.03398134633635027 0.07209626796338107
0 0.8259058676822532 0.5450392040377408 0.0357269616946634 0.07073798978385247
0 0.07506810107831938 0.7246060076248756 0.03489787976550634 0.07187780772686433
0 0.48385663434428383 0.24916813551152234 0.037270517530535584 0.07241169415507158
0 0.8220236187845741 0.26288589497112397 0.03555594919515367 0.07048610258623005
0 0.9666395952716631 0.6420729388555124 0.03547611239750356 0.07091164566027945
0 0.9189048779869291 0.5463883393906789 0.034165895496556964 0.07049847543277259
0 0.8751603930552515 0.8329936377851794 0.03703940065379891 0.07084098611529335
0 0.13081044804232936 0.4324080516803865 0.03616552896649551 0.07464587922828468
0 0.2353032996321914 0.24319467468614167 0.036015017436386715 0.07163497235375538
0 0.3852573687689083 0.15199979485685147 0.037408198578978535 0.06942539287535515
0 0.19030642346945179 0.05609382967873534 0.033391496466275865 0.06896384254874821
0 0.2395837842890498 0.05591176570505817 0.03503555918831042 0.07054235805347128
0 0.9632631482124936 0.4549082632971494 0.034798006515843014 0.06919136593417848
0 0.6309876213533869 0.07047134313084652 0.03695496177312942 0.06805868715282115
0 0.13603258134155985 0.2420533442546319 0.035562984703932925 0.07178061580583264
0 0.09063406183703442 0.1464267502003351 0.03414468811589109 0.07187780772686433
0 0.7748802095881042 0.16858917634911658 0.03644081317684841 0.0684420164589408
0 0.7730017739261229 0.07786544962922706 0.03648068450081045 0.06766834402197464
0 0.1427423748603457 0.054600306397367716 0.03316554709958445 0.06889076116412908
0 0.23035111284066231 0.43454505718656666 0.036404263064736826 0.072120638158374
0 0.1886117422578175 0.14873363929967703 0.03477234782390378 0.07066365556931593
0 0.43509379946899984 0.15277687964109662 0.03740869834674434 0.0704939015808261
0 0.18359046459371584 0.33704863893543136 0.03527447559031398 0.07187780772686428
0 0.6787000206289684 0.07218505108073768 0.035942497067016306 0.06854831799564719
0 0.04050309217496644 0.1454917095080256 0.03531255760660806 0.070979048068284
0 0.7269819313017385 0.07463320529486794 0.036069055155280326 0.06903794883847322
0 0.48483584236012617 0.06254077592821934 0.03722042249657939 0.06923055260921303
0 0.13944733196921955 0.1466450927369418 0.03536269722951005 0.07231449280007772
0 0.3374864591770126 0.05707745420218061 0.036768527246707906 0.07190241332167746
0 0.334341677119293 0.24497949205944486 0.036253432444985696 0.07083365933318761
0 0.28824015098981937 0.0562761411816129 0.03593976143909824 0.07127110900658075
0 0.582556043772988 0.06665696063718705 0.037333124188749886 0.06823536562978073
0 0.2371989272824845 0.14938942903887717 0.034784995072871285 0.07003259159563878
0 0.8194491136371405 0.08231377323971593 0.03420368154821041 0.06579311270077925
0 0.04504064687550996 0.05399360048930334 0.03258766449705625 0.06913433193705837
0 0.534257958897704 0.06454430847963867 0.03664335782252296 0.06935233080789685
0 0.43545069746675513 0.062137578062209195 0.03694560673606448 0.06901786735728435
0 0.38626819862291456 0.05903178028095483 0.03691921945494034 0.0724114394380904
1 0.3329920836890071 0.3424153433136641 0.0061138479619889064 0.006750382312231347
1 0.17428242300498364 0.5354287528593283 0.003677782126762123 0.015565844855637334
1 0.175105 0.6329740000000001 0.003715999999999991 0.008086000000000027
1 0.2238988432670943 0.6303996870037154 0.004117303234958146 0.013574730555353052
1 0.022872087897465507 0.8245549269808893 0.006226048028520857 0.02107785396177838
1 0.020725396247850265 0.7366992840933926 0.007255600846085287 0.01952292473470765
1 0.37698479570304166 0.7427574992715087 0.0047454636396731305 0.02003367681697879
1 0.01608687964938929 0.9244554284985795 0.0039794398827531635 0.016026856997158737
1 0.06495010826188474 0.9155555698683858 0.004670024874154229 0.013914478873752351
1 0.21555722531100538 0.9248074915191472 0.003477131205985346 0.020179339586216788
1 0.3705452207541959 0.9240425893615989 0.00733099432595619 0.017823856997158907
1 0.7713405412383203 0.637708674544827 0.004556091177509088 0.015668186970433696
1 0.8690090349689491 0.7365954799832791 0.005890372878728266 0.018643221652210423
1 0.7662782177077547 0.9247547561515996 0.007340369119320192 0.02178857250575921
1 0.8158722606982717 0.9342922793913156 0.008892521396543241 0.014954297096978953
1 0.5751980830970915 0.8166459474093635 0.004510933841126584 0.013755263975900213
1 0.5777066661941832 0.9349145961402403 0.005315439707093954 0.010282247699347064
1 0.6660866577397864 0.7454133958830615 0.003964966949988158 0.013737791766122984
1 0.4706552959529255 0.8370562605301234 0.005788127199737764 0.015042890217420541
1 0.8222030676842149 0.27552211819443734 0.007114903015372937 0.01147060554604854
1 0.9496004085073612 0.09537810853585689 0.0036645846616659757 0.012369586228887744
1 0.9643117206407382 0.7438269063727903 0.007280558718523251 0.010998187254419508
1 0.3282097212657386 0.5365822659175349 0.002874314765066909 0.008887870972050165
1 0.43313499558090796 0.45374748532453957 0.004387642632231094 0.00853333980625307
