0 0.7718401486988846 0.6460204977282115 0.04082580987785452 0.08067430813713342
0 0.6221455124800849 0.7446045022717885 0.04115772703133292 0.08035161090458488
0 0.12497591064480261 0.8425274426070039 0.04049517871039472 0.08011811478599225
0 0.27495874666481374 0.7452754279074795 0.04064150667037245 0.08084214418504111
0 0.02918210881045022 0.35718467833981843 0.04068078237909956 0.08016864332036322
0 0.47197954779607004 0.9411162543370509 0.0408789044078598 0.0796844913258984
0 0.5735628515666489 0.5516234744940107 0.04058029686670212 0.0796900510119785
0 0.7710743497079128 0.9400621557207766 0.04128571481678175 0.08015787195373805
0 0.028557531962201167 0.744879485516645 0.03977904391328516 0.08072578901859057
0 0.27579857712618117 0.6481513104193688 0.03954184574763759 0.07979537916126242
0 0.47234852708443964 0.7449096970260223 0.041284945831120516 0.08031660594795544
0 0.6214824073287307 0.9399934057207766 0.041159185342538505 0.07808418855844697
0 0.5237975443441316 0.5504418300289136 0.04029291131173675 0.07990833994217263
0 0.42405480416887936 0.4533513437629079 0.04128539166224106 0.0787003124741842
0 0.47338665281465736 0.5496151327963652 0.04136969437068504 0.07954573440726964
0 0.9231920035847053 0.06232347222222223 0.041152992830589694 0.0801534500206526
0 0.5730502258364312 0.6469559149111936 0.0415465483271376 0.07931817017761261
0 0.7712522668613913 0.8405316832920281 0.04097771481678174 0.07858763341594383
0 0.6716809852628782 0.9401485043370508 0.04164927801380784 0.07968517472118956
0 0.6230123451938396 0.5510522244940107 0.04123180669144994 0.07983833994217271
0 0.5240823150557621 0.45281035068153663 0.04119436988847594 0.0808452986369269
0 0.6722965695698353 0.744595848409748 0.041220860860329264 0.08033430318050389
0 0.42399245983879924 0.3559351635322093 0.04097408032240136 0.07902067293558149
0 0.6238880775358469 0.452240809582817 0.04065985130111522 0.08035161090458488
0 0.7217723975039829 0.7438009011771994 0.04126120499203399 0.08003519764560105
0 0.2742339776264591 0.9411584721141375 0.04092904474708178 0.08080105577172504
0 0.47389954502501386 0.35544816353220926 0.04177490994997223 0.07804667293558148
0 0.5246791259032796 0.3548417663207955 0.04015174819344084 0.07886046735840896
0 0.07712936353529735 0.6486373104193687 0.04034127292940528 0.08076737916126239
0 0.3245246897238449 0.6474260135274679 0.040711620552310174 0.07961297294506399
0 0.8227064524694636 0.25781572697232547 0.04032793414763682 0.0806743081371334
0 0.9715749543281997 0.1584280181743081 0.04033525119490174 0.07938959686080128
0 0.07660680211228457 0.9399199424989193 0.040338395775430844 0.08102611500216166
0 0.4225899491502921 0.7446394470260222 0.04067910169941586 0.07977610594795534
0 0.8223270341210833 0.45301860068153665 0.04023293175783331 0.08126179863692694
0 0.3239310225703665 0.745914242874845 0.04085195485926713 0.08038951425030966
0 0.4729934028146574 0.6477371121437422 0.0405831943706851 0.07958977571251541
0 0.22700380336297937 0.3565383987246001 0.04061822373540857 0.07955161370514485
0 0.17459237298499164 0.9404520749027236 0.04279925403001675 0.08141485019455254
0 0.5740635187201274 0.45274539653035933 0.04025396255974505 0.0787792069392812
0 0.5221907928836962 0.841843979140851 0.04106241423260753 0.07927604171829818
0 0.3248044604354753 0.45315844929781074 0.041603079129049446 0.08089610140437835
0 0.7733748733404141 0.45244200206526225 0.0399122533191716 0.0807539958694754
0 0.4722685063728093 0.842336479140851 0.040792987254381324 0.08026104171829819
0 0.9221986192246414 0.25668628665840565 0.040825809877854724 0.08035161090458483
0 0.7229789182156133 0.550256678645188 0.042014660647902345 0.07889264270962422
0 0.17605661867704275 0.6478058104193687 0.041558762645914446 0.07910437916126245
0 0.5227471686139139 0.7444237497934737 0.04018366277217211 0.08063550041305244
0 0.37394228836962295 0.551256073110285 0.040967423260754136 0.07830985377942992
0 0.6736010266861391 0.3551814699504337 0.04150635501858742 0.07985127116893848
0 0.9192113648433351 0.8402842317224287 0.041157727031333025 0.08002891367203634
0 0.9715501643653743 0.0637220708384965 0.04028567126925111 0.07843288599752167
0 0.0775877173429683 0.35647928112840466 0.040910565314063424 0.08078443774319065
0 0.920787971322358 0.5485659334985542 0.040659851301115324 0.08002891367203634
0 0.47383231996813596 0.4534245937629079 0.04093336006372807 0.0788468124741842
0 0.7218018767923526 0.8418487291408507 0.04098824641529483 0.07928554171829806
0 0.3743355176579925 0.4533417979140851 0.041421964684014864 0.08061740417182985
0 0.1762958588104502 0.3561121919584954 0.04134241245136189 0.07937472978815391
0 0.9708244822092407 0.25604089219330856 0.040161975570897616 0.08035161090458486
0 0.028090797387437434 0.9398923545179418 0.039540405225125135 0.07759329096411566
0 0.5233493357673924 0.6463559676786451 0.04006032846521512 0.0794090646427097
0 0.5222580221720657 0.9407059515695992 0.04086495565586848 0.07757309686080127
0 0.3729281833510356 0.7457826442585708 0.04126263329792888 0.08077171148285828
0 0.6726420488582049 0.5499376327963651 0.041579902283590035 0.08019073440726969
0 0.3247574190122145 0.5504257314126394 0.04084516197557088 0.08052153717472126
0 0.7248532954062665 0.0628185708384965 0.041780409187466866 0.079852858323007
0 0.8203355312002124 0.9390144723254856 0.041228683218268815 0.08064408302354407
0 0.3735653090812533 0.6480268093762908 0.04054538183749341 0.07887838124741837
0 0.029260712618121146 0.2593055164288802 0.040490574763757704 0.08166496714223949
0 0.9211782728359001 0.45202205483271374 0.041108537174721245 0.08185028479966958
0 0.970067328597982 0.4514514631350681 0.039643419808815646 0.08199989033457245
0 0.6224340330589484 0.6474129676786451 0.04107093388210308 0.07958688124741838
0 0.5727019551248007 0.7452062956422966 0.04051808975039829 0.08026440871540676
0 0.2267271614785992 0.25909751642888024 0.041454600889383054 0.08124896714223952
0 0.4234086577270313 0.5507491258777365 0.04165268454593729 0.07858674824452706
0 0.9676354942910251 0.9382676764766624 0.03942659134360054 0.08044128025609233
0 0.37346685050451406 0.8421242291408508 0.041012298990971884 0.07983654171829811
0 0.4226342612851832 0.8417526305245766 0.041763477429633614 0.07973873895084674
0 0.27600511951083934 0.4533485458279291 0.040649760978321375 0.07929490834414175
0 0.6217498866171003 0.8413522819083022 0.04136222676579939 0.07958343618339518
0 0.3732098505045141 0.9410633529533251 0.040498298990971855 0.07893329409334982
0 0.6721621317047264 0.6466195662949195 0.041947736590547076 0.07929086741016118
0 0.4221665319968136 0.9406930043370509 0.041159936006372834 0.07883799132589844
0 0.7236173353690919 0.25756739198678236 0.04163190918746693 0.08211382156133827
0 0.7237501489644184 0.45225760068153653 0.041233702071163135 0.07973979863692686
0 0.7714252522570366 0.7441204564229658 0.04065985130111522 0.08002891367203634
0 0.7737006440520445 0.354590818566708 0.04089571189591083 0.07931536286658408
0 0.27508960047248465 0.5499601633160397 0.04055579905503061 0.07931667336792042
0 0.8726462584970791 0.35490826579925644 0.04030048300584182 0.07865946840148696
0 0.27445118524180095 0.8417757953955901 0.04066862951639807 0.08064140920881968
0 0.8718301911842803 0.5493726765799256 0.04065985130111522 0.07777003304419662
0 0.872350758497079 0.45242094929781074 0.03970948300584171 0.07942110140437833
0 0.17554945344635906 0.7450686779074794 0.04193409310728186 0.080428644185041
0 0.6716841476367498 0.8414136720363485 0.04198751991502923 0.08099700536968196
0 0.3248853318510283 0.3558781635322093 0.041481336297943316 0.0789066729355815
0 0.9200411577270313 0.7434750619578686 0.04082580987785452 0.08002891367203634
0 0.6240960552310143 0.3546844699504337 0.040743889537971256 0.08014806009913261
0 0.673364360993096 0.4522512520652623 0.04169685793945835 0.08037249586947531
0 0.126121094913841 0.6475920159965413 0.03931139494163427 0.07935231993082582
0 0.2253149538632573 0.7470677075226977 0.04106209227348531 0.08172458495460441
0 0.7751636377506652 0.06182026497133997 0.040454001858736176 0.08025666109045845
0 0.7728087476101965 0.5498229883312681 0.04043958762612862 0.07996144547707552
0 0.3746980822679266 0.3563540459360138 0.04070383546414682 0.07918290812797228
0 0.1265219487215119 0.3563522959360138 0.040113102556976137 0.07917940812797229
0 0.17745013771539742 0.0642870166450497 0.042608724569205156 0.07938196670990057
0 0.07699346734296827 0.5509836781236489 0.03972206531406341 0.08001264375270208
0 0.9685010621348912 0.7421842730276744 0.040161975570897415 0.07938351920693924
0 0.7238917110993096 0.3550758644155308 0.04085299203398835 0.07834927116893849
0 0.7225707732342007 0.6463618162949195 0.04086645353159862 0.07877536741016113
0 0.5744244610894941 0.3551800311284046 0.040629077821011654 0.07818593774319064
0 0.22500024624791545 0.9408507221141374 0.04112750750416903 0.0801855557717251
0 0.12645319872151192 0.1619180313445741 0.03997560255697614 0.07941593731085171
0 0.8207979288369622 0.7431523647253201 0.04049389272437602 0.08067430813713332
0 0.5745922110894942 0.258844913640294 0.04096457782101166 0.07871717271941205
0 0.572340767259692 0.8417853277571252 0.04079146548061619 0.0785133444857497
0 0.1262301987215119 0.5504097957198443 0.03952960255697612 0.07954040856031122
0 0.5259607487493052 0.06320411943363595 0.04063050250138969 0.07924276113272806
0 0.028897693579766504 0.6484074567661047 0.0394171214563647 0.08300979031560739
0 0.17641668010005554 0.551105692931258 0.04123663979988886 0.07890561413748376
0 0.920582729952204 0.6454363828996282 0.04124512002124285 0.080151472945064
0 0.32657503515842135 0.06418528145265888 0.039996929683157385 0.07782743709468225
0 0.1252388682601445 0.940619089710333 0.040326263479711 0.08039782057933426
0 0.8729089219330854 0.16019981412639409 0.04016197557089752 0.07841542750929366
0 0.07759821734296829 0.2593212812364894 0.040931565314063424 0.08034543752702118
0 0.17543905725402995 0.8427813102031994 0.041365885491940015 0.08130137959360142
0 0.9692270371747213 0.645405678748451 0.04061817419012215 0.08202624803800083
0 0.9223645778013808 0.15923172242874847 0.04082580987785452 0.08035161090458488
0 0.8728259426447158 0.25668628665840565 0.040991768454593826 0.07841542750929364
0 0.5719996208178438 0.9404781557207766 0.04176875836431232 0.07905368855844684
0 0.277199284741523 0.06396551664504971 0.04164843051695384 0.07873896670990058
0 0.7249415454062664 0.16117280018587363 0.041956909187466855 0.08036139962825276
0 0.8227009926978226 0.355080963031805 0.04031701460435489 0.07771407393638988
0 0.1762573262923846 0.45331666342412447 0.04126534741523076 0.07990667315175094
0 0.6253264516728624 0.061785531908302355 0.04054934519383967 0.08036835832300698
0 0.07666074068927178 0.8414930009727626 0.04009885769872157 0.080751349978383
0 0.3258985585047248 0.2592532960440985 0.04107588299055038 0.07885840791180287
0 0.12582024110617007 0.7457195751188932 0.03940451778765986 0.07970384976221348
0 0.2755572042801556 0.3564297663207955 0.04114359143968872 0.08203646735840896
0 0.9708580164630908 0.3536198254853366 0.04056096123207656 0.07995495456422959
0 0.2760641195108393 0.25926951642888024 0.04076776097832133 0.08159296714223953
0 0.42302263701540094 0.647325513527468 0.04054872596919807 0.07941197294506401
0 0.226149944413563 0.5499891915261564 0.040647581989994436 0.07869920017293551
0 0.9694968135953266 0.5487272821148286 0.03983005841741902 0.07841542750929362
0 0.22658778432462476 0.4529698986165154 0.040828431350750476 0.0805642027669693
0 0.07841057115063921 0.06514341385646345 0.04047178154530301 0.08041923151750975
0 0.32362331399362715 0.9415138988021479 0.04090037201274558 0.0778982023957041
0 0.3748078746525847 0.25799163402507563 0.041618250694830494 0.07971273194984871
0 0.32370935541688795 0.8420266305245766 0.041736289166224134 0.08028673895084676
0 0.7743047476101964 0.2576103919867823 0.04110816755177901 0.0809090326311441
0 0.12696111395219561 0.06425678145265887 0.03960177209560872 0.07797043709468224
0 0.029054962618121145 0.551151178123649 0.0400790747637577 0.08034764375270222
0 0.9217837227827934 0.35430219950433706 0.040991768454593826 0.0787381247418422
0 0.03030493927181765 0.06601632587548636 0.04014712145636472 0.07743634824902725
0 0.9188794476898566 0.9380614931846346 0.04082580987785462 0.07873812474184226
0 0.8708952570366436 0.743672453944651 0.04078148592671279 0.08106909211069811
0 0.4747721254863813 0.2582237516212711 0.04074074902723745 0.08085249675745788
0 0.12574694274596993 0.45372622135754426 0.03995275152862701 0.08005025940337217
0 0.5749315648971651 0.0625671046260268 0.04129587020566987 0.07931979074794639
0 0.02803640911617559 0.8414802204928664 0.03908421345191774 0.08072578901859057
0 0.5244794606725959 0.2583030164288802 0.04114207865480819 0.0796599671422395
0 0.6741443195698353 0.16125245156959936 0.04226102363250145 0.08245688579099543
0 0.07714425972762642 0.4538281634241246 0.04071848054474714 0.08092967315175104
0 0.17691911867704277 0.25902403123648937 0.04258893218454704 0.07975093752702118
0 0.2259674114785992 0.6485738104193688 0.0416721770428016 0.0806403791612625
0 0.8694237918215613 0.9388682362660058 0.03983005841741902 0.08035161090458488
0 0.8237003684280403 0.06220522222222223 0.04032426314391922 0.07927155555555553
0 0.6739245884227296 0.2573316811235027 0.04148964418481142 0.08035161090458486
0 0.22501724624791547 0.842824707414613 0.04116150750416901 0.07936158517077382
0 0.6241835138077535 0.25757968783560514 0.04025497238449286 0.08084762432878971
0 0.8210009069304302 0.840800479140851 0.040899848911311765 0.07847983064849244
0 0.7212227827934147 0.9403203738124742 0.041157727031333025 0.07809273027674517
0 0.37517828988326846 0.16089561932555121 0.04096942023346308 0.08074876134889757
0 0.9684180828465215 0.840445580338703 0.039664099840679715 0.08035161090458488
0 0.4243763136464702 0.25866014883268484 0.04139437270705949 0.07969870233463038
0 0.2768528080878266 0.1611866193255512 0.041302892440244675 0.0799797021184609
0 0.12618388729849914 0.25930923681366186 0.040479225403001716 0.08032134868136616
0 0.02916550861589766 0.1612218979680069 0.04030016675931073 0.07937472978815391
0 0.376029662729294 0.06336400183744054 0.04058767454141195 0.0788869963251189
0 0.3258076623123958 0.16168801653696496 0.0405466753752085 0.08030696692607006
0 0.5745293572818233 0.16124189894076954 0.041186285436353484 0.07873920211846089
0 0.2277066571706503 0.06380913424124512 0.040981685658699335 0.07910173151750974
0 0.5257692487493052 0.16107389894076954 0.04024750250138963 0.0784032021184609
0 0.8733150292087095 0.06165747222222223 0.04130610727562407 0.07817605555555553
0 0.6750524881837492 0.06240593329202809 0.040758189325544286 0.08160916109045847
0 0.7747367697822622 0.16131540572077652 0.03998070897503985 0.08000121623296154
0 0.47558797929405217 0.06333950183744054 0.04202504141189551 0.07883799632511891
0 0.077066429266259 0.7447811482922612 0.04125765008337971 0.07985358495460461
0 0.8221430548327138 0.5499972772614622 0.040196890334572646 0.07772844547707564
0 0.8215166583908656 0.6461878759809995 0.04060368321826877 0.08036367017761245
0 0.870348089883165 0.8399101374432052 0.041014820233669674 0.07928072511358941
0 0.029396566425792074 0.45397576621271085 0.04041486714841585 0.08325146757457849
0 0.1771448877153974 0.16193328134457413 0.04199822456920518 0.0794464373108517
0 0.8710003983005842 0.6447297087980173 0.04065985130111522 0.08131970260223051
0 0.8233702867764205 0.16019981412639409 0.03966409984067982 0.07841542750929366
0 0.42557295553085045 0.06337261943363595 0.03996608893829909 0.07957976113272806
0 0.4751424792940522 0.16107003134457412 0.04113404141189549 0.07771993731085174
0 0.42491779030016674 0.1607776341331604 0.04004541939966657 0.07916173173367924
0 0.6248094309612321 0.16108889880214786 0.04017913807753603 0.08083899132589835
0 0.0777055711506392 0.16213786932555121 0.04079885769872158 0.08053114288802425
0 0.22712163813229566 0.16154239894076955 0.04154872373540859 0.07934020211846092
1 0.6712692511949017 0.6434389198678232 0.005310674455655828 0.011617100371747173
1 0.5748512033988317 0.6419114781082198 0.002979483802442725 0.012090406030565819
1 0.57930356133829 0.45392617513424205 0.004032282527880986 0.010505249896736795
1 0.12828670414118953 0.5474157730220492 0.005342934130072179 0.009537779507133514
1 0.3787615395645247 0.9347110813713342 0.003828487519915009 0.00863700702189184
1 0.924342939723845 0.5475498863073109 0.0050050392989910665 0.012358405824039822
1 0.8736752774827402 0.4513072875877736 0.004773714816781701 0.01574302498967365
1 0.32958948234200747 0.44829770972738536 0.005584710302708373 0.009499685873605834
1 0.03596052084491381 0.26080537699956763 0.006212643690939355 0.010584987462170353
1 0.47975055045140724 0.452060445890128 0.005647597981943672 0.009073552664188373
1 0.13271190744858252 0.9368711401859057 0.006220153974430202 0.006810573065283086
1 0.13386473790994993 0.06649696606139213 0.003567077821011593 0.016852047124945948
1 0.7680327829261816 0.8431429618959108 0.005291311471056709 0.012353584675753796
1 0.3268357101699416 0.5498541293886823 0.005117745884227277 0.01226768091697651
1 0.8243904081253319 0.44662250557620814 0.007419396176314409 0.006396149524989643
1 0.6701376699415825 0.8440656729657166 0.007241919808815567 0.0066357957455597865
1 0.7246616265268189 0.6439681684221396 0.004075578597981888 0.013140181123502792
1 0.32936827468615265 0.7429782184133639 0.005343779244764438 0.007143492175757061
1 0.8717815689060009 0.5516877072490706 0.0032504575146045257 0.013763680916976401
1 0.37850564312267654 0.8423411798843452 0.006331783324482184 0.0075032040479141825
1 0.9230151468401487 0.2540620996489054 0.0073287079129049255 0.00879804357703426
1 0.5238524375995751 0.8450899091284593 0.004406117896972818 0.009105084675753931
1 0.9716852869091874 0.7447148839322593 0.00757207089750409 0.014300612143742342
1 0.8171760901486989 0.8437005605121851 0.004920257302177333 0.014465359768690492
1 0.6250101777748274 0.3633240098099959 0.0035643497079127376 0.014226102643535743
1 0.9732667454859267 0.06618014529120199 0.004741070897504024 0.01797789611730692
1 0.3324006210394663 0.06767317163856464 0.004285750694830373 0.015175165585819253
1 0.9732063838100296 0.1569657191095769 0.004395857716867876 0.014085932251046854
1 0.7745428287307488 0.35842142503097896 0.0042202373871480705 0.018222722015696004
1 0.9709215990440786 0.2527930996489054 0.007107943706850911 0.00875446571664599
1 0.9229796882634093 0.8338644506402312 0.007067707912905112 0.016711928954977258
1 0.1333481531406337 0.15659980306960655 0.0077269844357975665 0.015661721141374835
1 0.8203070783324481 0.6525984867823212 0.003637038236856073 0.013305194960760127
1 0.08369644510839351 0.645983067336792 0.005585153140633649 0.011008897751837467
1 0.8255890767392458 0.938228560615448 0.011328484864577704 0.011282965510120214
1 0.5243693146312 0.9393576570824879 0.006697006530378806 0.010974856775194929
1 0.828445307488051 0.252649191346551 0.009267112055230849 0.01678701590251968
1 0.7243162300849708 0.052904397872779854 0.005430205788635131 0.018068217885171434
1 0.8244426167020711 0.7507911131763734 0.007646896176314349 0.011829070631970336
1 0.32527935661178964 0.35540689993804214 0.004247447158789187 0.013280066294919486
1 0.28027018204558085 0.07179762808041504 0.007101381322957171 0.010303900778210109
1 0.6727721714020181 0.9375769092317228 0.006287839883164992 0.013877057207765256
1 0.2770239830461367 0.6464688321444011 0.006992889938854877 0.012063956982274051
1 0.08201034560867146 0.5497537738867272 0.004093538910505755 0.016345781236489405
1 0.08486600222345744 0.940391420665802 0.007762436909394044 0.015982722870730843
1 0.6744505693043016 0.5493313335398595 0.007577884227296851 0.007504722428748481
1 0.7729840994423792 0.45666031268071045 0.007005778810408815 0.019235653035935562
1 0.6233830727562399 0.44325988186699705 0.006154725438130575 0.013121396943411856
1 0.6193405905469995 0.9449648218711275 0.004282175252256946 0.017172276951673067
1 0.07926003418565866 0.35205424362300036 0.0054251789883267825 0.013857898400346
1 0.7284016087360594 0.546399991842214 0.008544631704726413 0.010140433498554398
1 0.07824024610894938 0.2544282881539127 0.008159585603112784 0.017259398616515337
1 0.18077626598110058 0.6460181265672286 0.00563062534741517 0.01904513467358409
1 0.3274687944768986 0.6472339962825278 0.007502665958576721 0.016289442379182124
1 0.6285172857142857 0.5396421709004543 0.00916298566117888 0.011393580545229159
1 0.17799160075041687 0.9371483614353653 0.008768049193996598 0.016389074794639035
1 0.6793268858204992 0.34548555390334573 0.010770020180562868 0.009888557620817787
1 0.4765304868560807 0.5567211017141677 0.008104719330854947 0.007569258777364732
1 0.4257983867498672 0.4561146223667905 0.007670353425384998 0.01193690561751342
1 0.7212932079129049 0.8409383701982652 0.009484747211895796 0.018053557001239205
1 0.5207514568507701 0.5449040973771169 0.009612327934147657 0.009905250103263066
1 0.3792514360063728 0.5500961752375051 0.007495534784917573 0.007911222428748605
1 0.4742859010886883 0.7479405673275505 0.005623630642591491 0.014948584469227593
1 0.7242700851035582 0.7485649228624535 0.009837418746680676 0.009182112143742217
1 0.2780539363535297 0.9387605382619973 0.008407135630905975 0.01654236921746646
1 0.4769580282793415 0.9436823357083849 0.007913470791290372 0.012637910161090577
1 0.6256639499468931 0.7447882325485337 0.007567479819437039 0.015444703841387901
1 0.47450548539564513 0.3521955262288311 0.009499385023898046 0.011312685667079719
1 0.4262811796335635 0.8461651980586534 0.010355856346255875 0.012763057001239116
1 0.5763100598778544 0.5470331293886824 0.008691616834837898 0.015973497521685073
1 0.12809199555308498 0.3554366623432771 0.006079766536964978 0.005066472114137502
1 0.2324902723735408 0.2617069282317337 0.005037520844913854 0.008106355382619945
1 0.23127431906614776 0.3554366623432772 0.006774596998332452 0.008444120190229071
1 0.030468315730961582 0.7389686013834846 0.002953029460811564 0.006079766536964983
1 0.5277932184546972 0.06681663424124512 0.005037520844913854 0.008781884997838298
1 0.3225073021773765 0.25781572697232547 0.003485130111524118 0.01484407269723256
1 0.6301115241635686 0.05564591078066916 0.0029872543813063146 0.010649008674101616
1 0.8695067711099308 0.3588199607600165 0.0028212958045673174 0.010326311441553097
1 0.9695797928836962 0.8468995249896737 0.003485130111524118 0.010003614209004455
1 0.6765723116169545 0.7491716905779405 0.0028208398744113644 0.0056375915750915455
