0 0.7237991742634796 0.448576618136619 0.040948821011673124 0.08393717488110664
0 0.7721998332406893 0.9411208387375704 0.040473874374652545 0.07869920017293551
0 0.22684477487493043 0.9414586035451794 0.040994997220678134 0.08072578901859037
0 0.2770248928571428 0.6481664280155641 0.04025740105614238 0.07982561435365326
0 0.5750077534741523 0.7466045751188931 0.041100832128960714 0.08147384976221349
0 0.17725125069483041 0.9419652507565932 0.03943162868260145 0.08038802421098129
0 0.32642514758199 0.5490436920665801 0.04143423068371323 0.080861378945093
0 0.7728134289883268 0.7467177806960656 0.03996398971650917 0.08170026091655844
0 0.475767787659811 0.44882863164721143 0.04099499722067824 0.08173908344141805
0 0.12748401889938846 0.6482787505404236 0.040647581989994436 0.08207684824902728
0 0.1772512506948304 0.744879485516645 0.03977904391328515 0.08140131863380892
0 0.9711569116175655 0.7448886630998702 0.04025017676486929 0.0814196738002595
0 0.42530572540300166 0.4481531020319931 0.04116870483602 0.08444120190229132
0 0.027949555308504667 0.648109868136619 0.041342412451361873 0.0817390834414181
0 0.2269316286826014 0.8435068093385213 0.041168704836020045 0.08005025940337221
0 0.9699659533073931 0.939600897103329 0.040994997220678085 0.07836143536532643
0 0.07827567495831014 0.6484865456117596 0.03985457392996116 0.08181690877648072
0 0.4755932526403557 0.34926000064850843 0.04099334241245133 0.07918093947254655
0 0.5256218732629238 0.3496946606139213 0.039605336297943286 0.08005025940337226
0 0.5252744580322402 0.7467371919584954 0.040647581989994463 0.081739083441418
0 0.9205287883546414 0.9405373545179421 0.04148142329071699 0.07888329096411577
0 0.3762312474986103 0.9422662813445741 0.04064342884936083 0.07963902615650673
0 0.9715987654252363 0.6455802067661046 0.0407864691495273 0.0807329383916992
0 0.8730598874374652 0.5476758244703848 0.04138797943301833 0.08150329182879387
0 0.3759733936909394 0.8438062657803718 0.04116996692607009 0.07997364267185474
0 0.7246039466370205 0.5486381322957199 0.04116870483602 0.08207684824902718
0 0.5254844182879377 0.9415873693255512 0.04037267204002219 0.07963226134889743
0 0.9711729116175652 0.4459344561175962 0.040282176764869296 0.08405708776480757
0 0.6245317481934407 0.5491209994595763 0.0408545136186771 0.08178664353653255
0 0.4756639264869373 0.942059766536965 0.04148210533629815 0.08125258538694366
0 0.9213278210116732 0.7469060743622999 0.04099499722067818 0.0800502594033723
0 0.9221550997776542 0.6477644280155641 0.04160730906058936 0.07969714396887174
0 0.6249354891606448 0.4482722357328145 0.04124813229571974 0.08535499891915263
0 0.12788926014452467 0.3476427210332901 0.040415818788215714 0.07999955793341978
0 0.42513201778765974 0.5498203091223518 0.04082128960533627 0.08106355382619974
0 0.6248743620066705 0.6488816928231733 0.040778462757087346 0.0792295551232165
0 0.5253950835186214 0.8444128546260268 0.04088883296275705 0.08051129074794636
0 0.7235233014174541 0.844347957414613 0.040049660088938205 0.07970596670990056
0 0.5747939230127849 0.8444284870298313 0.042062832128960635 0.07919149632511886
0 0.3753647859922178 0.3488502485948984 0.04134241245136186 0.08038802421098144
0 0.1772757839077265 0.6477508687851276 0.039828110339077356 0.08169661435365327
0 0.47542037242912727 0.2508984543882403 0.04099499722067824 0.08173908344141807
0 0.3758859088382434 0.5494825443147427 0.04030016675931074 0.08106355382619974
0 0.7240198818788215 0.34805160343709474 0.041390236242356944 0.08014179312581064
0 0.12739716509171756 0.9409519563337656 0.03943162868260144 0.08038802421098148
0 0.9215015286270151 0.5471181906614786 0.040300166759310835 0.07903696498054469
0 0.3757990550305725 0.6491231625594466 0.04082128960533627 0.08241461305663646
0 0.7239055280711507 0.6485765308041503 0.041856359088382485 0.08132134954604413
0 0.5258732911339633 0.6489454428231732 0.04115041773207326 0.08070811435365331
0 0.5758861263201778 0.05492102972330306 0.04216274735964416 0.08226694055339388
0 0.921934911200667 0.2488226767185473 0.0422091775986659 0.08028964656290531
0 0.7237354085603114 0.7463994271508864 0.040821289605336375 0.08106355382619974
0 0.07762993329627564 0.9416274859489839 0.040300166759310724 0.07903696498054479
0 0.47609266787103943 0.5501415161046259 0.04164475764313517 0.0823814974059663
0 0.47534696887159533 0.7468599427150886 0.03980594441356321 0.08063352572416772
0 0.5256492720956087 0.5488952364894077 0.04000754919399654 0.08191552702118463
0 0.1769906892718176 0.34733030696065714 0.03995275152862704 0.07869920017293555
0 0.6242877987770984 0.3488502485948984 0.03995275152862701 0.08038802421098144
0 0.6744621314619231 0.44844163294422823 0.04094066092273475 0.08434273411154337
0 0.1781197887715397 0.053981571552096826 0.0404738743746526 0.08038802421098142
0 0.9708353925792106 0.8424094277993947 0.04134421484157867 0.0812331444012105
0 0.9217200150083379 0.44639922092520534 0.04143196998332398 0.08363555814958934
0 0.9218397650083381 0.3469224562256809 0.04167146998332427 0.07991008754863808
0 0.2267579210672595 0.4473086900129702 0.04186353529738742 0.08275237786424552
0 0.3258581156197887 0.9407830739299611 0.040647581989994463 0.07937472978815387
0 0.03143376973318507 0.05569407414613055 0.03962546053362986 0.07975985170773889
0 0.12748401889938848 0.4466331603977518 0.041342412451361873 0.08477896670990054
0 0.22723599624791546 0.6474493835927367 0.04108260950528074 0.07906705512321673
0 0.12811196775986658 0.8436743389537397 0.04016640355753202 0.08106084824902716
0 0.1275708727070594 0.745723897535668 0.04012645914396889 0.08106355382619974
0 0.5752153974430239 0.5488070146995244 0.04186353529738745 0.081739083441418
0 0.8224013340744859 0.8436756917423258 0.04012645914396892 0.07971249459576303
0 0.5742600055586436 0.44849086683960215 0.04099499722067818 0.08579226113272802
0 0.27643339285714286 0.44732863207955037 0.04150630767092842 0.08481885084306093
0 0.6738545276542524 0.844006707414613 0.04076769899944413 0.08037452594033714
0 0.5744337131739855 0.9419652507565932 0.04134241245136191 0.07836143536532643
0 0.47637576431350753 0.15294666018158234 0.040821289605336375 0.08038802421098139
0 0.8225750416898276 0.7465683095546909 0.0397790439132852 0.0800502594033723
0 0.17733810450250131 0.4468020428015564 0.04030016675931074 0.083765672287073
0 0.9213242883546414 0.8434131046260268 0.04133534713729828 0.0785117907479464
0 0.921854661200667 0.053959529723303055 0.042048677598665714 0.08034394055339387
0 0.6243746525847693 0.9412897211413747 0.04082128960533627 0.07836143536532643
0 0.12791828793774312 0.548131485084306 0.04151612006670372 0.08106355382619974
0 0.5753177768204558 0.6486293104193688 0.041026048360200205 0.08075137916126253
0 0.872702845052807 0.3473532210332901 0.041021309894385634 0.07942055793341977
0 0.4750692716787104 0.8443784722222222 0.04168245664257927 0.08111805555555564
0 0.32594496942745965 0.8435068093385213 0.0404738743746526 0.08005025940337221
0 0.17731122248471368 0.5481229420665802 0.041288648415786555 0.08239752702118469
0 0.22710533629794322 0.5483003674881106 0.04151612006670372 0.08140131863380892
0 0.7730249670650362 0.44893464775183745 0.0403870658699277 0.08397770449632504
0 0.5257915220956086 0.25069619152615646 0.04133429488604778 0.08201008733246865
0 0.5259633335186215 0.05538369174232596 0.040635672040022136 0.0811656757457847
0 0.22723894955530846 0.15278605923043667 0.040741100889383014 0.08141788153912673
0 0.1283334954141189 0.24952941191093814 0.04095687409672042 0.08102758733246862
0 0.42591247887715394 0.746992472330307 0.040645135630906076 0.08089858495460452
0 0.6732009048082267 0.9408036193255511 0.040502698999444066 0.07874029096411582
0 0.8226853446359088 0.4480775005404237 0.04138931072818234 0.08428999891915258
0 0.8726570950528071 0.44730123573281455 0.04092980989438572 0.08408852853437097
0 0.7237009242634798 0.05498517693471681 0.041447151473040525 0.08036864613056639
0 0.027996674541411866 0.7459779427150887 0.04143665091717627 0.08089611456982274
0 0.6253300444691495 0.25022292477302205 0.040647581989994463 0.08106355382619977
0 0.6246659234296831 0.8449452518374405 0.040361585603112766 0.07954949632511897
0 0.9221402459699833 0.15156417682663206 0.04157760144524738 0.07964964634673584
0 0.17707754307948856 0.8445201037613489 0.03977904391328518 0.07937472978815387
0 0.9715573078098941 0.05381589731949848 0.04139838438021103 0.08073220536100303
0 0.32594496942745965 0.34969466061392135 0.04082128960533627 0.08072578901859057
0 0.47590374833240684 0.6492504576307826 0.04091950333518629 0.07996708473843503
0 0.028078801695386294 0.3466706034370946 0.04194832045580885 0.0794063819714656
0 0.8717533069760979 0.7457260603112841 0.04051189466370206 0.0797168201469952
0 0.029479293079488572 0.9364202656722869 0.038148413841022855 0.0787554686554258
0 0.5254024373262924 0.4484289857328145 0.04020871011673149 0.08499296930393432
0 0.7724603946637021 0.6482787505404237 0.040994997220678085 0.07869920017293561
0 0.07819934880489157 0.8445341777993947 0.04074416731517516 0.08142946670990052
0 0.3254282837687604 0.447862160722006 0.04081241523068369 0.08569861413748366
0 0.17829349638688155 0.1524400129701686 0.040126459143968875 0.0807257890185906
0 0.7725610327959977 0.8444212370298313 0.040501443023902184 0.07985252594033722
0 0.9710950528071152 0.5462737786424556 0.040126459143968826 0.08140131863380892
0 0.3763252474986103 0.15301508884565498 0.04048401361867704 0.07984935192390837
0 0.6744024458032241 0.3488502485948984 0.040821289605336375 0.08106355382619974
0 0.9716684730405781 0.3475857062256809 0.04023105391884384 0.08123658754863812
0 0.376420162729294 0.7469572075226978 0.04067384408004452 0.08217911456982276
0 0.7241375894941634 0.2507039563337657 0.040930821011673196 0.08135008733246867
0 0.6742952352695942 0.6489134576307826 0.04095428376876039 0.07996861435365323
0 0.42565314063368537 0.6487853977518373 0.040821289605336326 0.08038802421098139
0 0.47634935214007773 0.054812412127107635 0.04146329571984429 0.0813741757457847
0 0.2763902890494719 0.8448898398184177 0.0410726848249028 0.08011420190229135
0 0.674525254307949 0.5486859864894076 0.040719491384102365 0.0814970270211846
0 0.5752322110894941 0.15161279442282746 0.04224457782101173 0.08042241115434502
0 0.8231470098665925 0.34764172103329005 0.04092298026681494 0.07999755793341976
0 0.07852086353529736 0.34590995622568094 0.040344951083935585 0.07923614677907473
0 0.22790626097832128 0.05520642693471681 0.04103347804335749 0.08081114613056639
0 0.8725748874374653 0.05398566212710764 0.041460225125069375 0.0797206757457847
0 0.6738987162312395 0.746265560311284 0.041203491384102314 0.08079582014699523
0 0.8714739722067816 0.9412074721141374 0.04064805558643688 0.08089905577172511
0 0.6248839424680378 0.7468505751188932 0.041145038910505805 0.08129032014699532
0 0.32568440800444687 0.6482787505404237 0.04099499722067818 0.07937472978815396
0 0.8719603874374653 0.842981207414613 0.040231225125069464 0.07967458517077386
0 0.8716118727070595 0.6470311335927368 0.039534195664257914 0.08025714396887165
0 0.5753022512506949 0.3488502485948984 0.04030016675931074 0.08038802421098144
0 0.12896053362979426 0.05431933635970599 0.04116870483602001 0.08038802421098142
0 0.027862701500833736 0.8430001621271076 0.04047387437465259 0.07903696498054479
0 0.3756253474152306 0.25208063121487245 0.04116870483602 0.07937472978815391
0 0.5260213949416342 0.1528073240380458 0.04109921011673155 0.08010935192390836
0 0.17719482059477484 0.24909851286208384 0.039544488882712565 0.0792591999567661
0 0.8232929717898833 0.548343104085603 0.041909734574763845 0.08148679182879369
0 0.3757881670372429 0.4484268237137916 0.040799513618676994 0.08498864526588848
0 0.7732346746803781 0.5484049716817985 0.04011165063924409 0.08228605663640289
0 0.7241330894941634 0.15299342682663208 0.04092182101167318 0.08048155750108088
0 0.2269191381322957 0.3486547506485084 0.04114372373540865 0.0793214987029831
0 0.32629238465814336 0.1531155425853869 0.04116870483602 0.08005025940337224
0 0.7731552251250695 0.3476680717682663 0.03995275152862701 0.08072578901859057
0 0.8224077408282379 0.9412889869217466 0.041181518343524154 0.07971102615650673
0 0.872812052668149 0.24908767671854729 0.04054489466370208 0.08081964656290529
0 0.07954154780433571 0.15188117682663205 0.039606997776542585 0.07960811673151753
0 0.8722594912451362 0.15179105923043662 0.04048201750972769 0.07942788153912672
0 0.42548183268482487 0.8437604722222222 0.041173504168982786 0.07988205555555547
0 0.02803640911617559 0.5479626026805015 0.03977904391328516 0.08140131863380892
0 0.2774805447470816 0.05499486597492432 0.0404738743746526 0.0824146130566364
0 0.9717030294608116 0.24971627756160827 0.040300166759310835 0.08005025940337229
0 0.4259137020566981 0.3488502485948984 0.04030016675931074 0.08038802421098144
0 0.37654205892162307 0.055630279723303054 0.041959882156753836 0.0823343813229572
0 0.2763514452473596 0.3488502485948984 0.04030016675931074 0.08038802421098144
0 0.4252188715953307 0.9412897211413747 0.04134241245136186 0.08038802421098129
0 0.4264052669538632 0.24970880912235185 0.04058846609227353 0.08138638175529614
0 0.7733351132573653 0.15178754442282746 0.0413547734852697 0.08077191115434502
0 0.7731714480266815 0.054740294530912226 0.04068002779321844 0.08055441093817554
0 0.07988813229571978 0.053643806744487654 0.040647581989994436 0.08173908344141809
0 0.8228331794052252 0.05441366212710763 0.04237981072818227 0.0805766757457847
0 0.6747498610339077 0.1524400129701686 0.040821289605336375 0.0807257890185906
0 0.8225874484435798 0.6475449132079549 0.04084610311284038 0.08060917358408994
0 0.4265391017231795 0.15379672124945956 0.041203550861589784 0.0787104982706442
0 0.6747498610339077 0.24988515996541286 0.040821289605336375 0.08106355382619974
0 0.6247412538910505 0.05466079453091222 0.041554492217898795 0.08039541093817555
0 0.2766120066703724 0.25039180717682663 0.04116870483602 0.08140131863380895
0 0.32620167996108945 0.7452406464548205 0.04065528376876034 0.0820300559878945
0 0.6740795890772651 0.054806147319498476 0.041217821845469765 0.08271270536100304
0 0.7227800166759311 0.9412897211413747 0.040647581989994463 0.07971249459576314
0 0.07858532518065585 0.2488718655425854 0.040126459143968875 0.08038802421098142
0 0.2266710672595886 0.2508984543882404 0.040647581989994463 0.08038802421098144
0 0.9722793882712618 0.15267935365326415 0.04006322345747638 0.07715129269347172
0 0.8230905946359088 0.25016382392996106 0.04115756503613111 0.08094535214007782
0 0.7736801132573652 0.2508001035451794 0.040307697331850835 0.0795157929096412
0 0.8229258255975541 0.1520075444228275 0.04152285742078925 0.08121191115434505
0 0.027995405503057222 0.44549932371379164 0.04039186714841585 0.08318682295719841
0 0.575672814897165 0.25027332392996104 0.040693878821567504 0.08183988175529612
0 0.2775030157031684 0.7466393399265023 0.03982398582545861 0.0801923201469953
0 0.22700075055586436 0.7455075455036748 0.04200177904391337 0.08265743860786855
0 0.4260443941078377 0.05477891212710764 0.041603796553641 0.08063164613056639
0 0.27617773763201775 0.548975897103329 0.04099499722067818 0.08072578901859057
0 0.07789049471928843 0.546949308257674 0.041516120066703716 0.08140131863380892
0 0.2768602847415231 0.1528825740380458 0.040970430516953926 0.08025985192390836
0 0.0780642023346303 0.7462305447470817 0.04116870483602001 0.08072578901859057
0 0.32568440800444687 0.2505606895806312 0.04099499722067818 0.08173908344141813
0 0.27652515286270146 0.9417963683527885 0.040994997220678134 0.08005025940337221
0 0.1289624063368538 0.15147538240380454 0.04117245025013905 0.0801475871162992
0 0.3266397998888271 0.05600816039775181 0.04116870483602 0.08106355382619974
0 0.0780642023346303 0.4459576307825335 0.04047387437465259 0.08545449632511884
0 0.6246352140077821 0.15294666018158234 0.04099499722067818 0.08038802421098139
0 0.028780985964424646 0.2490709415261565 0.041963028071150696 0.07943511694768703
0 0.029339216231239515 0.1521022481625594 0.04030016675931073 0.07802367055771725
1 0.21870381128404667 0.2714688055555555 0.003774978877153907 0.00749742996108951
1 0.12628399652584765 0.07299871606139212 0.012822501667593095 0.010603843277129254
1 0.4679431481378543 0.06878509760051879 0.006616483046136779 0.00619601750972761
1 0.9638766271539745 0.16875161316472112 0.004535517231795438 0.015001637483787257
1 0.11827243760422453 0.6528080533938608 0.004179138132295686 0.006140810635538112
1 0.9664102880767091 0.8450272883700821 0.004679423846581545 0.010131869433636037
1 0.1697944760978321 0.3674675990056204 0.006054460811561922 0.014105549935149132
1 0.8200676320177877 0.9580591436446174 0.005535942190105609 0.010370579982706197
1 0.6724759569205115 0.84245136154345 0.0043741006114506676 0.010555015780371768
1 0.21677750416898273 0.46517989332036314 0.003806025569760913 0.014584549718979625
1 0.474130969983324 0.9559255556636401 0.00813744858254586 0.020717522481625592
1 0.2726791378543635 0.9509778047989622 0.005607538632573597 0.01777796152183322
1 0.2672388583935519 0.7583618494379594 0.004675979710950529 0.020660110030263665
1 0.174731236520289 0.46233056928231736 0.004518905503057192 0.014878960873324605
1 0.3181395621178432 0.8459941855814959 0.008836217620900451 0.010900193471681892
1 0.5221788094774874 0.273847261132728 0.00584388187882163 0.007469226113272843
1 0.7728792882156753 0.9531254520103761 0.010279500277932284 0.014833726329442243
1 0.8202347972484714 0.56056011359706 0.004506781267370842 0.008919223735408642
1 0.9664387647304057 0.550264847060095 0.008096622846025525 0.011270457198443612
1 0.7147628431072818 0.9480199363380891 0.011865364369094066 0.011534165369649685
1 0.22185144455252917 0.8564612900994378 0.013808228182323466 0.010231872892347739
1 0.27186334977765425 0.8375159347168178 0.004112377709838658 0.017048221357544392
1 0.8703100667037242 0.7573762902075225 0.00892822679266264 0.014524873108517293
1 0.7250913682601445 0.8562990261565068 0.006147168982768189 0.02339146346735838
1 0.12039344802668148 0.7573308633808906 0.011054404669260645 0.009887019455252893
1 0.5207580600333519 0.06934987029831387 0.009727626459143985 0.0185770644185041
1 0.6202033336575875 0.6596549375270211 0.008516345469705502 0.021494815823605684
1 0.7163897418010005 0.06670472741028965 0.011538516397998778 0.01936654517942066
1 0.8222721424402447 0.4609438924556852 0.012244208727070572 0.01359913683527895
1 0.4712225400222346 0.6607424523346304 0.004226682045580787 0.01864425659316894
1 0.6659210122290161 0.955862040856031 0.006019287381878919 0.02016902248162565
1 0.6235061145080599 0.8566796368352788 0.009206503613118448 0.012497297881539044
1 0.371292992495831 0.4585333036100303 0.010922908838243523 0.0089628999135322
1 0.7169608115619789 0.2672800475572849 0.008511673151751 0.019928123648940786
1 0.8244562886325736 0.7519782013618677 0.005096594496942787 0.019916813878080454
1 0.41846281295163973 0.6640162467574579 0.007953473596442403 0.013447726977950639
1 0.7712098963312952 0.8585775409641158 0.009449301278488064 0.018834433852140207
1 0.8679127292940523 0.3578010159965413 0.006427181767648652 0.02465683095546906
1 0.8200623568649249 0.849738845006485 0.007655286270150035 0.023610309987029805
1 0.8732414776264591 0.5537515238867272 0.009666294330183485 0.009701340466926093
1 0.5186468518621457 0.9442701123000433 0.012907797109505228 0.0129540469087765
1 0.8700482362423569 0.658538172719412 0.005282904947192841 0.02035069736273234
1 0.9218489438576987 0.6514875162127107 0.007295719844357913 0.014861651534803282
1 0.769392504446915 0.7524315837656722 0.009609932740411355 0.01901004907047119
1 0.12488596095052802 0.9487315661478598 0.008353078098943912 0.018936867704280047
1 0.7234148725680934 0.46718393774319067 0.006373423290716979 0.015980697795071285
1 0.023520011117287323 0.5538734868136619 0.014417732073374103 0.017563769995676597
1 0.31959285019455247 0.9460891419152615 0.009751209005002792 0.012018106139212984
1 0.22280884755419675 0.9530672142239515 0.01381530489160652 0.014097571552096885
1 0.9192354676209005 0.559517775616083 0.007311443857698967 0.022487903156074393
1 0.12157795997776535 0.85414640077821 0.00833796553640911 0.015537181150021635
1 0.6676514421901056 0.7538654661694768 0.00985414730405785 0.015466754647643811
1 0.6174435879655363 0.45902074524427144 0.010214269316286918 0.016094372027669536
1 0.22228373943857696 0.36764033160397747 0.008943521122846068 0.018665336792044948
1 0.5688750694830461 0.7661586683960224 0.005558643690939391 0.020603653264159087
1 0.9142781457754308 0.3607229221789883 0.0054139697053918615 0.024217255512321626
1 0.2208762836297943 0.7555395105923043 0.008115414952751492 0.017522902723735453
1 0.3717890183435241 0.7635746708819714 0.013345963312951728 0.015435658236057056
1 0.025351665230683683 0.6562608922395158 0.012144084769316226 0.010719136402939828
1 0.17315461617565311 0.8536040671206225 0.01317276764869378 0.011074865758754862
1 0.0739928394941634 0.4687020265888456 0.007274187604224507 0.02172640510159971
1 0.020615301000555836 0.26521333344141806 0.010846941078376813 0.010550959576307879
1 0.6676788789605336 0.1629059624945957 0.006529242078932742 0.0192430750108085
1 0.5703857933574208 0.9568340382619974 0.01135941328515843 0.014875923476005167
1 0.022998888271261748 0.85414640077821 0.006774596998332408 0.021616947686986618
1 0.9171093871595329 0.8571677909641159 0.008784282934964084 0.020978404236921752
1 0.2222197222067815 0.6541592014699524 0.004733707337409626 0.021002284479031432
1 0.32415428265703167 0.7589479940553394 0.012573434685936644 0.010911011889321247
1 0.8167558365758755 0.6575672827496757 0.006600889382990565 0.016888240380458244
1 0.86658826209005 0.2639686984435798 0.008989475819899947 0.017358603112840466
1 0.17104551417454136 0.5598762904236921 0.005289460811561928 0.024472992001729425
1 0.9179608214285715 0.1605524502810203 0.010208151473040569 0.015187252485949
1 0.9164798447748751 0.2611157594033722 0.011433028627015012 0.011315281884997851
1 0.8199694274596999 0.16392401642888021 0.006427181767648753 0.015199416342412458
1 0.7193316311839911 0.15959631787721573 0.006549355753196348 0.017775046908776463
1 0.12026830433574207 0.5675939794638997 0.00884539132851592 0.01730804107220053
1 0.4248320733740967 0.3673294082360571 0.00494257921067255 0.019786168396022416
1 0.6666806774596998 0.6641655559878945 0.005889617843246242 0.022606523130134053
1 0.7691100450250139 0.3615600955469087 0.007195909949972291 0.016637808906182418
1 0.268491894663702 0.5688308766753134 0.009642210672595906 0.017755246649373113
1 0.32246143065592 0.07875780577172502 0.005751124235686435 0.013947315391266738
1 0.17307403140633681 0.26409041882836143 0.01162193718732633 0.02030416234327712
1 0.9668464109227349 0.45752731928231727 0.0072813304613672716 0.02583652010376131
1 0.6685382155364091 0.568113953307393 0.00669093968871601 0.02285931776913102
1 0.6232841788493607 0.9464047159533074 0.012082281545302768 0.020168843060960066
1 0.6702857536131184 0.35713042131431044 0.005975185380767251 0.018567194552529198
1 0.6194239855475264 0.35526777993947256 0.010769872151195159 0.014186121919584928
1 0.3695350625347415 0.2704837907479464 0.005405972762645916 0.020275933419801172
1 0.5675805710116731 0.3628786103545179 0.012349857976653616 0.01792377929096409
1 0.07121425903279595 0.2646643038261997 0.011094272373540813 0.008946900345871138
1 0.07357263187882153 0.8598246001945524 0.006030111450805948 0.021744552313013383
1 0.7166034045302946 0.6516455533938608 0.009921317676487006 0.010492399481193281
1 0.8676236938576987 0.9442589798962385 0.01221648110061153 0.013651841331603699
1 0.37024041133963304 0.9465250756593168 0.01094357976653697 0.011146238651102536
1 0.020939928154530264 0.36937155544747086 0.007418364924958246 0.019079522049286632
1 0.917853668704836 0.06647886943363596 0.0045163979988883185 0.018914829226113265
1 0.12142032518065587 0.36292081939040205 0.006221328515842066 0.020496990704712507
1 0.4217472429127293 0.8603648937527021 0.0093751639799888 0.011206550583657481
1 0.1732057814063368 0.9551231846087331 0.011538021956642629 0.02023610116731531
1 0.7661200667037243 0.5607976653696498 0.009901334074485898 0.01722600518806742
1 0.07260971234018897 0.6609363782965845 0.01386200944969421 0.01150110851707738
1 0.5216147886325737 0.8538437282749676 0.010051422734852723 0.01966054345006481
1 0.9159601586992774 0.756041625594466 0.007677682601445212 0.01590674881106777
1 0.17281200555864365 0.1682003335495028 0.01183151973318505 0.012051019022913919
1 0.42209213451917726 0.07745622568093383 0.00868538076709281 0.0185770644185041
1 0.3240341856586992 0.5607976653696498 0.013028071150639267 0.010470709035884084
1 0.1732314441356309 0.7507610393428448 0.009602981656475735 0.018973489840034417
1 0.07627308518621455 0.561367702442715 0.005840433296275638 0.024192286424556876
1 0.7184019002223456 0.7506063189580631 0.010493309060589187 0.0199584602248162
1 0.6187707133129517 0.0761627143320363 0.010505573374096753 0.016665571335927373
1 0.568108898971651 0.2672639222870731 0.009175476097832152 0.015907196498054412
1 0.37219966022790435 0.852802595871163 0.010345679544191251 0.01825380825767405
1 0.7681746955252918 0.45862997784262854 0.009841608949416322 0.01622504431474277
1 0.47168565869927737 0.5658641374837872 0.00781684269038355 0.018577064418504128
1 0.0709110280711506 0.36582715737137916 0.012742979988882677 0.011306666666666675
1 0.27474402973874373 0.46001846649373096 0.005646737632017716 0.02152975529615227
1 0.022741511117287352 0.7589002440553394 0.0139029777654253 0.010815511889321271
1 0.5200818967481934 0.5621192878296585 0.010807206503612983 0.012438424340683082
1 0.36737417065036126 0.16800280479896237 0.004863943301834338 0.021227961521833125
1 0.918926293774319 0.950657437202767 0.014530680933852328 0.016392107868568928
1 0.4673275867148415 0.16477681874189362 0.009237266814897132 0.018222519022913965
1 0.8739924958310173 0.4618325767401643 0.012680655919955593 0.013172827496757496
1 0.96646114188438 0.2609102010376135 0.005967377153974544 0.021859342844790308
1 0.968441510422457 0.7538433050151317 0.00895494469149542 0.024968491569390454
1 0.9661089913841022 0.0669130096195417 0.012925152306837008 0.014668900778210122
1 0.4706313963312951 0.8586059355814958 0.01230920733740969 0.010270128837008247
1 0.5231007861311839 0.4648898053393861 0.004694759032796014 0.01989343298746219
1 0.574702655086159 0.8544569521184608 0.010579403557531869 0.018969256160830165
1 0.9205081285436354 0.4427848018806744 0.011019596164535983 0.015465307609165682
1 0.3713274145358532 0.5611060961954172 0.012770170928293568 0.016491807609165576
1 0.4211492687604224 0.5689649794638997 0.011663462479155128 0.020050041072200504
1 0.6687117137298498 0.2692953613272806 0.009984572540300109 0.013150277345438806
1 0.2689510150083379 0.6676654383916991 0.011326708171206233 0.014931228707306527
1 0.12531839952751525 0.45907655101599654 0.010260200944969482 0.021846897968006946
1 0.6219269356586994 0.2635732568093385 0.010217128682601384 0.022647486381322954
1 0.8652202612562535 0.16865272373540854 0.00868538076709281 0.0226302421098141
1 0.8175095896331296 0.3689220990056204 0.012041687882156841 0.009169961089494194
1 0.8194483046136742 0.06546557501080845 0.006427181767648652 0.02229247730220493
1 0.0698391128404669 0.7591653346303503 0.013844564758198936 0.017026550799826918
1 0.020660449694274562 0.46504802226545605 0.010783100611450868 0.025007955469087798
1 0.27566810839355194 0.3638384195849546 0.009055783212896122 0.014439160830090792
1 0.4687326057531962 0.26218621584522267 0.007816889660922755 0.01930731322957202
1 0.9682274913841022 0.35777714256377 0.0069510761534185605 0.02605563705144832
1 0.7193224806837132 0.36245984814094245 0.0100418090605892 0.012637048205793366
1 0.47099082823790994 0.3625297233030696 0.013028071150639317 0.010470709035884132
1 0.5137222825180655 0.3690865380458279 0.008510434963868769 0.014126923908344085
1 0.22072751459143963 0.16997501124081277 0.007370707337409625 0.025389904020752238
1 0.8679361158977209 0.07255691990920882 0.011337768204558073 0.01350716018158239
1 0.024526648693718702 0.16835725778210114 0.009482702612562597 0.014608484435797677
1 0.7707233185102834 0.26677340034587116 0.011464702612562506 0.012159533073929966
1 0.5684013185102835 0.6622380411802854 0.005463899944413595 0.024434963899697237
1 0.27193911450805996 0.16518465672287072 0.010214322401333981 0.012678135754431441
1 0.32073428877153976 0.26999996757457845 0.005383840466925958 0.026647816688283654
1 0.4702959977765425 0.7594033722438391 0.011290994997220695 0.015199416342412458
1 0.32127549458032234 0.16242838932122783 0.01029001083935524 0.013559221357544343
1 0.6207974590050027 0.16917493374405534 0.01039008198999442 0.022999132511889328
1 0.07405340341856584 0.17207516980112406 0.012302193162868314 0.018666660397751837
1 0.326127170233463 0.3600654335278859 0.008528659533073985 0.017026132944228254
1 0.7661266574485825 0.1713744049935149 0.009219685102834874 0.018616190012970213
1 0.07494202376320173 0.06990106971465627 0.007807725680933787 0.025581020968439245
1 0.0729138843802112 0.9601285530696064 0.011760231239577605 0.02011389386078694
1 0.4199006243746526 0.26769487872892345 0.006467511673151703 0.021800579766536966
1 0.7173082267926627 0.5619798421962817 0.012333240689271767 0.014186121919585027
1 0.517885420094497 0.1710494049935149 0.008846159811006109 0.017966190012970173
1 0.6702038746525848 0.06582133019887591 0.007410250694830519 0.019626339602248192
1 0.12334196275708725 0.1699082455685257 0.011410849360755902 0.011337313445741464
1 0.17238836367426344 0.65496374589278 0.008509820733740929 0.024797432555123084
1 0.26912296039466366 0.26451286046260264 0.014031079210672662 0.01506927907479458
1 0.2737232140077821 0.07678583452226544 0.010815106170094475 0.010460432122784259
1 0.6672074845747638 0.4614557748594898 0.011436892996109041 0.013250901642887964
1 0.4257452177598665 0.7559075811716386 0.011822564480266808 0.019691837656722947
1 0.570468835742079 0.0688994634673584 0.012220328515842026 0.013623073065283195
1 0.36994066453585317 0.6582971692607003 0.009996670928293533 0.0217256614785992
1 0.32429557073374093 0.468770523130134 0.009381858532518146 0.020968953739732003
1 0.17386488521400775 0.06982455144833549 0.012856229571984505 0.018850897103329024
1 0.524431576709283 0.656472478491137 0.012210846581434152 0.012672043017725915
1 0.12058511575875482 0.26604228642455685 0.008436768482490337 0.024883427150886303
1 0.5719762251250694 0.17283890845222652 0.007694297943301973 0.02101316882836141
1 0.3711617026125625 0.07187355144833549 0.008964594774874967 0.02294889710332901
1 0.42507471775986655 0.1648044921098141 0.010481564480266771 0.02033801578037184
1 0.22507121609227346 0.5662055822524859 0.012086567815453109 0.01655783549502813
1 0.47168565869927737 0.46335251837440555 0.006079766536965028 0.027021184608733248
1 0.6218558921623124 0.565188607868569 0.011117287381878883 0.023981301340250758
1 0.22453688132295715 0.06945080144833549 0.009628237354085682 0.018103397103329026
1 0.5182390048638132 0.7513319775183743 0.010942990272373467 0.01999804496325118
1 0.37301973318510273 0.3633741353220925 0.009206503613118398 0.022292477302204922
1 0.03505697846025567 0.06072846519671421 0.0076723132295719206 0.022984811932555107
1 0.5717956317398554 0.5521535831171638 0.019520187326292415 0.02032804777345435
1 0.42152189160644804 0.46291928707306523 0.010324216787104032 0.019399425853869445
1 0.31908351862145623 0.6626337548638133 0.0038215675375209202 0.006079766536964884
1 0.4264348249027237 0.9622311392131431 0.005211228460255666 0.009457414613056552
1 0.8668704836020013 0.8593817552961521 0.005732351306281304 0.006417531344574061
