0 0.8724739991166077 0.5455961974872399 0.04031649899040894 0.07958560266980758
0 0.47353464058556277 0.1540979146054181 0.04253874103987876 0.07875923714173536
0 0.47274488642099943 0.6408754100903022 0.04159022715800097 0.07996931252453857
0 0.5235087816759212 0.15407001472320375 0.038688436648157416 0.07808997055359247
0 0.7718933204189803 0.25189867697290924 0.041388861938414984 0.07989177875932461
0 0.3228325340737001 0.5435316058107578 0.04054139323573952 0.07729681978798582
0 0.32334592289247854 0.25022532685512366 0.040621679202423114 0.07777201217118174
0 0.4718698288743059 0.44641524607381217 0.03934969106511867 0.07767402296819793
0 0.3225959111559818 0.34798905575186495 0.03975265017667842 0.07883048684727134
0 0.27361496718828876 0.25198149784059676 0.039594901564866246 0.07883048684727129
0 0.2254820976779404 0.251316760502552 0.03955581574962136 0.07750101217118176
0 0.5726274608783443 0.24998773066352567 0.04069914184755175 0.07975068708284258
0 0.6223125340737001 0.2508682876914016 0.0400796264512872 0.08105690714566156
0 0.5723152074709743 0.44809438476639185 0.04070562948006073 0.07966442716921869
0 0.9218880897720956 0.3486566895806312 0.042306366314619176 0.08077514223951586
0 0.9709213451917731 0.2507295719844358 0.039779043913284996 0.08140131863380895
0 0.8217332295557799 0.5449304314880251 0.04105606032306923 0.0770271370239498
0 0.5227529170873296 0.05700563564978406 0.04001618248359416 0.07843019552414605
0 0.5228347227410398 0.4460360458382411 0.04027199823321561 0.07904589026305459
0 0.3725883278647148 0.058360801531213195 0.04098685259969709 0.07868665999214763
0 0.029015343765774863 0.34893773792697286 0.03941635133770824 0.07950091755005889
0 0.2251311185007572 0.34804145592854335 0.03948485184250382 0.07770835355319994
0 0.12689803912165573 0.2515117770906949 0.04083545229681981 0.07973144581861012
0 0.2751135790005048 0.05858608166470357 0.03943715295305406 0.07729681978798587
0 0.9704002223457476 0.836751513186338 0.0411687048360201 0.08072578901859066
0 0.07754949734982332 0.2515523937966235 0.040258005300353346 0.079199212406753
0 0.27389700959111557 0.543698147133883 0.04047448359414442 0.07824336925795054
0 0.17581082786471477 0.25136803101688254 0.040856890459363956 0.07944395367098546
0 0.4226838613074205 0.1541450313113467 0.04084980237253915 0.07885347055359247
0 0.6215634111559818 0.5435216583235178 0.040631380615850685 0.07977058205732224
0 0.5726308192831903 0.5462987312524539 0.0403903614336195 0.07669640243423645
0 0.4230242467188288 0.35020917275225755 0.04089957874810699 0.07958991990577151
0 0.8712298900807672 0.6402231263250883 0.04129875037859664 0.0835724795838241
0 0.2737877665320545 0.4459887017078916 0.04025599747602224 0.07913386199450335
0 0.9705739299610895 0.9370676610462603 0.04047387437465245 0.08005025940337242
0 0.9707633692329072 0.05645760376134888 0.03876826153418551 0.07858479247730223
0 0.7218797925290258 0.15368816460541812 0.04168992327107535 0.08039360443659206
0 0.6713751458859162 0.5445495144287398 0.041639741544674536 0.0774922365528073
0 0.5222267794043411 0.5442984393404003 0.04054139323573957 0.07821702002355706
0 0.9710842449972207 0.3478140571768266 0.03945324430239014 0.08178487743190659
0 0.47191214475012616 0.7379042062230075 0.04118673271075224 0.0777175212014135
0 0.028054596542150426 0.44421968511974874 0.04033433190307925 0.07804969611307423
0 0.8222928455325592 0.25096167697290933 0.040282308934881224 0.08047164605418144
0 0.9208935519733183 0.5435716601815823 0.04290578098943852 0.07869920017293561
0 0.373209207723372 0.34873443934040044 0.04065112619888949 0.07848085355319985
0 0.224766350454316 0.059332319297212395 0.03970180742049469 0.07756236140557517
0 0.12501616898031295 0.833295568119356 0.04054218147400299 0.08139286376128771
0 0.9706248078098944 0.7384024122351924 0.03953338438021124 0.07993117552961533
0 0.7213122980817769 0.2516750270906949 0.041185928823826344 0.08005794581861012
0 0.3232269056032307 0.05843271495877502 0.040383644623927344 0.07821702002355713
0 0.8203747406612821 0.8364508684727129 0.041494054770318 0.082182263054574
0 0.27369384149419484 0.3484491558696506 0.039437152953054014 0.07913722025912835
0 0.8721970005047955 0.4482279357086768 0.040077998990408856 0.07809112858264623
0 0.0757982079757698 0.6369319297212406 0.03959490156486624 0.07760355319984304
0 0.7712225745835436 0.5450135813702395 0.040678364714790506 0.07903383725952108
0 0.5729794422009087 0.1546563482528465 0.04014111559818271 0.07619530349430705
0 0.17608908505805151 0.3475329559285434 0.041728902069661795 0.07791828720062814
0 0.3237382944220091 0.1533941806046329 0.04077542781423519 0.07796523596387908
0 0.322169858404846 0.6392076209265802 0.03997376123170123 0.07980030585001963
0 0.2249829955830388 0.4460183344130349 0.04045059490156476 0.08042006105221824
0 0.6721668349318526 0.15398017275225756 0.03975265017667847 0.07852375343541419
0 0.37221470355880865 0.5432731311346681 0.04023960398788487 0.07862027090694933
0 0.42245078243311457 0.5435316058107578 0.04038364462392729 0.07791028661170005
0 0.8201350328117112 0.6410728307813114 0.04069914184755175 0.08036415390655675
0 0.1250009148157496 0.7340221386925795 0.03893418702675415 0.07854192167255587
0 0.6706468917213527 0.6402456263250883 0.04144522211004542 0.08116361228896747
0 0.028049966683493185 0.540829430899097 0.039378580514891466 0.07925407184923441
0 0.27464033316506814 0.1541335394581861 0.04069914184755175 0.07699008637612875
0 0.8724467588339223 0.34996275628190027 0.04089301287228671 0.08155095425991361
0 0.9201987215119511 0.9347033073929959 0.04151612006670382 0.08005025940337221
0 0.47127397778899544 0.8349283470749902 0.039910398788490654 0.08036415390655675
0 0.02713909376577486 0.832376068119356 0.038818823573952554 0.07955386376128773
0 0.4721455440434124 0.5426697644287396 0.039445050731953556 0.0786404711425207
0 0.6224634139323575 0.4468086293678838 0.04135535285209479 0.0799545904986258
0 0.32262961395759715 0.4457550790145269 0.040000741797072185 0.07715395661562614
0 0.07540383644623927 0.8323211130742049 0.03880615850580515 0.08067088731841388
0 0.1267778071680969 0.15600023154691792 0.039017502271580004 0.07704266961130742
0 0.9716319730405781 0.152809088845655 0.040158053918843806 0.07876182230869003
0 0.32162110701665825 0.8342783790734197 0.040124772337203345 0.07859675579112678
0 0.1259420321807168 0.4463684854731056 0.038923438414941974 0.07743956223007453
0 0.9221943264313507 0.15343948605706872 0.04133834713729842 0.07799602788586253
0 0.12671641342756185 0.05874628553199843 0.03952570923775873 0.08007109481743226
0 0.17593306701161027 0.15526946436984687 0.040470374305906075 0.07680806890459362
0 0.4728867607269056 0.2504920436788379 0.041558478546188736 0.07891891264232433
0 0.9710734116175653 0.6407446327280587 0.04008317676486927 0.08119473454388239
0 0.6719816417213529 0.2514839263839811 0.04127524709742565 0.08151614487632505
0 0.37141910651186266 0.9333897722811149 0.04054139323573952 0.08159108755398511
0 0.7722518245835436 0.3492278392226148 0.04210587026754159 0.08069458696505692
0 0.3214127965673902 0.9341566058107575 0.04022589601211511 0.07944395367098542
0 0.7219005480817768 0.4480444019434629 0.040153948258455224 0.0771105942285042
0 0.721691166834932 0.05716595200235572 0.04131267188288764 0.08243162917157443
0 0.8709125002209709 0.935563796062049 0.04003297621175495 0.08103140052613966
0 0.17386046352852094 0.9325453138987044 0.03979563679959617 0.07990217078916394
0 0.8716735129984856 0.15318463084020412 0.041555001766784526 0.0812269373773066
0 0.1759628156234225 0.05943645200235571 0.04021437430590612 0.07838409363957596
0 0.7211477788995456 0.5449119061641146 0.04085689045936393 0.07637661955241468
0 0.124858026249369 0.6367785630153121 0.039910398788490654 0.07791028661169995
0 0.3718780778647148 0.7377472228111503 0.04051284427057047 0.07740355437769923
0 0.4215774856133266 0.7379661061052217 0.041161028773346785 0.07845478778955635
0 0.8710773803634527 0.8358498015312131 0.040678233720343314 0.07913972870043207
0 0.12474368980312972 0.9307238636631331 0.039997223119636556 0.07994007126030626
0 0.9211541133963315 0.44764645482057924 0.04168982768204553 0.08005025940337217
0 0.4733807829379102 0.34826610463290136 0.04128453407370018 0.07999805143305844
0 0.17556994270570417 0.5423514978405968 0.04037512014134274 0.07677700431880642
0 0.521913052498738 0.7384325895170788 0.04117592831903067 0.07816082096584222
0 0.5723540706713781 0.05838068541421279 0.04015236143361938 0.07933989458186098
0 0.5228577738515902 0.34829578916372195 0.039910398788490654 0.07944395367098546
0 0.07652787582029279 0.5413102976050255 0.03979224835941444 0.07837540478994902
0 0.22336160461887936 0.6385133099725167 0.0397317907622413 0.07953938005496664
0 0.7718058204189803 0.05713778553199843 0.041529359162039314 0.07992142893600314
0 0.37285319800605754 0.15453473095798978 0.04025460398788496 0.07963286984687867
0 0.7699709742554265 0.935383539458186 0.04069914184755175 0.08312475461327058
0 0.3724837132761231 0.4461124345308205 0.040146628975265025 0.079381327640361
0 0.571990453306411 0.6418609100903022 0.041633607269056024 0.08132684570082441
0 0.6215666653205452 0.6404396541028661 0.03936288339222602 0.08040357361601873
0 0.12558065787481068 0.5423303977228111 0.03883168425037861 0.07857520455437772
0 0.971177723040578 0.5439757948551665 0.03959696914952754 0.07815641028966712
0 0.027639088213023726 0.7337701718688652 0.039187818021201415 0.0798783884962701
0 0.422928351590106 0.058481969179426774 0.039761296819788024 0.07770206164114644
0 0.9206344769316286 0.6406377503242542 0.041345385214007685 0.08233202896670999
0 0.8719006331398284 0.24985865979583818 0.03916976703685019 0.08255987946603843
0 0.5710182033064108 0.8351040349430702 0.04126659338717817 0.08255593011385937
0 0.7210108008581524 0.7375241061052218 0.04089843160020205 0.07757078778955634
0 0.4725062621150934 0.058323619061641144 0.040797481322564264 0.07922576187671772
0 0.8215252281675921 0.4477939019434629 0.04064005754669365 0.08029039517078922
0 0.9223390340466925 0.056355603761348884 0.04093293190661455 0.07838079247730223
0 0.07595595658758203 0.7346265213977228 0.03927940434124179 0.07913722025912841
0 0.9217488497776543 0.2501768091223519 0.04287930044469143 0.08232238175529617
0 0.6699365800100959 0.9353545087357674 0.04137368500757189 0.08195588241067911
0 0.1750695822816759 0.44642738535532 0.040005393740535085 0.07817082881821763
0 0.32200529719838467 0.7366326221044366 0.04077990282685511 0.07885515390655683
0 0.6214223555022714 0.7384944396348645 0.04048479177183241 0.07767105437769918
0 0.6720338230691569 0.3477840666470357 0.04159616002019177 0.08108086552807221
0 0.670997890333165 0.7378701226933647 0.04183172211004538 0.07764935414212794
0 0.9204602693162869 0.7387532057933419 0.0416918004446915 0.0806327626459145
0 0.8214071024734982 0.7389050729289359 0.04166579505300356 0.077878854142128
0 0.87175051022211 0.7378937559874361 0.04076250454316 0.07953702120141336
0 0.22515472476022202 0.15498561425206123 0.03921656713780904 0.07869423596387906
0 0.37280007370015145 0.2516256272084806 0.04046385259969709 0.07811874558303881
0 0.9717630768482491 0.4476448097708603 0.04007284630350207 0.07802038045827922
0 0.7709963402322059 0.1527532391048292 0.04022589601211511 0.07975068708284255
0 0.821397021706209 0.1527532391048292 0.04038364462392739 0.07975068708284255
0 0.17470658758202925 0.6376987632508834 0.040225896012115084 0.08097762073027089
0 0.920372429127293 0.836751513186338 0.040821289605336375 0.07937472978815396
0 0.8710697629984856 0.055991585296427164 0.040978496214033454 0.07946942893600314
0 0.17437919964664308 0.8340105183549273 0.04083310903584049 0.07914196329014533
0 0.571910077612317 0.7379138561052218 0.04178835310449277 0.07773682096584207
0 0.6220121667087328 0.15368242520612485 0.040049366733972795 0.08034618217510793
0 0.42253229126703684 0.4471402964271692 0.040220626956082736 0.07867778955634068
0 0.6215497896264512 0.8351382291912053 0.040974120898536116 0.08301172379269722
0 0.771089328748107 0.44778146888496273 0.04198935916203946 0.07903859540636038
0 0.7217676723876829 0.34901867275225756 0.04083468854114076 0.08150318767177071
0 0.7708173273599193 0.8364425183549272 0.04207635083291267 0.08093862917157432
0 0.27294963806158506 0.7364968389281508 0.04078822110045439 0.07797012073027096
0 0.07543213414941949 0.9307750804868473 0.03823175946491671 0.08065597173144902
0 0.5230336670873297 0.2507851769729093 0.04026218525996989 0.08134557970160974
0 0.2728190137556789 0.8343852849430702 0.040526972488642087 0.08111843011385951
0 0.02892108682483594 0.2522134601491951 0.039858831903079255 0.07929441146446804
0 0.12612691065118625 0.34886703945818603 0.038977698132256426 0.07935952061248525
0 0.5722330893488137 0.34921598939929327 0.04085689045936393 0.07944395367098546
0 0.2231354114083796 0.9327763054574009 0.03864840989399294 0.07975068708284262
0 0.0778489399293286 0.0590461817824892 0.03896390711761736 0.07944395367098546
0 0.42301448006057546 0.2515705270906949 0.041511039878849076 0.07984894581861011
0 0.27286976514386674 0.6382554095013742 0.04062847526501773 0.0802505127601099
0 0.42134654215042905 0.9327763054574009 0.04038364462392729 0.08097762073027089
0 0.026468725012619886 0.9296790638987042 0.03905557218576477 0.0796908722025912
0 0.07713250290257445 0.44594775206124854 0.03910851918223119 0.07721156223007473
0 0.6706168986622918 0.8360946350608558 0.04170073321554781 0.08085632940714572
0 0.22327460461887935 0.7352367719866509 0.03955779076224129 0.07974425461327052
0 0.770996340232206 0.6403059972516686 0.04085689045936393 0.08128435414212799
0 0.7711412030540131 0.7386043395170788 0.04083111887935382 0.07850432096584223
0 0.47127397778899544 0.9344633392226147 0.04054139323573952 0.08067088731841388
0 0.5216259852347299 0.9336967249705534 0.040165495456840006 0.07852331488025123
0 0.17476781839979805 0.7352205723400078 0.03971736320040384 0.07787145484884177
0 0.6221061639323574 0.05672839683941892 0.04017686951034826 0.08039872261484099
0 0.671693589096416 0.05643894778170397 0.04069914184755175 0.07791028661170003
0 0.22311498308934877 0.8342747849430703 0.04018503937405351 0.08151089693757364
0 0.029097085436648153 0.15610461425206124 0.038948840232205954 0.07725143502159404
0 0.22467034767794042 0.5434824646643109 0.03919430464411912 0.07658507067137815
0 0.2725085165320545 0.9331565473105614 0.039905978041393245 0.08235157126030637
0 0.07720474734982331 0.34900862298782875 0.03956850530035335 0.07841575402434234
0 0.6714478931095406 0.4479739179426776 0.040838744321049954 0.08126389399293282
0 0.521432545557799 0.8353231516489988 0.04084590888440179 0.08238069670200243
0 0.6219239020696617 0.34860252257557905 0.04054139323573957 0.08067088731841382
0 0.7203590358404847 0.935383539458186 0.039910398788490654 0.08067088731841388
0 0.3719864563351842 0.6404623265606596 0.04072960121150935 0.07975661228896738
0 0.02886799596163554 0.058892815076560655 0.03975265017667844 0.07975068708284255
0 0.0275271327612317 0.6366251963093835 0.03896390711761736 0.07883048684727129
0 0.7218042897526501 0.6422169426776599 0.0402769288238264 0.08387931134668244
0 0.8213504795557799 0.057323152237926965 0.040921554770317975 0.08029216234786021
0 0.4213888613074205 0.8350306184727129 0.04109927738515898 0.07934176305457402
0 0.07788937026754163 0.1556543814291323 0.03999125946491671 0.07635096937573617
0 0.8221068904593639 0.3504429230467216 0.04211887935386167 0.08312475461327049
0 0.5219039198637052 0.640997760208088 0.04052666860171641 0.07960054593639576
0 0.6208829125441696 0.9349513920298389 0.040730388944977235 0.08276211582253602
0 0.7205477994699646 0.8369772185904986 0.04154991494194848 0.08139456281900277
0 0.8200198517727751 0.9366994257950529 0.041415271440552966 0.08146225952100512
0 0.4218653613074206 0.6402442596191597 0.04142128293791027 0.0787070115822535
0 0.5716968248359415 0.9343630141342755 0.04104635032811714 0.08108370396544964
0 0.37194745355880865 0.8363553352964271 0.040967092882382566 0.0795373294071458
1 0.5735162082281675 0.25768416745190414 0.004847946996466439 0.012213133490380902
1 0.8728623658505805 0.3604749813506085 0.004022870519939253 0.009689024342363566
1 0.2698125395002524 0.1576386053199843 0.008709095658758161 0.025196876521397706
1 0.026849741039878847 0.545987871024735 0.0043520070671378055 0.013491474283470811
1 0.22278399356385664 0.9340295377895563 0.009063512115093403 0.022032208284255794
1 0.37301221680969204 0.5495009717314487 0.0035969697122664812 0.016894208873184168
1 0.4223363703937405 0.932225836965057 0.005907774103987862 0.007849072045543871
1 0.07753962380111055 0.7446791131723597 0.013711767036850083 0.014862425402434098
1 0.9746681246525847 0.843519200389105 0.006229342690383735 0.018552282317336792
1 0.8237053560070671 0.5462099877306635 0.0064257342251387685 0.013047240871613672
1 0.271714285335689 0.25395833333333334 0.0055365984351337565 0.007395465253239111
1 0.466794174659263 0.24751026580290533 0.007224371529530466 0.007408797016097424
1 0.6760828799848561 0.1560915046132705 0.0032103127208480534 0.01479480781311346
1 0.9254968318510285 0.2649663630566364 0.003821511395219293 0.01374701880674451
1 0.9711444446914953 0.650991245028102 0.006328397998888339 0.017205253134457383
1 0.6225246145885915 0.8460333429524931 0.004319776375567942 0.015211484491558735
1 0.12167482319535586 0.8319762576560659 0.004000176930843021 0.016333114840989437
1 0.5734758214285713 0.6450352003337259 0.006506206713780926 0.00863886513545352
1 0.8229087358657242 0.9465426224970552 0.004233007824331229 0.013569643109540723
1 0.47669738440181714 0.15895858814291322 0.004139304896516904 0.013968375343541437
1 0.5707277207218577 0.3478698291126815 0.00537696643109535 0.015268390459363986
1 0.02501862506309944 0.2471908493325481 0.004859266784452295 0.013568831370239466
1 0.9783751160366871 0.7461970384781669 0.008195571150639376 0.015266428880242185
1 0.9758382220523746 0.156736992853826 0.007648952720647222 0.011142048977827211
1 0.17667482887430588 0.1508538037887711 0.005370685512367476 0.01422780663525712
1 0.6729115209490156 0.9402395715547701 0.005767064109035809 0.014519875343541402
1 0.4734824583543665 0.737233755398508 0.005205704189803027 0.013803003533568928
1 0.022213886168601715 0.937310637907342 0.004474297324583544 0.016696941696113084
1 0.7249177918980312 0.1510379376717707 0.005868606007067102 0.021834607577542187
1 0.9235835204280156 0.9433596271076522 0.0069533037798777285 0.016801606139213256
1 0.07721794548207976 0.0576658814291323 0.007098687531549722 0.021471338829996064
1 0.5707488436395759 0.741350995877503 0.006281212266532167 0.012316657636435005
1 0.028440605628470467 0.15865540449548488 0.006533730691569915 0.009667008048684748
1 0.02841785562847047 0.7356695782292892 0.006894727915194343 0.006502421868865207
1 0.8236102275365975 0.45947249312917154 0.008824471731448824 0.009230318021201394
1 0.823470356007067 0.6425995836277973 0.006580237001514381 0.018417833137024112
1 0.0254544952044422 0.3482972129956812 0.005249515396264513 0.02238869140164892
1 0.5761394471226653 0.549595888201806 0.005595916456335155 0.014863975461326992
1 0.8764282470974255 0.44956092559874355 0.006987019182231181 0.016170649784059736
1 0.22452499217566885 0.1547272042599136 0.006528006562342219 0.013842607577542188
1 0.7243210391216557 0.061795126128778945 0.00863959767794041 0.02118791813898704
1 0.5233584220090863 0.9420498884962701 0.007674877334679309 0.011512708284256075
1 0.32065381739020693 0.9379666876717707 0.00798565143866737 0.009250173930113527
1 0.9698790994997223 0.9443296044098571 0.009553918843802071 0.018914829226113303
1 0.4243579835941443 0.8433956089517078 0.006912503281171212 0.010058016489988138
1 0.6738841383139828 0.6448109840989399 0.006661304391721298 0.02074316725559476
1 0.8267103365724381 0.248035133097762 0.01019618702675414 0.017401465253239094
1 0.32260143197879854 0.5425920540832351 0.007560891721352852 0.01660230722418543
1 0.4223204974760222 0.7381447292893599 0.004677531044926805 0.019342657636434956
1 0.12735617251388187 0.24795913309776205 0.0055728644623927286 0.019393865724381606
1 0.3732114584805653 0.9308907866117001 0.008561939172135321 0.008678772281114848
1 0.8744858700151438 0.9464444222614841 0.011818265017667886 0.01192564310954067
1 0.17433671428571426 0.6384072832744404 0.0059454507824331215 0.02250816607773862
1 0.22202825050479552 0.7452683134079309 0.008366517667844521 0.017364825873576843
1 0.07579300643614337 0.8332598909501374 0.009633068399798082 0.00947158048684709
1 0.8258079733720344 0.1556945549666274 0.0053754717314486045 0.02417724263839813
1 0.12286718223119637 0.1527406876717707 0.009818386673397253 0.018429107577542184
1 0.11821794750126198 0.9288210034354141 0.01154492276627967 0.015272205928543255
1 0.971949859922179 0.35169284727626454 0.006107228460255547 0.02268704647643761
1 0.7692815933871782 0.9390833553199842 0.0061112200908632576 0.025420843345111716
1 0.5749455658758202 0.8425765088339222 0.01082315396264509 0.012309683549273604
1 0.6256514708480565 0.25133471662740475 0.010054958354366558 0.012642698665096189
1 0.12683004959616356 0.6346273993914409 0.005363121403331636 0.022092865135453423
1 0.6747011327612317 0.5437974042010209 0.009128779404341206 0.01664547428347064
1 0.2705610353356891 0.44142332430310166 0.009105087329631445 0.014655314487632489
1 0.37432570709237756 0.6368770160973695 0.006964436395759727 0.014526297605025402
1 0.32402154934376576 0.6445188004515116 0.00882212089853611 0.01457939948959572
1 0.22455123523472992 0.6479218845700824 0.00994598990408885 0.021269501374165698
1 0.5188708171378091 0.7379273957597173 0.008762656486622892 0.016709990577149527
1 0.7755108156234225 0.3490349629956811 0.007534653457849519 0.022753591872791516
1 0.879547730439172 0.5499724047899489 0.009897471983846527 0.011043608166470282
1 0.17135434275618375 0.9344418541421279 0.010332707723372029 0.015072907341971012
1 0.41969787872286723 0.545580387612878 0.008345282433114574 0.013692974283470702
1 0.22794222551741541 0.04421735659599529 0.00852746214033314 0.010333445425991362
1 0.37668107178482363 0.05185557945414239 0.010576224795155045 0.016976704765863073
1 0.0247539952044422 0.8295304241264231 0.007912504290762241 0.01754398095798976
1 0.12151169472488643 0.7281667612877896 0.007481406108026231 0.0190541884570081
1 0.07927875643614336 0.356973597467609 0.007078529530540134 0.022212993521790292
1 0.23088958594144368 0.35344282970160973 0.007996194093892024 0.01455132528464858
1 0.27555588743059056 0.5434638040832351 0.009842288743059058 0.01056453945818604
1 0.9235860200111172 0.3537478383052313 0.005558643690939391 0.02465683095546911
1 0.2756860103483089 0.05649902542206517 0.008635551236749096 0.021351183549273647
1 0.473012135790005 0.8483759098939928 0.010878807672892572 0.015434085198272482
1 0.4222122460878344 0.35755118040832345 0.008049006057546697 0.017377026698076146
1 0.12431242251388187 0.4533651424224578 0.011660364462392738 0.011016083431487978
1 0.32876315143866736 0.3456729955830388 0.009434827864714786 0.01782165704750691
1 0.4268482211004543 0.15399915449548487 0.0095039616355376 0.018366041224970552
1 0.32569153962645125 0.44515569159795837 0.010845593134780427 0.016392582253631764
1 0.5279340268803634 0.06548872624656457 0.009566070418980388 0.013800717903415785
1 0.32688703685007564 0.24965761650961915 0.010032084805653695 0.014769965253239122
1 0.3714270883392226 0.35392321299568114 0.0108686905603231 0.011136691401649005
1 0.5731430769813225 0.1539190875539851 0.009695673397274009 0.012391506870828435
1 0.07926867743563858 0.14983927169218686 0.002997223624432101 0.013803003533568928
1 0.2230565371024735 0.24231939536709854 0.002208480565371015 0.011042402826855103
1 0.3239367743563857 0.05398508048684727 0.00489020696617872 0.006134668237141735
1 0.3257508833922261 0.15198640557518647 0.004101463907117621 0.00889526894385553
1 0.5791740282685512 0.06134668237141734 0.005836698637051946 0.00797506870828425
1 0.4727725896012115 0.05597884766391832 0.003470469459868854 0.016256870828425602
1 0.47158947501261983 0.4450701806046329 0.006467693084300764 0.00613466823714168
1 0.3713402322059566 0.44737068119356094 0.005678950025239767 0.006441401648998793
1 0.4691443715295305 0.537396937573616 0.0059944472488641255 0.004907734589713423
1 0.5237253912165573 0.5498196407538279 0.004101463907117671 0.006441401648998892
1 0.375283947501262 0.7381539556340792 0.004416961130742081 0.00705486847271302
1 0.4659956297006435 0.9339916399421959 0.0032328302345673264 0.0050228670188137885
1 0.6750851842503786 0.049844179426776596 0.004574709742554209 0.008895268943855518
1 0.7761231701161029 0.052604780133490375 0.004101463907117671 0.008895268943855518
1 0.625078874305906 0.15888790734197092 0.002681726400807755 0.01165586965056928
1 0.6758739273094396 0.251214664310954 0.003943715295305391 0.013496270121711765
1 0.7256436143361938 0.3467621221044366 0.004732458354366388 0.005827934825284616
1 0.7757287985865724 0.252901698076168 0.005836698637051946 0.007054868472712972
1 0.62074078748107 0.7380005889281508 0.003785966683493212 0.00920200235571252
1 0.7774640333165067 0.5406176383981154 0.005521201413427588 0.005214468001570438
1 0.8223435133770822 0.8407562819002747 0.004732458354366591 0.006748135060855907
1 0.870299091367996 0.836615380840204 0.0037859666834931106 0.00705486847271302
1 0.9766536964980543 0.06428339818417637 0.009206503613118448 0.008444120190229146
1 0.9734401056142303 0.25326280804150453 0.005211228460255768 0.014186121919584977
