0 0.03602500131025464 0.05706466187559867 0.027460997379490714 0.054211252542441975
0 0.03396433870573946 0.12749498341553384 0.02706404383792362 0.05465165391199783
0 0.07376581662021546 0.056374 0.026459999999999987 0.051557999999999986
0 0.11072799999999998 0.054958 0.027034999999999983 0.053258
0 0.147972 0.053824 0.02732199999999999 0.05325800000000001
0 0.1855160686050589 0.05286913573063147 0.02728766663168775 0.052825391351691606
0 0.07175699999999999 0.12679801481647537 0.02617199999999999 0.054390999999999946
0 0.10945120241898497 0.1250470717892113 0.026137595162030028 0.053588856421577395
0 0.1464044485330887 0.12450364546699677 0.026171999999999997 0.05495800000000009
0 0.1841573300444534 0.12387153633591096 0.02734297226648567 0.0534496290865937
1 0.036905341856454436 0.06711671340208285 0.011125681258961762 0.033088806061100116
1 0.07757641600507341 0.062243567835816326 0.02537573909328103 0.016748317891862145
1 0.10685448174663013 0.05899242018222186 0.01273922757960721 0.013866557775906218
1 0.14862402509778974 0.05639148769449335 0.015135947261757009 0.01906842275136324
1 0.18900057971107428 0.056491765840202796 0.009004482976073563 0.02618396442760038
1 0.036383753233996056 0.1344609941967106 0.015893230171341782 0.029445549870585102
1 0.0705322435847698 0.1279050112244482 0.013600391798726668 0.015451721696863454
1 0.11511494470937718 0.1418997019562055 0.011505374749641771 0.009856858582378404
0 0.032787 0.19943299999999997 0.027035 0.05325799999999998
0 0.06993097027227226 0.19821459680640754 0.02637205945545549 0.05342880638718489
0 0.10753526471078498 0.1969412836264026 0.026747000000000003 0.05325799999999998
0 0.14466499999999996 0.196034 0.027034999999999983 0.05439100000000002
0 0.1830321029338225 0.19549720541221105 0.02732199999999997 0.05382400000000001
0 0.03022824544532605 0.27063897638819456 0.026620696003240716 0.053970281832657514
0 0.068162 0.270255 0.025883999999999994 0.05439100000000002
0 0.10555099999999999 0.268839 0.027034999999999983 0.051557999999999986
0 0.14362942648774746 0.26935013450561035 0.026747000000000003 0.05439099999999996
0 0.18128720875340396 0.2680783142540557 0.026266582493192057 0.055344371491888464
1 0.027874268954154374 0.20678139121720454 0.01511865471699177 0.030974239173100826
1 0.071079544391623 0.2069778325649429 0.016211228953665644 0.027989195911792518
1 0.10889355137298644 0.1971990156126381 0.01764332336607528 0.019548493202834572
1 0.14356505095626254 0.20412799917055865 0.007462160755665081 0.020322722022305558
1 0.18287839966022965 0.20413037636857817 0.007084549362131738 0.027974349220325153
1 0.03011202657613711 0.2665897546751468 0.01835018164182555 0.026338348784461892
1 0.06771478384942319 0.26818037197967004 0.014857754592739218 0.026675046371901035
1 0.14247353620380518 0.27015169550570395 0.016381866539965338 0.015541405626589769
1 0.18255662388510166 0.26793985193408704 0.014119306613343235 0.01213856936256369
0 0.029216460402721148 0.3425642582115943 0.024879090875425995 0.055992631663241255
0 0.0272051210146603 0.4165386651391435 0.025931781332416 0.054707058656890496
0 0.06628526206763023 0.3429428428595234 0.02579979360165119 0.055083412023921904
0 0.10347243414510282 0.3420673022654382 0.027221572949999207 0.057000388161532675
0 0.14170030858252558 0.3431741831172532 0.026637382834948868 0.05206819371070787
0 0.18030851759654387 0.34097633771873853 0.026986597162304636 0.05566916813413981
0 0.063992 0.4162290401414579 0.026747000000000003 0.05609099999999995
0 0.10195599999999999 0.415297 0.026747000000000003 0.05552399999999994
0 0.14039773875838737 0.41505039663672166 0.02740058132636524 0.05715504299058265
0 0.17889 0.415297 0.027034999999999983 0.05552399999999994
1 0.028320463470029943 0.35113123273435914 0.015542102153084417 0.029448915967709165
1 0.06416229666895998 0.3451971477716677 0.01425568678486637 0.03168906093428876
1 0.1003955846493603 0.3424523044921692 0.008124389918823034 0.0070536382147019525
1 0.14061477895259367 0.33746378548094835 0.005157778525289735 0.006992309258266789
1 0.17981571583792588 0.34476467620949564 0.01372812287438432 0.016550665275757385
1 0.02982895470937872 0.4213102259762262 0.012807084631781958 0.03073398897405993
1 0.06365728790830874 0.42158243895461867 0.01564165758269562 0.02852317408209745
1 0.10243329412177492 0.41226357430305655 0.015535867706792184 0.02106915591370403
1 0.1378600105953667 0.4193788659792937 0.0076444476784808795 0.02079020124373658
1 0.1802453224739879 0.4196673450576869 0.004663983364547205 0.013237428745696759
0 0.024877999999999997 0.49093499999999995 0.027321999999999996 0.05382400000000001
0 0.0222312389620118 0.565115932613083 0.0280145220759764 0.05617013477383397
0 0.062842 0.489235 0.02732199999999999 0.05609099999999995
0 0.1010490233617366 0.48980199999999996 0.027034999999999983 0.05609099999999995
0 0.0613100116808683 0.5645247653909533 0.026171999999999997 0.05665700000000005
0 0.09936990600275197 0.564225412542354 0.026741187994496044 0.055685174915291846
0 0.13891500309412086 0.48978917746641826 0.02704000618824174 0.05606635493283651
0 0.13805 0.564589 0.026460000000000015 0.05609099999999995
0 0.1773590838159125 0.48983281008770807 0.02713346472356741 0.05597422339620071
0 0.176351995592875 0.5649122626457903 0.026933008814249985 0.05623819108201685
1 0.028302501432851925 0.4935537593595512 0.014732131355255163 0.02603843843618662
1 0.06293939481767205 0.49247619446758867 0.021494894763158835 0.01726946297839252
1 0.09713205800113162 0.4950667145383177 0.01251018608747305 0.012643885815327075
1 0.14115358927903437 0.49115993063656055 0.011124353771093335 0.024530848793719594
1 0.17989939236734578 0.4945433894439765 0.005355843577831495 0.02086651718432312
1 0.024109808055644843 0.5648513375641097 0.012966779643445912 0.032122205910126087
1 0.059454935057831004 0.5740129457173804 0.011075975243476737 0.03453627413023756
1 0.10240888456965566 0.5733627650808198 0.01539686258625778 0.020468826334499923
1 0.1350734338646493 0.5705520891240349 0.012757972857113319 0.02442378931289248
1 0.17633950636551132 0.5669749410543687 0.008070865706517561 0.02981161309751675
0 0.021427 0.638527 0.027321999999999996 0.05552399999999994
0 0.059677999999999995 0.639377 0.026171999999999997 0.05609099999999995
0 0.09735399999999998 0.63966 0.027898000000000003 0.05665699999999998
0 0.13682337823343316 0.6401885879807069 0.027491348660948413 0.05597013269084785
0 0.17598493310329308 0.6403324578962815 0.02714892792576875 0.05701350233945003
0 0.019987999999999995 0.7141639999999999 0.027321999999999996 0.05609099999999995
0 0.059246 0.714731 0.027610000000000003 0.05495799999999991
0 0.097066 0.7158639999999998 0.026171999999999997 0.05835700000000004
0 0.1360811311536502 0.7154519161852654 0.02694673769269954 0.057447556564646486
0 0.174432 0.7158639999999998 0.02847299999999997 0.057224
1 0.019900009550623047 0.6407591749199207 0.015559100867324208 0.016765269556925585
1 0.060474112052404126 0.6521145424327427 0.011387329232622966 0.02553076997352299
1 0.09877212224590726 0.6494204081773408 0.006598384662234168 0.032400273093373476
1 0.12966276676939587 0.6478833354857523 0.012958626985738221 0.009737967144365055
1 0.1719464438759294 0.6434547273073357 0.015216005438138728 0.01721903648265822
1 0.020378253710188896 0.7197974832620488 0.013850705995138922 0.03532588000148138
1 0.061410977722418644 0.7179109384408153 0.012427235785676555 0.02780455574996785
1 0.09493600949610984 0.7197550726962172 0.009571194205244141 0.026708447804995497
1 0.17510230049786626 0.7328617050995755 0.009077027483480023 0.014842141187930098
0 0.019116393733516795 0.7897842042483659 0.026578235894702998 0.055951974198744654
0 0.05800847287356126 0.7898249743190949 0.026634054252877452 0.05677413164472588
0 0.09591599999999999 0.7915009999999999 0.028473000000000005 0.0543909999999999
0 0.1348007187601625 0.791178380205151 0.02720556247967504 0.05503723958969801
0 0.173569 0.7932009999999999 0.027898000000000003 0.05552399999999994
0 0.016969 0.8654389999999998 0.028759999999999994 0.05495799999999991
0 0.0560413601237638 0.8664529954313169 0.027117279752472356 0.05746300913736598
0 0.09458701810966934 0.8672972269205133 0.02882996378066135 0.058040546158973395
0 0.13414028300493813 0.8690727485511673 0.0279524339901237 0.057888502897665256
0 0.17266104345501668 0.8701506054198674 0.028792442511536565 0.057266901743103144
1 0.01826290962036238 0.7942352760049249 0.00623886596419797 0.04031353953044876
1 0.057779319186211535 0.8008294913810661 0.006626176498784728 0.02786572608268991
1 0.1338026809444322 0.7972364718241404 0.014923525421020694 0.012462937408580116
1 0.17273140267100573 0.7995346621408943 0.013905190781808569 0.020842372117159606
1 0.0111376289117603 0.8857076675772291 0.011100531376254892 0.013961705180088978
1 0.05357334190506804 0.8746134903442018 0.025094881208163448 0.036567979410838954
1 0.09876080216069746 0.8753457275454091 0.009346686087473055 0.01288498587272489
1 0.13199997870701344 0.8818764545393227 0.005211322151005972 0.01730739039525149
1 0.17055624173807107 0.875357821108644 0.008409601162422134 0.02776822408527499
0 0.016716924074356043 0.9417471141846728 0.026460000000000008 0.05552399999999994
0 0.05504869773027609 0.942450922429595 0.027951604539447842 0.05504015514080974
0 0.0943255327107547 0.9434342696633895 0.028776934578490586 0.055340460673221153
0 0.13359658264862842 0.9453081369679126 0.028462834702743158 0.05612572606417444
0 0.17227499999999998 0.9473089999999998 0.02933599999999999 0.05892400000000005
1 0.025776386901505882 0.9537753753217056 0.006438019101246094 0.02692313333888793
1 0.0569991149726212 0.9553326315614064 0.0188072649878473 0.027696861708233954
1 0.09587373207548766 0.9448320325593882 0.0175645225553168 0.01870305887907562
1 0.14140516520467836 0.9527254029837621 0.008835423856303141 0.007730330509729879
1 0.17744969010447026 0.9567700518124356 0.018114703762865534 0.016199834613650325
0 0.224044 0.052125 0.026460000000000015 0.05212499999999999
0 0.26187729178812114 0.050701995744327884 0.027263215931634787 0.053246409620668796
0 0.300102086555926 0.050485329522156695 0.027767197741313324 0.05384988387821248
0 0.3385843609455011 0.04866280928591479 0.027519072241352704 0.05428824692255995
0 0.22246199999999997 0.12322899999999999 0.02732199999999997 0.05269099999999998
0 0.2606694466055788 0.12177421908310572 0.027064636210412347 0.05367868172421712
0 0.2990360808884812 0.1211331418132013 0.029047999999999977 0.05609099999999999
0 0.3375463455992662 0.11923521271980193 0.028760000000000025 0.05552399999999997
0 0.37670359938108944 0.11942123004449202 0.028617698303998605 0.05339639079022355
1 0.22418021885928202 0.06263990399960867 0.017067025983274052 0.01592938986720428
1 0.2229840939217906 0.12985530209316962 0.011686187843581271 0.0142092079770989
1 0.2607526595160734 0.05544025048277738 0.016902804363034287 0.013144373767535217
1 0.25731886919684993 0.11915420229861587 0.007187797236839947 0.008899142893601808
1 0.29899984652642286 0.1139428031778237 0.009502546028340678 0.02561718822363436
1 0.30060436488364983 0.06085841935703407 0.009661847453579528 0.02970086794443166
1 0.33613898626840816 0.12658125547643959 0.006304838056347978 0.0103786506052795
1 0.3741372241518913 0.11723061312303804 0.007348301279277487 0.025847240861257816
1 0.37916771300420343 0.04943446685637478 0.013006234893219348 0.023454522888327393
0 0.22116205938466504 0.19514840619656482 0.02664441836141576 0.054275238411215725
0 0.21946382954438473 0.2675980942266629 0.02756634091123048 0.05438393143710289
0 0.2594334485330887 0.19331556725280521 0.027898000000000003 0.05439100000000002
0 0.2578205790026437 0.26612456060026035 0.027930841994712602 0.054839700448323765
0 0.2982594485330887 0.19223814181320129 0.027322000000000006 0.055524000000000004
0 0.3372736323553924 0.19226592909339935 0.028760000000000025 0.05495799999999997
0 0.29719581617769625 0.26580877997260716 0.027322000000000006 0.05495800000000001
0 0.3361173425882742 0.2649741852291384 0.027335255980311682 0.055941785970106066
0 0.37602063982533 0.1919086471492739 0.02846092621698492 0.0537506837786795
0 0.3758473163130775 0.2647056834022407 0.029237058572377416 0.05540478231631061
1 0.21538778520366783 0.19951967204102117 0.010987158672045638 0.008271649631217605
1 0.2553636466492376 0.19417009077065733 0.008939051216876949 0.020842372117159638
1 0.29586449359260036 0.19389408029630195 0.015168678383733135 0.011015742460590922
1 0.3347161658921648 0.19270809199993194 0.006645817115217035 0.030742183999863847
1 0.37488647411021886 0.19062289572220945 0.012154639418970326 0.020960947872801932
1 0.21599396160807052 0.2753393526763307 0.018757040902420946 0.0211594217262588
1 0.2610308250228226 0.2571273120847476 0.007277870665747671 0.010964646092267901
1 0.2925233257416173 0.26720346408731677 0.008982235039180695 0.01565304681451988
1 0.33776785696568007 0.2697128018656049 0.014793096328425044 0.015568483840781331
1 0.3761948344202701 0.25996506648078666 0.005478639502315109 0.02740757301635918
0 0.21834172661056223 0.3405942277050421 0.02748132615877306 0.055755657172753464
0 0.21752887736485405 0.41473815029051714 0.02741024527029187 0.05704097573777744
0 0.2568741838223037 0.33994370906600646 0.02818499999999999 0.05609099999999995
0 0.2964215192427112 0.339813035138538 0.027355244353067475 0.05588848110149804
0 0.256399 0.41473099999999996 0.02847299999999997 0.05665699999999998
0 0.29535717406016876 0.4144268630103191 0.02838238716887718 0.05709896843018658
0 0.33587209996450285 0.3390349141060323 0.028658491269526635 0.056550291678363895
0 0.33511672129722464 0.41375983486460965 0.0285296162486904 0.057466330270780755
0 0.3753223052904069 0.33841163047962974 0.029223448262326177 0.05700514255757171
0 0.3745021508896731 0.4137182584773158 0.029396859997616265 0.05772346112259574
1 0.21802695062707225 0.3471302452891985 0.007868018940424487 0.015052221567176241
1 0.21852356458356542 0.4228051941934852 0.009552188010270815 0.011725701243736633
1 0.25135682879428173 0.41926217152846895 0.014793495811601073 0.010985223166509257
1 0.29141832456442635 0.3471727807424988 0.012487752062675259 0.015137292473776943
1 0.2919001517647932 0.4192780878335843 0.01014221534822137 0.019970906655947716
1 0.3308763497144685 0.4168260297152677 0.015793699428937075 0.015517223166509234
1 0.375377121134724 0.33823467803639334 0.016096301112587988 0.02756895986354629
1 0.37318028668314557 0.4348343868174124 0.005202896920216165 0.005532206382019374
0 0.21624084429684215 0.4892083173952989 0.027425208472493242 0.05676693976979814
0 0.21523400607380458 0.5653228690056911 0.027311620207783306 0.056378836549013496
0 0.25491865440073375 0.4897749217858085 0.028760000000000025 0.05609099999999995
0 0.29465099999999994 0.48980199999999996 0.028473000000000005 0.057224
0 0.2539214021815171 0.5654083018103088 0.029269804363034276 0.056594603620617676
0 0.29432756747990435 0.5653518653518957 0.02856873276814347 0.05728753830742927
0 0.33462103378680663 0.489491567395299 0.028142814740106818 0.05767372339620077
0 0.3338218830741872 0.5653509062858892 0.02835823385162555 0.05796618742822149
0 0.3744805589785213 0.4895067746344078 0.028489999729237565 0.0563430033688079
0 0.373783150889673 0.5656641116981005 0.02899527173290631 0.05774188918663748
1 0.21648065284827536 0.5012756120405107 0.010183305696550734 0.02747880594900846
1 0.25423224057124416 0.4939048576444716 0.006710745853273438 0.020952588090923874
1 0.2968924972807147 0.4992170349109733 0.012248994561429449 0.013220644382342583
1 0.21410150443800136 0.5704812461186398 0.015632543673958672 0.024670562914188874
1 0.2484512552820292 0.5681058138563492 0.016458995894945826 0.015980224195867268
1 0.29188662967777956 0.5737865210954581 0.014228538818801597 0.011594624058902964
1 0.335615971005518 0.5763838109447974 0.009855530275745907 0.02545592743876997
1 0.3747497792652445 0.5628216738700457 0.01026883799373151 0.026378362355273022
0 0.21482434798495645 0.6412114542424859 0.02830602456684466 0.056899935086644815
0 0.21417621525451244 0.7165305241792784 0.02800643050902499 0.0548206009961802
0 0.2539502992476946 0.6415651388740014 0.02817559849538926 0.057068277748002945
0 0.253667 0.717564 0.02761000000000002 0.05609099999999995
0 0.2939472329033088 0.6418342788028822 0.028153534193382346 0.05797544239423571
0 0.2931400808884812 0.7183837945877889 0.02933599999999999 0.05609099999999995
0 0.3333971000061753 0.7187850413061785 0.028631447095499363 0.056367350134837256
0 0.33373517720654217 0.64200487968209 0.029221233851625568 0.05797636052624867
0 0.3736122867561262 0.64221 0.028760000000000025 0.05609099999999995
0 0.37389052222239494 0.7194366122127792 0.02990095555521008 0.05801077557444138
1 0.21192720071041704 0.6453576607967741 0.008062416173291486 0.03468089615394427
1 0.21166113084460647 0.7199520979974308 0.011962894044605387 0.017351926983640752
1 0.24994596119134666 0.6471678917855531 0.010964922382693287 0.021192209010710273
1 0.252182185457891 0.7246880314868692 0.0061470032711745766 0.02880750302852418
1 0.29097169958526253 0.6517728826510646 0.00940809036905762 0.014704496290908333
1 0.28891628043207135 0.7269804006350542 0.018528252062675256 0.014694823192881148
1 0.33217765486949413 0.645125230961131 0.011204633292913203 0.01030505109784007
1 0.33143706295834224 0.7211573388629421 0.012253978892179508 0.01970541602225448
1 0.3733405145544595 0.6465883117444639 0.01507382324127408 0.02796604892853203
1 0.3730467976224714 0.7267244788492457 0.018165918798867826 0.01299482319288109
0 0.21335618624966637 0.7935679138231715 0.02839256865752726 0.05671872499128033
0 0.21302541420432508 0.8712686481807586 0.02842196572370476 0.057971710946073646
0 0.25332450922017785 0.7939785611170661 0.02878461391503668 0.056859452326264
0 0.25263390628635535 0.8718919318071611 0.028698922716504288 0.057857143693268574
0 0.29281059321336006 0.7949292983287818 0.028644019440925022 0.05637894136487764
0 0.29220599999999997 0.8719549999999999 0.02933599999999999 0.05552399999999994
0 0.3338647286734534 0.7957503019825775 0.02861666033937306 0.05785080685926728
0 0.333332625322907 0.8720621855183796 0.02875925064581407 0.05460637103675902
0 0.3735530332450656 0.7961183728891781 0.029053242311336394 0.05739595598005953
0 0.37365359942276183 0.873706708125973 0.02908163937751387 0.05774357644046323
1 0.21569595066874464 0.8025823996078231 0.007434327825236763 0.006069664710035774
1 0.21884642858173098 0.8799630619741554 0.005538121874246944 0.022130720431479557
1 0.2472199281233347 0.7979942841134334 0.011580400420696763 0.017117455644029434
1 0.2500965163463722 0.8738099194187104 0.007381841577556836 0.014019987958213135
1 0.29193720687814645 0.888266469144782 0.014818325574927836 0.02083666927834361
1 0.33184570637807775 0.802914148523169 0.0072046774669405666 0.029906587980331505
1 0.33171936069546676 0.8756966866030336 0.019203368498783475 0.02096538782124886
1 0.37188612490618306 0.8039036258581528 0.008568529275608612 0.017378840891883334
0 0.21179294115686007 0.9478194254396037 0.030485999999999996 0.060057000000000096
0 0.2520583180633178 0.9488149070302596 0.029102363873364272 0.057044185939480546
0 0.2927966446802713 0.9500767224561671 0.028616122374747446 0.05786639865928254
0 0.33248407385599577 0.9510686888871873 0.029938147711991516 0.05737737777437499
0 0.3732504082659018 0.9515502560825696 0.030002609955943903 0.05843148052726961
1 0.21314961982193578 0.95481579815864 0.007517666131619124 0.020618767360845273
1 0.33424955189399924 0.9598468526231614 0.011811059697315943 0.023997861674705752
1 0.3758033270544055 0.9622327710146407 0.018525859768310185 0.017694748572935567
0 0.37723600378182315 0.047742236552416425 0.028300624791746044 0.053978377774374954
0 0.41555671279584155 0.047034341085419686 0.028679412631354373 0.05358343771958929
0 0.4152618194177784 0.11889701549779239 0.02783052294140562 0.052858387136428216
0 0.45441499999999996 0.046684716373597376 0.028760000000000025 0.05325799999999998
0 0.4546543041652523 0.11821644824498719 0.02923008286802764 0.05438966345523997
0 0.4936011786026751 0.04560263384631089 0.028961113373079807 0.053442292252592546
0 0.4938023109580676 0.11757866644548229 0.029104275150042186 0.05362452529583408
0 0.5323962332159596 0.045446281140205345 0.029511283609752983 0.054320579532790576
0 0.5329727478850723 0.11732487185769337 0.02919606298965059 0.05362736155986017
0 0.571326 0.045043709066006514 0.02962299999999998 0.053258
0 0.5719331444095086 0.11708344824498718 0.02938597589176749 0.053314656147649096
1 0.4203076278858668 0.04580516421875131 0.01087557932565871 0.019994193931892213
1 0.454743734007735 0.04814365508426273 0.011529320990965085 0.019911041157304594
1 0.45323221200406616 0.11815118585653642 0.006261071115982216 0.02247481907544935
1 0.4909783474641595 0.05577957504317347 0.011090709680776578 0.011104590141132612
1 0.5334210821699611 0.0471689259223813 0.010154590827669861 0.03155858283354174
1 0.5269904866540397 0.11732755500472143 0.012219826283574204 0.014594139239806337
1 0.5742880338077507 0.0441928623233715 0.008310758814034076 0.030705037503509162
1 0.5693964024421314 0.12075389837429495 0.0060889189448292145 0.01369641596270491
0 0.4153623855954746 0.19095907806957096 0.028118022941405574 0.054063389190890626
0 0.41480863928358896 0.2642679578941547 0.02882425085439191 0.0550397567397425
0 0.4546732647107849 0.19113222002739283 0.028473000000000036 0.05325799999999998
0 0.4546758960764042 0.26343128793524406 0.029532369624153898 0.055748402206739406
0 0.494083255803042 0.19019414897617165 0.029234326616953552 0.054234949136104986
0 0.49390252942157 0.26365392909339935 0.029047999999999942 0.05382400000000007
0 0.533618990550516 0.18985386534976903 0.029193033651425424 0.05355438188329975
0 0.5340946103100511 0.263200787280198 0.029911000000000024 0.054390999999999995
0 0.5731807132438735 0.18841378728019806 0.029911000000000024 0.055524000000000004
0 0.5734645672091417 0.2623115770423398 0.02959868921898602 0.05623124943215178
1 0.41311383387852907 0.19325913476082313 0.00937152073255301 0.02198371688402285
1 0.41070923836260764 0.2676708501071893 0.00493937379139277 0.011485580323950048
1 0.4533827671590917 0.19412363293392543 0.005355387293678514 0.021275571417026063
1 0.4563479141419245 0.2675040445580141 0.011257460639241412 0.026281245544411247
1 0.491668523951907 0.1935000993075228 0.008155739102346526 0.023373347735837817
1 0.4877252740352518 0.26526082744217305 0.004728077492073589 0.008649244059923955
1 0.5328230638127343 0.19248212562633452 0.007118612956355705 0.029492698615045627
1 0.531492935145456 0.2585300229776519 0.006065061572789367 0.007989082493258113
1 0.5718999897170682 0.1892185166972922 0.009891244144921407 0.0130507716909544
1 0.5716851450242304 0.2597172243064594 0.00557071307718413 0.004763970769636506
0 0.41472916501704465 0.33804260050702256 0.028751669965910727 0.056607366238759955
0 0.4144522867561262 0.41314556725280527 0.028760000000000025 0.05665699999999998
0 0.4548344328325305 0.33828402411972885 0.029763075491798963 0.05487836989255552
0 0.454299735289215 0.41232335453300323 0.02933599999999999 0.05779000000000002
0 0.4946732553863181 0.33767293243243235 0.029870290152533882 0.055404715744072755
0 0.4948454396253457 0.41265583121081423 0.02937681194784083 0.05644931565559899
0 0.5341448397962241 0.3373634513862304 0.02929468805215912 0.05541920981037699
0 0.5350160808884812 0.4119552836264026 0.029911000000000024 0.057224
0 0.574230735289215 0.3360915672528052 0.030485999999999996 0.05665699999999998
0 0.5750649999999999 0.411615 0.03019799999999995 0.057224
1 0.41622338473071857 0.34010923104407526 0.009802727662952034 0.024500421100987664
1 0.41658122352680543 0.42228481591081163 0.010814402962928392 0.026037519238785514
1 0.4556643663631275 0.33987835347599726 0.009083482767927541 0.028875437940773567
1 0.45495343618726575 0.4180745151000859 0.015255563573064013 0.023739186628554898
1 0.49386316728829777 0.34163059177236726 0.009639452262875494 0.010058198159916215
1 0.49114335115227387 0.4187272950726931 0.009724290569257778 0.02566632113416532
1 0.5300849351037836 0.3384288117997601 0.017517826116884815 0.013058921841104588
1 0.5319695600829475 0.41520943248985526 0.016512340785997323 0.01364616322129488
1 0.5711517544278532 0.3354715417038851 0.009401258897378728 0.03258480708895859
0 0.4142257459055258 0.48875588464810416 0.029040346411985742 0.056882925154616355
0 0.41424019443861465 0.5650263298985955 0.029328346411985725 0.05680660921402988
0 0.4548341828325305 0.48821671286229573 0.029071634334938996 0.05699557427540854
0 0.4539205174091261 0.5650108726594866 0.02974896518174776 0.058647254681026585
0 0.4950822647107849 0.48832942543960395 0.02933599999999999 0.05665699999999998
0 0.49486022638147203 0.5643455126457902 0.02897454723705591 0.05765681828003652
0 0.5349584485330887 0.4879325672528052 0.02962299999999998 0.05779000000000002
0 0.5352447720870136 0.5630601418132013 0.02962299999999998 0.0583570000000001
0 0.5755944348120768 0.4868988228759921 0.030230983351340973 0.05708206331402226
0 0.5760478649462663 0.5631119845000807 0.030533270107467227 0.05791203099983837
1 0.4131844883209352 0.4901339504738449 0.0031844767252152298 0.015733766442079456
1 0.46000248761250456 0.4867057041276404 0.010512254688251722 0.01646515385924159
1 0.4565438442344415 0.5631177539111349 0.016824967932125373 0.01915067155824376
1 0.49315693937531135 0.5671467509995831 0.0063880552800428 0.03695423298794531
1 0.4982145606246885 0.49337947496575896 0.009141591827807077 0.01451711366749179
1 0.5357604019524269 0.49191948044645206 0.015321862747993941 0.015565542760891253
1 0.5317085160339372 0.5757723982934775 0.007793090911014508 0.014088258564513406
1 0.5753820778984333 0.4910970586606436 0.008713699970894098 0.011935990123267771
1 0.5733688278984334 0.5684886329360521 0.014035714640006754 0.018106996860883528
0 0.41401007679400703 0.6411822078962814 0.02904084641198584 0.057011584207436954
0 0.41435520914939955 0.7185588249325813 0.029299272899733213 0.05761633551965557
0 0.45470199999999994 0.6419259999999999 0.03048599999999993 0.05779000000000002
0 0.4547406718098599 0.718572364039677 0.029834656380280152 0.05747327192064599
0 0.495139735289215 0.6408502836264025 0.029911000000000024 0.057224
0 0.49559317491456073 0.7182884049736705 0.029922238435588326 0.05724563741503557
0 0.5355840162422992 0.64044556608308 0.02906380573843918 0.057069576899845965
0 0.5360723985976916 0.7177078658665746 0.02986783516000899 0.058466544585662215
0 0.5757839999999999 0.640227 0.029336000000000056 0.05665699999999998
0 0.577464861258152 0.7160777295340666 0.03172627748369594 0.05792854093186671
1 0.41444303609973215 0.64692813630486 0.00498576339799685 0.019800160026882493
1 0.41481136325842666 0.7224046561157473 0.010294844203133173 0.021124043220273954
1 0.4566440721891002 0.6488386454393485 0.014983526775265333 0.011725596427872619
1 0.4971358915131698 0.7202636352776288 0.008621533068011958 0.016388568796841994
1 0.536866791684048 0.7300432032726776 0.009136171632806297 0.021840279347336122
1 0.5348017880376061 0.6460389371155857 0.008170487893847276 0.03740174703315197
1 0.5782526256355579 0.6428200317718568 0.010745692511320654 0.02954764541170048
1 0.5776057947470766 0.7303561586848888 0.011780251354460591 0.02223521940212153
0 0.41420440399437397 0.796019303809475 0.02865219201125196 0.05668739238104965
0 0.413287 0.8730879999999999 0.031060999999999967 0.060057000000000096
0 0.454891815187923 0.7959339829028744 0.029532369624153898 0.056857034194250936
0 0.4550240490706409 0.8727807127240552 0.02996957267880477 0.057593003768641064
0 0.4955000021149276 0.7958914474495741 0.030254098703967055 0.05847338141966324
0 0.4954568182926239 0.8736361353924744 0.0305132016377896 0.057772572786667864
0 0.5365615309530841 0.7959622701830725 0.03032789400314892 0.05827474326025746
0 0.5361513728642361 0.8736915008868641 0.029507577825452783 0.05771316196224564
0 0.5777875634793549 0.7951125201830724 0.03202621134767187 0.057425952326264025
0 0.5775861811239626 0.8730116427000655 0.03093250548002718 0.05788472190746013
1 0.4134605691260717 0.8024274650337306 0.014464682426170767 0.011313646441058358
1 0.413740337524971 0.8839159819330661 0.012782366248474604 0.02052012760210621
1 0.4572270537902008 0.7985769504185487 0.016408592911289183 0.0249696391334676
1 0.45756504276753024 0.8788262257101294 0.014523467932125403 0.010282622463823402
1 0.4949943547153711 0.8048809822180536 0.017568459472414547 0.014062993666470966
1 0.4968043971495222 0.886179380513658 0.01075277175363458 0.025861555606598186
1 0.5326743615498587 0.878320095600558 0.01622551723207247 0.02950005669550571
1 0.5799999675467097 0.7835945180137645 0.008546523358129478 0.009846923444691066
1 0.5750505558530921 0.8791681774685449 0.007822126458641531 0.018786376859862546
0 0.4136613676446075 0.951558 0.029911000000000024 0.05495799999999991
0 0.4548459999999999 0.9522694817310228 0.030198000000000013 0.05609099999999995
0 0.49564197795465864 0.9518697872801979 0.03048600000000006 0.05835700000000004
0 0.536806185353818 0.9509264724561671 0.03021262929236399 0.05735405508766564
0 0.5777106323553926 0.9503392200273929 0.030485999999999996 0.05552399999999994
1 0.41886937788586687 0.9570815890926336 0.012715667590368613 0.013535058294838684
1 0.49477615626562704 0.9672308961262962 0.0076407390190017434 0.028285657746982003
1 0.5424928811468932 0.9694637980756959 0.007125330680119252 0.010889076044883405
0 0.610139088712742 0.0442279602336047 0.028930660797553305 0.054946490357212746
0 0.6111893607580834 0.11670087916528424 0.029217484351478355 0.05305994342784713
0 0.6490360474398537 0.0444827216780956 0.028907330460413064 0.05443516236698674
0 0.6508980807947722 0.11641762916528425 0.030213103121240228 0.05368443612025626
0 0.6871375155098685 0.044013421350474466 0.028329430544369264 0.05332641989854315
0 0.6888381170091575 0.11699862733838652 0.028707765981684834 0.05212416345523996
0 0.7258368525349186 0.04448086073835923 0.028803298189839063 0.05494827852328153
0 0.7275916013438829 0.1157133676198711 0.0282388063390304 0.0546714839367694
0 0.764339802072618 0.04447723060111116 0.02811239811146336 0.05570536528144689
0 0.7664065508188961 0.11732771465253261 0.028462905383049568 0.05560713690410787
1 0.6146241839369568 0.0435531623918536 0.011587809114118422 0.02432805577248635
1 0.6133573163340217 0.11467848592501849 0.010235000312650993 0.020913128278420033
1 0.6489941614332193 0.1157145440433351 0.0059826023296809345 0.026157110009442843
1 0.6874024145379202 0.12043122496363218 0.01052441734055019 0.017914740861257824
1 0.7247413297171826 0.04268394865618237 0.005688663947763873 0.02947524434502626
1 0.7282923235112599 0.11629564960301726 0.007801652538895679 0.025184737559057757
1 0.7743894750650797 0.04545155012590494 0.010921056506862065 0.010789352715430621
1 0.764223280069801 0.11798162905402501 0.004324562647045726 0.018182130251900113
0 0.6123043203138426 0.1886483744842576 0.02989278586006182 0.05488652004270561
0 0.6127841838223037 0.2623237090660065 0.029048000000000074 0.05495799999999997
0 0.6514599704847212 0.18857805175075923 0.029436794319772662 0.05389516550970233
0 0.6523591873750367 0.26167329524283484 0.02881693405139395 0.05529496945954451
0 0.6907877677217771 0.18803837996495076 0.029238729267231048 0.05417695644369584
0 0.692263 0.2616153545330032 0.029910999999999896 0.05439100000000002
0 0.7293639999999999 0.1891493470326615 0.029910999999999896 0.05269100000000003
0 0.7314040955767628 0.2609942809285861 0.02936481160466178 0.05478143814282779
0 0.7686550464935561 0.18824948066799152 0.029176906511399016 0.053562340036497576
0 0.7699562949890899 0.2612946816148264 0.028384412278519146 0.05404463220815077
1 0.6111558678426053 0.1947462074943215 0.00772848572688303 0.018669287790623493
1 0.6107894817990984 0.2655017919888727 0.012693272399664514 0.009698591285336278
1 0.649873212858458 0.19047912305719317 0.012515793361523916 0.009508708091944623
1 0.6541179113082022 0.2662536410411828 0.012749528567393819 0.012278296697547412
1 0.6922957085452579 0.25915380660405446 0.015593064198365807 0.011505486010089407
1 0.6909803209053282 0.18490844553155245 0.004145913407201551 0.0072088599003230355
1 0.7289765461021651 0.18520061424599552 0.009731198831777617 0.02725031525015645
1 0.7350460586546571 0.25758810171906427 0.018835118813780423 0.013943029921797724
1 0.7643480290041376 0.1897946564845291 0.004075064778372769 0.017871144014923908
0 0.6140020996937404 0.33617270869382126 0.029660903546341752 0.05661070250278604
0 0.6143229999999998 0.411331 0.03048599999999993 0.05665699999999998
0 0.6537543417757706 0.3354781023339203 0.029534419382281265 0.056072198848990604
0 0.6549054299988081 0.4102037321585041 0.03028197822542121 0.05647923013381659
0 0.6933199000354971 0.3354075296004219 0.0292936705074359 0.054740060689584716
0 0.6946647272358639 0.409296239466095 0.030342339660627042 0.05755665557342049
0 0.7327540939469246 0.33488923187542097 0.029445815115082857 0.05562562300732333
0 0.7337863435081221 0.40939820451179715 0.02937631975385334 0.056551330701909354
0 0.7715482927323908 0.33446579694404505 0.028270416290428736 0.05554310017723294
0 0.7732612901622612 0.40965709378299237 0.0292714174187783 0.05554041517897667
1 0.6135381214473749 0.3343359145058656 0.012896257647207204 0.019883581923283055
1 0.613336650868945 0.40865068797054843 0.011485478267309562 0.02472195050149293
1 0.6463540695637396 0.3366432818271529 0.006339830326012107 0.00897360019226027
1 0.6553257936635946 0.4124503414873797 0.011456543236506701 0.029542995831525653
1 0.694292907120019 0.34656328622319194 0.006243873083177971 0.013974296127572342
1 0.6968536864999166 0.41599123695437645 0.005008858330720804 0.020759786765519126
1 0.7328400695620365 0.3374069419370942 0.006563140127050389 0.006983669259873314
1 0.736000389938992 0.4106454432973931 0.01139747053753865 0.01509585389506474
1 0.7712010187236191 0.3293663780090193 0.008023039703937558 0.018669801678219564
0 0.6156637504063598 0.4867864237551999 0.03004770505492553 0.057367690512041825
0 0.6160588717390816 0.5627301244863846 0.03040610949733144 0.05697816915924462
0 0.655019 0.4857516381594058 0.029623000000000108 0.05892400000000005
0 0.695858 0.48526899999999995 0.03077399999999998 0.05609099999999995
0 0.7349710911887367 0.4843950344553311 0.030096819377736884 0.05864383976897614
0 0.6563514626500961 0.5619498500518932 0.029960704680089757 0.05772668548860463
0 0.6967800580826727 0.5612701299670775 0.03094556028072935 0.05609988187904611
0 0.7364473381171185 0.5606681794674889 0.028878324016507487 0.05736528947016405
0 0.7744224998746277 0.48414226027449614 0.028473000000000036 0.05609099999999995
0 0.7760520377801897 0.5598970721603314 0.029420926696319346 0.05677850864667587
1 0.6155735515815643 0.564973147551234 0.011070956138623408 0.015099600651643045
1 0.6517282643253693 0.4942446822048677 0.0073374404693735355 0.01925208809092376
1 0.6554114848621269 0.564849377455359 0.008607763856609071 0.025385507822269823
1 0.6998700871291913 0.48945601041905923 0.013658556655447537 0.022704326387293795
1 0.7497107934219378 0.4949789500069269 0.013173588097597482 0.036560164850546306
1 0.7429065535770841 0.562578378114117 0.009419112670543702 0.010662934306761114
1 0.7762925111386024 0.48389108812801856 0.00977102403241566 0.028544180818233494
1 0.7762177617027772 0.5591747982088004 0.008756525912998263 0.034858989110443356
0 0.6159943970558133 0.6392836816348927 0.02879830878073939 0.05737764689618792
0 0.6170549999999999 0.717564 0.030197999999999885 0.05609099999999995
0 0.6566682351121612 0.6385179315774697 0.02862552977567726 0.05780813684506047
0 0.6575214705784299 0.7155237163735974 0.02933600000000012 0.05609099999999995
0 0.6968948227934578 0.638119905258658 0.028670428008681685 0.05871350233945009
0 0.6982255396837735 0.71522727046806 0.03003634712020039 0.0570783318658602
0 0.7372945491263718 0.6374536544136263 0.029664098252743513 0.05677630882725278
0 0.7382835476845917 0.7140541909780775 0.029917095369183598 0.05587138195615516
0 0.7775245354608046 0.6362315094110228 0.02945592957987931 0.05676906337392329
0 0.7787237853354324 0.7127676235996924 0.030690432338067456 0.057927319009788446
1 0.6176238566949175 0.6447037126921539 0.011547831076114944 0.02288787274668419
1 0.6189267647420932 0.7228844170771336 0.014642279525859015 0.013528990582650712
1 0.6568210877959494 0.6408641099860483 0.005702190344356489 0.028014950960875928
1 0.6985391202388757 0.6370520854941343 0.013038519940993622 0.027472192911041186
1 0.7023648261065205 0.7140166371045266 0.0072871963870689005 0.02411859437341021
1 0.7373495634814857 0.6403148450477477 0.006662128718182505 0.02850569009549578
1 0.7374285565860162 0.714568558550177 0.01717411492724311 0.01910942303503096
1 0.7718887702907714 0.6342444603387489 0.00393154359047489 0.015423007435663582
0 0.6175140588431399 0.7943055036537954 0.030197999999999885 0.05665699999999998
0 0.618152948897776 0.8726861072467652 0.030362249228952823 0.05859478550646973
0 0.6585448784902245 0.7928873465703663 0.031083301862691145 0.05586801592527382
0 0.6595087828909583 0.8712261127274583 0.0317155959950459 0.05890749091868085
0 0.6988874955514185 0.7923493838505644 0.030323847120200406 0.05666365043088425
0 0.6992181793737223 0.8708142973015507 0.029603332451087996 0.05927485275927483
0 0.7393368351081862 0.7915695380202933 0.03029232928213865 0.056546965057397605
0 0.7396748346066976 0.8684128131696993 0.029707331538838044 0.055835414758585535
0 0.7790259994985111 0.7903617397255038 0.028760000000000025 0.05779000000000002
0 0.7801700010029773 0.8676987397255038 0.029910999999999896 0.057224
1 0.6179751177592605 0.7986598941271299 0.006267823783231066 0.017487653748649447
1 0.6152503493603612 0.8807847746939573 0.013099242894749764 0.023890131255901576
1 0.6596992789111371 0.7993012621906608 0.008928043153161865 0.029986404490893112
1 0.6582464921550109 0.8753027056142543 0.010710837285516852 0.034173702162502644
1 0.702898495176367 0.7943381532616185 0.012697431592938953 0.015412201247990023
1 0.7062443149588329 0.87263388396541 0.01671537995933813 0.014840782546002178
1 0.7420196842152776 0.7986121395774386 0.00401486994923874 0.005993621852627468
1 0.7780177611386024 0.8693159764306426 0.005350526539859045 0.020130569292835597
0 0.6188574121416499 0.9486015206977514 0.030562028692195212 0.05865911503288003
0 0.6594338161776963 0.9472802127198018 0.03048599999999993 0.05835700000000004
0 0.700029 0.9464589999999999 0.031060999999999967 0.05609099999999995
0 0.741012 0.946742 0.03077399999999998 0.05779000000000002
0 0.781133 0.9453259999999999 0.031636000000000004 0.057224
1 0.6252000881710009 0.9556403880764617 0.015482617582206992 0.031560081702098605
1 0.6589651539319734 0.9524951417302571 0.007546160839441597 0.03240603637206588
1 0.7512140246024364 0.9492595559371829 0.009015025161904373 0.02404234124151851
1 0.7913911895689564 0.9537595585952897 0.015315484213247578 0.031440345038813974
0 0.8021965014222588 0.04529948973505821 0.027195994898783 0.05371923514419884
0 0.8402562035927738 0.04659245548992256 0.02736459557264038 0.05114582418346239
0 0.8779626544468807 0.045582739735058206 0.027020693112193118 0.054285735144198835
0 0.9160033555517321 0.045640651836343755 0.027442290902490195 0.05344612555594307
0 0.9537025579103051 0.045627381287351484 0.027374890698742188 0.053037410941627776
0 0.8048919989148153 0.11695881168519413 0.02851300041515884 0.05295846338777713
0 0.842488500125372 0.11644352054899225 0.029048000000000074 0.053823999999999976
0 0.8806094971164399 0.11645078082348838 0.02818499999999999 0.053823999999999976
0 0.9182723519159389 0.11653224661657008 0.027130296168121848 0.052487506766859815
0 0.9560480533342208 0.11630690871785562 0.02760389308081371 0.05222791772759628
1 0.80598147528216 0.0446879292477392 0.0052949538239970145 0.011900123332170894
1 0.841189677389989 0.04733565299600151 0.008501359293376164 0.024757917861357004
1 0.8806781262381411 0.0461143196594834 0.009161255735959193 0.014779945253643793
1 0.8490386693661696 0.11484897836778467 0.004249345753181442 0.01737722157226184
1 0.8849898714113124 0.11617982540044618 0.008394745079324025 0.01872834942841175
1 0.9233010710743839 0.11763032654099527 0.008693146912910203 0.010285831160517669
1 0.92126332113707 0.04334912217251312 0.01315664578456057 0.026616203247041743
1 0.9555692766926335 0.04396702399930253 0.012735558400154166 0.02710018041695131
1 0.9622390198598499 0.1135856838481529 0.012200038967466922 0.028884888245298068
0 0.8070042063941265 0.18812491341381268 0.02856642615578838 0.05369537904447067
0 0.809082994401417 0.26100805147757833 0.029038011698654585 0.05347137193365463
0 0.8449801977002813 0.1883995560111117 0.027694607357624634 0.054626837755399366
0 0.8472739440018022 0.2602299338959246 0.02782011149490687 0.0553546984173239
0 0.8828534991223946 0.1875422602744961 0.028473000000000036 0.05439100000000002
0 0.8852944998746277 0.26071228310458655 0.02818499999999999 0.05325799999999998
0 0.9210981024174276 0.187625318566706 0.02725281146352723 0.05269618935025721
0 0.9242440957727024 0.2594383459972101 0.028888810209805414 0.05453586965255649
0 0.9596357996357416 0.18725328546211945 0.02866840148074976 0.054245164239068666
0 0.961994498620906 0.25921689041174417 0.027609999999999954 0.05439100000000002
1 0.8027089781657204 0.18235867360231978 0.006213962600049032 0.012105739897481914
1 0.8094159630583729 0.26139969647062755 0.014430936898753252 0.017785045908593672
1 0.8495031674229009 0.26206825012420637 0.008170337102501212 0.01568359156877452
1 0.8829065101866712 0.19380974446923263 0.011300470788282935 0.012134009143501354
1 0.886349867524775 0.25378952751649314 0.0118827368047604 0.011412580144175014
1 0.9256703164356134 0.18670156744526561 0.012587633874204094 0.034184920276215905
1 0.9251984008621338 0.25624734269976923 0.010912471791260467 0.009363251150103445
1 0.9647955162240568 0.1868528425564542 0.01087003646002328 0.022034991047585387
1 0.9679267904092469 0.2554352239775664 0.011494470286794236 0.03143377171820435
0 0.8103249999999999 0.33342799999999995 0.029048000000000074 0.05495800000000004
0 0.8125302399507048 0.4085894659268424 0.02885152110156795 0.05550711380649594
0 0.8491226933122553 0.3335550047055114 0.02802561914260934 0.0550591230073235
0 0.8514404395510901 0.40784827985491734 0.028781121650052973 0.05402474166264581
0 0.887547 0.33287815068624027 0.028760000000000025 0.05552399999999994
0 0.8893943886499865 0.4071898666130827 0.028253217434395243 0.05595639006778802
0 0.9263938420742233 0.33247966680679697 0.028241315600809155 0.05481931479154813
0 0.9290200890026049 0.40688270565234624 0.028837821493301323 0.057444022486134165
0 0.9648432928656442 0.332513917947346 0.02889841426871146 0.05565216410530793
0 0.9666780399820841 0.4054119236883088 0.028105920035831723 0.0560311526233823
1 0.8115559668195385 0.3312938962769133 0.00724093689875305 0.02991061903749605
1 0.8472079214974967 0.33474116796645476 0.005776847006903252 0.01919434049510578
1 0.8524000890457699 0.40940337936931814 0.012173468531583851 0.02866301372480638
1 0.8891341166471696 0.40295321822704927 0.007866234548061415 0.02245466019280658
1 0.8865946217247428 0.33354324559067305 0.005379243950974608 0.016813016292534774
1 0.9309995593520853 0.3335565161396653 0.012017121963847396 0.02099038387418852
1 0.9370528063431531 0.4109190195995299 0.005051614692261152 0.019134783486760024
1 0.9738037511167097 0.40565617370741747 0.0173945032363967 0.02278135197703143
1 0.96766876697629 0.3274996519796588 0.003765538465978133 0.013040002586836975
0 0.8140529871298307 0.4831119591122109 0.028793023483639192 0.056459862599066574
0 0.8149799987462781 0.558851867581654 0.028760000000000025 0.056657000000000304
0 0.8532036864794718 0.48244653559588013 0.028815624533613037 0.05665770963172807
0 0.8552946851630638 0.5578219089184965 0.02960263067684951 0.057787524633471206
0 0.8922355985935764 0.4830162776311453 0.029017199945340577 0.05933898905311733
0 0.8938396360798571 0.5568630949904219 0.02860773435963912 0.05663424380998345
0 0.9312580869339641 0.4803542216678052 0.029239827887282292 0.05686807721338175
0 0.9329733339877179 0.5555288678205121 0.0287903320245641 0.05721426435897552
0 0.9702397867224075 0.47959012463514367 0.02960342805965077 0.057059663971547124
0 0.9724990353433136 0.5550132696473014 0.02946593733719196 0.057520675319711556
1 0.8176014290003061 0.4801532515800486 0.0048499874627823715 0.024745735182416222
1 0.8159329999999999 0.566289 0.006903000000000083 0.03456099999999995
1 0.8585439003722851 0.5561350105324633 0.016860801998291926 0.013422071287303782
1 0.864879143288757 0.47947969200397456 0.015054288081980333 0.015965256151799355
1 0.8955956081218618 0.4823727844744397 0.008038217748189785 0.03062535433456432
1 0.8950881090621531 0.5584618530029283 0.007016221133238494 0.032463144358880126
1 0.935891303396907 0.47862223196141 0.011933608799768871 0.029718642001347155
1 0.9340495525819877 0.5632440516304478 0.016199108925141044 0.011815715130249581
1 0.974530999236127 0.482025112098658 0.01807400148118621 0.02176636117785877
1 0.9815767440331815 0.5575681612187036 0.013585487063386074 0.017243806450611313
0 0.8169909839955263 0.6346994352084517 0.029334031005969704 0.05695338985759268
0 0.8180899999999999 0.7112229360719251 0.030197999999999885 0.05835700000000004
0 0.856379183846656 0.6337126304143239 0.0288616355663644 0.05650847433465977
0 0.8572039317153289 0.7106350482565722 0.02847413656934196 0.05748390348685564
0 0.8957029982447896 0.6327753470326615 0.029910999999999896 0.057224
0 0.8965281298739343 0.7085463644657453 0.027485738747665276 0.05655501079401322
0 0.9347815815429604 0.630948632695422 0.029205835409612767 0.055948734609155865
0 0.9366648285340281 0.7074712765670308 0.028704340424499916 0.056888962852734176
0 0.9739180012537219 0.6303146301372482 0.02933600000000012 0.05665699999999998
0 0.9763650283224719 0.7062600836422569 0.029146944107289484 0.058097225408328367
1 0.8190104561002172 0.6391917354594918 0.008045917716810312 0.02807669465769219
1 0.8593840709921765 0.634073635282259 0.019545449475013122 0.016146831064974262
1 0.8231227029032266 0.712924040282283 0.007096405304964865 0.007875865950250522
1 0.8587171543841946 0.7161373142624767 0.008075315789231256 0.03450732715247291
1 0.8994641007249032 0.7046786190470503 0.010583205963205188 0.012137155898131621
1 0.9401060436178771 0.6307586076033421 0.018248090244686863 0.03710839328521128
1 0.9435640421134112 0.7105101453083423 0.014242085731288347 0.026844076002369485
1 0.9805125078751672 0.6314939640470264 0.01678095662122713 0.02092400001910863
1 0.9853104899585859 0.7100194078639366 0.01154998117089386 0.021519687871723463
0 0.8187684459450709 0.7882258816504164 0.029190884618555926 0.056002411705974725
0 0.8204522317388273 0.8659800871403388 0.029757543292442935 0.05708473896115681
0 0.8588391804616072 0.7863894649582714 0.028446642587206403 0.055741156841622536
0 0.8603665003761165 0.8638282831045866 0.029910999999999896 0.057224
0 0.8985011281187238 0.784673064272031 0.028909741756597405 0.05613009063244928
0 0.9002076270530605 0.8622770563168505 0.0298977458938793 0.056748887366298885
0 0.9385910765280733 0.7836896396151513 0.029355844687153843 0.05626519565850876
0 0.978656775000109 0.7837820528569859 0.02965644799382677 0.056067848625847384
0 0.9397014993731391 0.861186369862752 0.030197999999999885 0.057224
0 0.9802470231195266 0.8596086019770314 0.029441953008713908 0.05848218873877967
1 0.8209367040942623 0.797103425029499 0.0077824124511788545 0.03136820165385595
1 0.8226479519002493 0.8698134741495446 0.007366909066130186 0.030982952861285263
1 0.8592760297981167 0.7955195505381751 0.006957564961387157 0.020395530532265935
1 0.860995398867819 0.8718862070221994 0.013024802249036281 0.011168372946414649
1 0.8984280738134293 0.7868689218220242 0.003925282353145252 0.012473335886738372
1 0.9012361009756478 0.8642102161561465 0.007233204960227787 0.032061870665316364
1 0.9424865471282982 0.7871287823271023 0.007764098017761715 0.014628829490897177
1 0.9830372391436668 0.7832684661179292 0.016096482800732084 0.028273151412370114
1 0.9427152943074243 0.8671551602214694 0.01157459262675807 0.0319045852796317
1 0.9861279893317251 0.8575074593032976 0.010981979666427688 0.030562617234114752
0 0.8208939794821281 0.9431507538420382 0.029283042289465613 0.057027971766931404
0 0.860656 0.9416429999999999 0.029048000000000074 0.05779000000000002
0 0.9008818764261994 0.9393968211917603 0.02882125090876628 0.05639922976032948
0 0.9412280010029774 0.9378618264836691 0.02933600000000012 0.05552399999999994
0 0.9818342719911768 0.9380625940218508 0.030385456519134775 0.060418811956298446
1 0.8222269496435501 0.9452988611683044 0.013058901042311048 0.022753987173301325
1 0.8671311434141293 0.944166810936373 0.008416293347611795 0.009157886709438188
1 0.9445310455611459 0.9402452024886662 0.006294094381968603 0.017192190363017217
1 0.9916294810571615 0.94324059861271 0.00977597089037529 0.03623376343459349
1 0.8114419449225724 0.3948807857487496 0.004073989468737171 0.00764347032661506
1 0.650428087874162 0.048049684027021124 0.002212340434946109 0.004140335585094791
1 0.7777345320562347 0.7958763477587912 0.003200991725436386 0.004394995437803605
1 0.9558503216269186 0.9374238638697935 0.008002479313590966 0.009840968045516733
