0 0.32517264484978536 0.45007420577014784 0.04143971030042916 0.08350558845970434
0 0.6224357808661927 0.5498310311714429 0.040524438267614774 0.08159393765711412
0 0.4733484058859595 0.8455159155937052 0.04119405272838748 0.08158977110157363
0 0.6229575354077252 0.1557389910586552 0.0415159291845494 0.07900301788268956
0 0.3242050935009197 0.8454310710538865 0.041803810545677576 0.0806749699570816
0 0.47393978694052724 0.6484551944444443 0.04199361434702636 0.08088749904625647
0 0.22723133231146533 0.2549300813066285 0.0409893353770693 0.08216583738674292
0 0.47457384583063994 0.5499092458521871 0.04215027731092442 0.08332150829562589
0 0.2264001819435929 0.6488854164282308 0.03971023513182099 0.082493055078684
0 0.02902743715511956 0.843094301382928 0.04157725321888412 0.08270743919885544
0 0.3247123948497854 0.649170806509299 0.040519210300429216 0.08008338698140201
0 0.07874770079705702 0.8443982474964233 0.0413856529736358 0.08009954697186453
0 0.17709740067443283 0.45060956783500233 0.03958719865113428 0.08159586432999516
0 0.6716448655732679 0.8451567370052455 0.04194086541998771 0.08087141392465429
0 0.17770070079705702 0.5494664921316166 0.04041059840588598 0.08185501573676686
0 0.07986478801348866 0.45046448378636145 0.040554223482526054 0.08354103242727708
0 0.1766530999386879 0.8440174029566047 0.040997800122624155 0.08157319408679066
0 0.621934396076027 0.8447708035288507 0.0413856529736358 0.08084465903671913
0 0.4745700907418761 0.1570591311397234 0.04057181851624766 0.07791773772055317
0 0.12792891768853462 0.7469980627086313 0.041265560698957704 0.0827538745827372
0 0.5228147216431637 0.6482151664282308 0.04049455671367263 0.0818976671435385
0 0.5226428209437622 0.5507928164906988 0.04092235811247582 0.08194636701860226
0 0.2765064137032495 0.35250225560324266 0.04144017259350094 0.07985548879351448
0 0.07903103678724709 0.6483431664282308 0.04041952299202942 0.08140855507868384
0 0.4734769385346413 0.7470778687410586 0.04106791753525444 0.0814232625178827
0 0.27477751272225626 0.9432572992370052 0.04104797455548744 0.08334340152598942
0 0.42341260775597794 0.8456453490701001 0.04133778448804414 0.07961330185979973
0 0.4741031027795734 0.45011626445449976 0.041208791208791236 0.08327048768225233
0 0.373524678111588 0.6484337744396758 0.04196045370938073 0.08158977110157363
0 0.7222371244635193 0.25352438006676203 0.04157725321888413 0.08233488316642824
0 0.32539819497240957 0.05787576072961374 0.041507610055180874 0.08222147854077254
0 0.127697967198038 0.8443399870052456 0.04118686020846109 0.08147325011921808
0 0.7216623237277743 0.44986140915593703 0.04081085223789082 0.08233488316642824
0 0.030823106376456164 0.15757185312350977 0.04171978724708768 0.07968829375298044
0 0.3253206949724095 0.7469953687410587 0.04135261005518081 0.08125826251788273
0 0.12856646903740035 0.45025873378636144 0.04024146045370937 0.08312953242727704
0 0.6222285269877182 0.4503407956259427 0.040917946024563584 0.08214840874811462
0 0.5231193228829993 0.45068329562594267 0.041471354234001216 0.08283340874811454
0 0.6721452540400775 0.45005165296631466 0.041365491919844795 0.08235569406737052
0 0.4745938074800735 0.2544557701478302 0.040236051502145945 0.08121721506914638
0 0.2274875321888412 0.05926309477825465 0.0418849356223176 0.0827608104434907
0 0.7710002300735744 0.4489138695755841 0.041387339362354475 0.0826751402002859
0 0.8203840119558553 0.8442349589890319 0.040905976088289414 0.08051808202193604
0 0.27632886358062536 0.45027101180257506 0.04146827283874924 0.08240897639484975
0 0.3248976442366646 0.5503270761802574 0.04127290956468426 0.08432129589890319
0 0.3255030452176579 0.2561331373390558 0.04095090956468427 0.08308172532188843
0 0.12862856928264868 0.3529275336194564 0.04074886143470264 0.07996093276108729
0 0.4741148068669528 0.3520654506437768 0.040810852237890875 0.07898187887458273
0 0.7707397795830778 0.5473197680019075 0.042016039852850996 0.0812871278016213
0 0.4232897575107296 0.9435166332856462 0.04185848497854079 0.08162673342870776
0 0.9700612078479459 0.2502165511444921 0.04059758430410787 0.08018989771101573
0 0.9198029748620477 0.3496135013113972 0.04162924831391775 0.08152910085836909
0 0.12927361940527285 0.05859456676204101 0.041655761189454334 0.08216886647591796
0 0.9697018576026977 0.7439991165951358 0.040645284794604615 0.08197176680972824
0 0.2754719625996321 0.2548270813066285 0.0428200748007357 0.08195983738674299
0 0.029726505518087067 0.45282220577014787 0.041825788473329246 0.08900158845970448
0 0.9699762415695891 0.3475947782546495 0.04042765174739417 0.08121721506914638
0 0.9698044077253218 0.9410039371721507 0.04046718454935631 0.08181712565569851
0 0.32380289423666464 0.943301577253219 0.040616211526670803 0.08268684549356228
0 0.3748051767320662 0.2556286933714831 0.04107264653586761 0.08058261325703389
0 0.5721609527896996 0.7472686187410585 0.041854094420600875 0.0818047625178827
0 0.4246531083690987 0.2548766373390558 0.04190278326180261 0.08056872532188844
0 0.5229919215205395 0.7472168687410586 0.04123215695892079 0.08170126251788269
0 0.2764434137032495 0.1567005470910825 0.04131417259350094 0.07943590581783502
0 0.8702483139178417 0.5470985336194564 0.04100245248313915 0.08382510729613735
0 0.07865190067443285 0.7473474010491178 0.04196045370938075 0.08494277539341914
0 0.8700631935928878 0.1517718768478779 0.041398612814224425 0.08075524630424419
0 0.4727898395156346 0.9434909393180734 0.040843320968730876 0.0800851213638531
0 0.22637568976088288 0.5497064258464474 0.040427651747394246 0.08158977110157363
0 0.12819581744328634 0.9421222432045778 0.041799360208461075 0.08256351359084411
0 0.7715059800735744 0.15442360097758703 0.04278203985285103 0.0800977980448259
0 0.17826355104230535 0.05855259477825464 0.04076989791538936 0.08133981044349069
0 0.4251834091048437 0.15643729709108248 0.040664181790312726 0.07890940581783501
0 0.2755381129675046 0.6483874164282308 0.03988677161250774 0.08075194301382933
0 0.8694819129368485 0.8440256914639962 0.040236051502145945 0.07935443490701002
0 0.02915240527283875 0.9399823251072961 0.041827189454322504 0.08275434978540788
0 0.22660313182096872 0.45050976180257507 0.04126573635806253 0.08288647639484982
0 0.9202992254751685 0.05507003659990463 0.04223854904966272 0.08257092680019075
0 0.5727170479961216 0.4504730456259427 0.041684904007756936 0.08241290874811463
0 0.6217899840588595 0.7473460907248449 0.04186322992029423 0.08270481855031006
0 0.27590401333537706 0.5494459921316166 0.041384973329245865 0.08181401573676685
0 0.37313977575107293 0.9424758272532188 0.04080744849785413 0.08103534549356221
0 0.4241830081238504 0.6497925845255126 0.04172898375229924 0.08058183094897467
0 0.3257377952176579 0.15681679709108248 0.041420409564684235 0.079668405817835
0 0.02997680564071122 0.3524287275870291 0.04232638871857755 0.08045354482594187
0 0.920507125843041 0.2503954951120648 0.04150474831391792 0.0820380097758703
0 0.5235859722562844 0.35221672758702904 0.04012105548743108 0.08002954482594182
0 0.3745468917259211 0.4508014382855706 0.04086818552036198 0.08228412342885862
0 0.17745115067443287 0.7464783127086313 0.040294698651134275 0.08171437458273721
0 0.9701540580931943 0.05440717453505006 0.04001688381361126 0.08199031473533618
0 0.27480071259963207 0.8453825150214592 0.041477574800735745 0.08132296995708158
0 0.4237846578786021 0.7471350627086314 0.04169868424279589 0.08079253838817359
0 0.3737676259963213 0.7467245627086313 0.04129674800735746 0.08220687458273722
0 0.6229434357755977 0.35157044957081546 0.040338128448804356 0.07948210085836911
0 0.5233701220110362 0.15678232510729614 0.040455755977927665 0.07885434978540773
0 0.5730763335377068 0.3513203385789222 0.04100245248313925 0.07972699093943728
0 0.7702599794604537 0.7465388105627087 0.041056439607602614 0.08258048235574635
0 0.2767954638258737 0.05924115081068193 0.041635072348252575 0.08122669837863615
0 0.5238375217657878 0.25510147138769673 0.041007354996934406 0.0817635054840248
0 0.969976457847946 0.8425863469241773 0.04042808430410787 0.08020130615164521
0 0.22699573206621704 0.15617249105865522 0.04128453586756591 0.07987001788268956
0 0.42420912459599225 0.45029079562594265 0.04121075080801551 0.08204840874811456
0 0.5221857210300429 0.9429413552694323 0.04115255793991425 0.08122128946113487
0 0.6721679056237879 0.5498837355455003 0.040602779573367796 0.0824849170437406
0 0.07970570202329859 0.15703236766809725 0.04061925199264255 0.08158977110157366
0 0.8699609135499693 0.44762607296137336 0.04119405272838748 0.08233488316642829
0 0.9205166246167997 0.9416801871721504 0.04229014684242815 0.08242451359084392
0 0.07984893838136112 0.549079880066762 0.03975612323727775 0.08406223986647592
0 0.8206388615879828 0.1541132669289461 0.04256527682403442 0.08171246614210775
0 0.7208001226241569 0.8453296375774916 0.042152053954629 0.08196232713400094
0 0.17784150091968115 0.1566122970910825 0.04030899816063765 0.079259405817835
0 0.2755626630901287 0.7462647286599904 0.04146867381974246 0.08352254268001906
0 0.7707765301961986 0.6467145543633762 0.04093993960760278 0.08187689127324758
0 0.5723063030349479 0.6478863884120171 0.041378393930104194 0.08198522317596572
0 0.12830751854690373 0.649105222460658 0.04010675996321276 0.08218755507868379
0 0.5224533713979154 0.8448579870052456 0.04053825720416922 0.08101902598950882
0 0.9202107755977927 0.7455904786599904 0.04167844880441456 0.08217404268001921
0 0.17744670018393624 0.6484364703147353 0.040285797670141045 0.0808500507868383
0 0.6223175965665236 0.2538969360991893 0.0413856529736359 0.08233488316642822
0 0.6225541845493562 0.6487470284930854 0.041858828939301214 0.08147116714353843
0 0.7711909871244634 0.2527792680019075 0.04100245248313915 0.08158977110157366
0 0.424622458614347 0.35202347758702907 0.041075082771305914 0.07964304482594177
0 0.7706084800735744 0.8443322089890319 0.04098703985285102 0.08071258202193614
0 0.9698842579705701 0.6454074703147353 0.039860484058859565 0.08149805937052927
0 0.8205280502759043 0.5478436456843109 0.04157725321888413 0.08606044349070105
0 0.7702679299509503 0.942118049237005 0.04068914009809938 0.08106490152598944
0 0.6728078674126302 0.35145214353838816 0.04120126517473933 0.0807357129232237
0 0.22707983231146536 0.35297983965188356 0.0406863353770693 0.07857532069623271
0 0.07978168715511956 0.25456693907963757 0.041537623237277735 0.08143955293276105
0 0.573746934396076 0.2540832141154029 0.04042765174739417 0.0812172150691464
0 0.17631854981606376 0.942073243204578 0.040711900367872464 0.08246551359084422
0 0.3748464267320662 0.1562192970910825 0.04115514653586761 0.078473405817835
0 0.02985640588595953 0.5498372701478302 0.04131918822808092 0.08185145970433952
0 0.7207561480686695 0.9422247992370051 0.04129770386266094 0.08127840152598943
0 0.03018705564071122 0.2554271890796376 0.042363688228080926 0.08390516499761566
0 0.5715271025444512 0.9426436332856463 0.04135279491109754 0.07988073342870766
0 0.7708142801961987 0.34985380948974726 0.041015439607602795 0.07977438102050548
0 0.031220806866952795 0.059910262875536476 0.04098238626609443 0.07958447424892705
0 0.17790082771305948 0.2544557701478302 0.0411940527283875 0.08121721506914638
0 0.919732575107296 0.8429818189079636 0.042254849785407646 0.08173736218407246
0 0.5719777027896995 0.8446199589890319 0.04148759442060087 0.081288082021936
0 0.3734240257510729 0.8457598210538864 0.0413759484978541 0.08058735789222707
0 0.9694207573574491 0.5464671839532665 0.040849485285101086 0.08405263209346693
0 0.2261056318209687 0.8442749589890319 0.04027073635806254 0.08059808202193618
0 0.8701074435928877 0.3493100573438245 0.041103912323727745 0.0801771008583691
0 0.17790770079705703 0.352968227587029 0.04082459840588596 0.0815325448259418
0 0.029628255518087055 0.6476373323795899 0.04086288749233598 0.0814871111111112
0 0.1285142691600245 0.5504722701478302 0.04090346167995094 0.0831214597043394
0 0.8197951115879828 0.9425626052694325 0.04087777682403453 0.08046378946113503
0 0.9195818251072962 0.5470235460181211 0.04195334978540777 0.08218490796375781
0 0.029332855150214592 0.7462937846924176 0.0410384877375843 0.08358065474487356
0 0.7718655308093194 0.05702578874582738 0.04120193838136115 0.0805215345731998
0 0.9698804414469651 0.44613584883166424 0.0406192519926425 0.08382510729613735
0 0.8197755113427345 0.6460521642823079 0.04160497731453095 0.0842776714353839
0 0.07831263641937461 0.9407028251072962 0.04013232372777435 0.08196001359084408
0 0.7218433485591662 0.15507146304244157 0.04193930288166783 0.07841307391511683
0 0.07982698666462293 0.059527872794468285 0.04086182127529123 0.08254525441106342
0 0.9199685775597791 0.4474397949451597 0.042726854690374086 0.08121721506914638
0 0.22602273145309623 0.747133840724845 0.04125453709380749 0.08228031855030998
0 0.7212243485591661 0.6477201103958035 0.0407013028816677 0.08239777920839289
0 0.820231161710607 0.34948055948974727 0.0413666765787861 0.0790278810205055
0 0.7210875229920294 0.7466022889842632 0.041194052728387574 0.08121721506914643
0 0.9199771252299204 0.6460979703147353 0.04236074954015955 0.08287905937052918
0 0.7215103485591661 0.35066264353838816 0.041273302881667764 0.0791567129232237
0 0.12888151916002452 0.1572380190748688 0.041637961679950944 0.08125596185026225
0 0.4748006903740036 0.05825334477825465 0.041033017780502744 0.08074131044349069
0 0.6716471663090128 0.6494518065092989 0.04079586541998777 0.08213561111111121
0 0.37433339172592117 0.549444103192559 0.042057216548157736 0.08317679361488177
0 0.8707217443286327 0.055092370648545545 0.04041651134273465 0.08038025870290892
0 0.8698796935928877 0.9420259371721507 0.041031612814224364 0.08386112565569862
0 0.22564768133047208 0.9435404113018597 0.040887637339055795 0.08092917739628033
0 0.8202822112201104 0.7459258105627086 0.043001577559779285 0.0820995944206009
0 0.8203626610974861 0.44840781568907967 0.041629675352544485 0.08315325655698623
0 0.970295207847946 0.1521465988316643 0.04106558430410782 0.08224980233667145
0 0.07942243776824034 0.3533010056032427 0.040819124463519325 0.0814529887935145
0 0.6718675666768854 0.7472308407248449 0.041619866646229395 0.08247431855030997
0 0.6218029846719804 0.9430694113018597 0.041506030656039174 0.0799871773962803
0 0.8212741623237277 0.0560030926323319 0.0415366753525445 0.08294681473533617
0 0.671335216431637 0.943889883285646 0.04132156713672594 0.08237323342870755
0 0.1289495191600245 0.25470607916070576 0.04215716217044754 0.082462945159752
0 0.3748932268546904 0.3520649775870291 0.04086554629061929 0.07972604482594188
0 0.524249872624157 0.05598253659990462 0.04029925475168607 0.08439592680019073
0 0.5723690479961215 0.550145388511815 0.04098890400775689 0.08300822297637002
0 0.7222902489270385 0.05672870469718645 0.0416835021459228 0.08141759060562709
0 0.9199246252299202 0.15227998891273248 0.04225574954015952 0.07879102217453506
0 0.8697310933476394 0.6450839422985216 0.04150081330472111 0.08159611540295675
0 0.8700103934702637 0.25175532916070575 0.04167621305947285 0.08252234167858843
0 0.3251608948497854 0.3520731995708154 0.04141621030042921 0.08048760085836913
0 0.8208049123237278 0.25226988519313304 0.040598175352544424 0.08206122961373387
0 0.5729797034028203 0.1558154910586552 0.04157559319435933 0.07915601788268956
0 0.8701855432250153 0.7459162846924177 0.041260111587982755 0.08282565474487362
0 0.424862708614347 0.05879215081068192 0.04155558277130597 0.08032869837863613
0 0.721439247700797 0.548719880066762 0.04151430165542617 0.08259712780162144
0 0.5730999032801962 0.0574164827134001 0.04219919343960754 0.08204803457319981
0 0.6233071857755977 0.05778378874582737 0.04106562844880445 0.08129242250834526
0 0.6731374175352544 0.2540457472579876 0.04147716492949109 0.0826325054840248
0 0.42457137459599226 0.549382495852187 0.04153124305106662 0.08226800829562582
0 0.37503517673206616 0.05864287279446828 0.04153264653586756 0.08077525441106341
0 0.6723414670447577 0.05713076072961373 0.041418065910484456 0.08073147854077252
0 0.6730447677805027 0.1562915751072961 0.04052546443899457 0.0778728497854077
1 0.18367119594219006 0.1580746114353653 0.004704578654808219 0.009334456333765642
1 0.47179795570202326 0.8463569653075823 0.006741305027590373 0.005396465188364254
1 0.07558629675045983 0.6590516213638531 0.004023605150214582 0.009686456843109228
1 0.32140210944206005 0.9469085835717692 0.006720612507663962 0.00845393443013837
1 0.7174754622930716 0.06887191142107772 0.007798922133660316 0.011278590128755366
1 0.37975034549356224 0.16830197365283736 0.0057506885346413125 0.008382938721983813
1 0.13009903694052727 0.655026230925131 0.003827064071122039 0.013266565331425796
1 0.5708822181177191 0.9545434499284692 0.0055378323114654545 0.011066891273247373
1 0.8695145102697731 0.5540089445636625 0.004916411710606943 0.011140432284215487
1 0.5682053660331084 0.855906525631855 0.004760328632740648 0.011631154744873601
1 0.7678071946658491 0.5517924963042442 0.006767584917228626 0.008867320219360863
1 0.6689567173561732 0.5582841447963799 0.0033923183581125367 0.014622007038713055
1 0.8640074558553035 0.8455537390319503 0.0063505082771305255 0.007002917739627948
1 0.02863532096873084 0.45350418407248444 0.0059574389944819115 0.01171480782069641
1 0.7196842141324341 0.952380643896042 0.0041478194359288725 0.015392503338101961
1 0.03132115661478596 0.05921193471681797 0.007500821845469651 0.007103043666234302
1 0.7718689966278357 0.3531500420839294 0.0040087878602082785 0.011242834287076755
1 0.024334669374616796 0.9422393594420602 0.005361930410790932 0.016302158559847117
1 0.16744076072961372 0.9483488077014783 0.0057837145922746405 0.015259943013829158
1 0.3736167427958308 0.9478692236528374 0.004989077253218811 0.013238662851692753
1 0.6623360269773144 0.8483066592751549 0.006183249540159404 0.012673758226037099
1 0.8680076587982832 0.4612435504291845 0.008313315144083332 0.010393204339532601
1 0.3703235887492336 0.6489623365522174 0.003528175045984026 0.011982336909871173
1 0.2792449822194973 0.2631022018359561 0.005197957081545011 0.010276283023366695
1 0.1274364348559166 0.34301677920839296 0.00378746137339055 0.00841088602765858
1 0.5235940711053652 0.5559340741578682 0.0036360336134453265 0.01539429512317763
1 0.27183552682403433 0.6458252525035765 0.007754452176578752 0.016021168812589377
1 0.1707534624463519 0.45836966034811627 0.0041399175352544604 0.01614098450166907
1 0.1258479837522992 0.45680382415355264 0.007730764561618615 0.0088410879828326
1 0.572152584457388 0.26231581175488794 0.0049131020846106465 0.0058881666666667064
1 0.42760017627222563 0.1669062236528374 0.0050847486204782045 0.013409774916547452
1 0.7213695643776824 0.37081507653791124 0.00537552483139184 0.013913480686695302
1 0.2721059271919068 0.9438336676204102 0.005680849478847299 0.016839102527419984
1 0.1263461335070509 0.7452432608488316 0.005968064071121987 0.015384961373390441
1 0.766017780502759 0.6540221149260849 0.008430410790925841 0.009313900810681926
1 0.8707203103923973 0.35585928993800664 0.004420813917841672 0.016255907486886063
1 0.0775178021152667 0.8377204308536003 0.005525401287553652 0.014473301382928128
1 0.130773680794886 0.05656764029399047 0.008359531128404615 0.011716102896670971
1 0.6704489828700712 0.45376141201608844 0.006871911441499634 0.01234897083961803
1 0.9657244212139793 0.35570495588936574 0.007162438994481793 0.015819463519313327
1 0.2288733011955855 0.26117300572246066 0.006309191600245282 0.007428666666666651
1 0.4662074520232985 0.9448921115879827 0.0037438942366645528 0.016957550786838225
1 0.37406684242795835 0.2604299216738197 0.007920882893930122 0.007424610634239443
1 0.32613851164929486 0.6451614464711493 0.005295018393623506 0.01585855674773473
1 0.22742859825260578 0.5470294941583214 0.006132993562231752 0.012432427992370085
1 0.03161924138410224 0.15835547989623863 0.004125330461367373 0.01823013402507565
1 0.4246753248007358 0.8487629653075822 0.006336045677498449 0.013251370290891726
1 0.22709933643690935 0.06765277442715087 0.004007274874930441 0.013864900778210107
1 0.5710517682403434 0.7534849052217453 0.004815531575720249 0.014549025989508814
1 0.6194012480607627 0.5572357888386124 0.009985480607627701 0.011219724484665683
1 0.324943410177805 0.25259658333333335 0.004619617412630258 0.0104243822126847
1 0.4706468207821591 0.5492728283056814 0.008932602779573426 0.0067208089492207055
1 0.46792620263641943 0.7518016530758225 0.00797040282035551 0.011209521697663365
1 0.2785104314837523 0.3560763179542203 0.006283858062538324 0.0076256187410585295
1 0.7157000118025751 0.46040263233190276 0.009050620171673731 0.006859256080114444
1 0.3719532409564684 0.752426599189318 0.00486727651747394 0.01517541392465412
1 0.33076526410177803 0.06079251704816404 0.004088723789086401 0.013280249642346198
1 0.1759537662477008 0.552905830352885 0.009833730533415063 0.008130876251788382
1 0.2743134683157309 0.1561901262429745 0.004423369093941076 0.016481074794638992
1 0.9173863404353158 0.06190249117787315 0.006505675965665095 0.017021197901764408
1 0.91982524202943 0.259325477706247 0.007375880134886309 0.014104170958512154
1 0.47567035729613727 0.16367186158798283 0.004744509196811768 0.019133386981402
1 0.4266915760269773 0.25734608762517885 0.006901949110974874 0.015827614926084876
1 0.03276364193746168 0.2466320934668574 0.004981606376456162 0.005960896518836467
1 0.4729920814479638 0.26334684514831574 0.003434065934065903 0.005891779788838628
1 0.6203539107950873 0.45875754147812975 0.0028280542986424606 0.007855706385118072
1 0.42343654199877373 0.9453609322842152 0.005748007357449428 0.006333452551263915
1 0.7755019926425505 0.055138292799236995 0.005173206621704602 0.005960896518836442
1 0.8217734518700183 0.05364806866952789 0.004215205395462971 0.010431568907963755
1 0.7246321275291233 0.1601990939437291 0.002682403433476261 0.009686456843109204
1 0.8710147148988351 0.16914043872198375 0.006131207847946131 0.007451120648545571
1 0.8741761189454322 0.6532770028612302 0.0032572041692212395 0.010059012875536429
1 0.9125919681177191 0.7551710777300905 0.003448804414469667 0.007451120648545521
1 0.9647072348252604 0.8503591440152598 0.005364806866952725 0.013039461134954737
1 0.8245516554261189 0.8503591440152598 0.005939607602697805 0.007078564616118319
1 0.7161036893298091 0.8618097945544454 0.0044112602122393495 0.008020849613092709
1 0.7655387798896383 0.9623122317596566 0.006322808093194356 0.007451120648545423
1 0.028978696741854635 0.8380847953216373 0.00274122807017544 0.008756700779727171
1 0.27275219298245607 0.7531828703703703 0.003916040100250636 0.005710891812865388
1 0.26991306390977443 0.8504583942495126 0.003720238095238061 0.0053301656920078004
1 0.2772599424385139 0.5526238807488808 0.0031070120355834213 0.006995319495319445
1 0.4223297975799514 0.5544306942924039 0.002425790718586285 0.008236312564617185
