0 0.6735435063099444 0.6484266778563015 0.039666517920242325 0.07850824381625444
0 0.6223332242554266 0.2560656277974087 0.03978255148914686 0.0777967444051826
0 0.6224760222110045 0.35397035728307813 0.03975265017667847 0.07852375343541418
0 0.12809977662796565 0.9393612819002746 0.04103044674406865 0.07819743619945028
0 0.5744415699141847 0.6478209658421672 0.039910398788490654 0.07913722025912841
0 0.02894687026754164 0.7432150569297212 0.041172387682988386 0.07975068708284253
0 0.32370015143866737 0.15965474087161366 0.04006814740030288 0.0763766195524146
0 0.7206465425290257 0.15922296554770315 0.04016991494194855 0.07551306890459365
0 0.4755467468450277 0.9426237990773458 0.040568506309944394 0.07674740184530805
0 0.6233145957849572 0.4519051027679622 0.040167808430085876 0.07931079446407541
0 0.4235550227158001 0.45212504907734585 0.04006814740030288 0.07852375343541422
0 0.4244334745078243 0.6481631778563015 0.04024756486622927 0.07982164428739698
0 0.8219683455325593 0.4506617692383195 0.03963330893488128 0.07989146152336084
0 0.2266179678192832 0.7451670237534352 0.04088106436143364 0.07751995249312917
0 0.3747318273599192 0.6482810659599529 0.03959490156486619 0.07944395367098551
0 0.5234186615345785 0.35344174028268555 0.04071667693084292 0.07746651943462894
0 0.47433950100959116 0.6486239112681585 0.04004699798081788 0.07951617746368278
0 0.17707305729429582 0.9392995319002748 0.039279885411408366 0.07807393619945044
0 0.47356538086824834 0.4518148527679623 0.04039174103987883 0.07851682764036116
0 0.5250406545936396 0.7457433904593639 0.04080569081272084 0.07805921908127209
0 0.32543538616860174 0.7461290243423636 0.039121655729429605 0.07637661955241458
0 0.921736909641595 0.4503361691205339 0.041038180716809744 0.08108066175893208
0 0.2754290762241292 0.45197168237141727 0.039437152953054014 0.08005742049469959
0 0.7714715690307925 0.35348210698861404 0.04022986193841506 0.07693378602277191
0 0.5758096783190308 0.9423228156654887 0.0394916433619385 0.07737236866902246
0 0.7735203180212014 0.7465891244601491 0.03927940434124184 0.07668335296427169
0 0.27626074432104997 0.6472470777385159 0.038576511357900044 0.07982984452296825
0 0.5246384032054517 0.5503662987828818 0.03937019358909646 0.0780834024342364
0 0.47543399684502774 0.7459777571652925 0.04034300630994438 0.07791448566941502
0 0.02865733821302372 0.2551362776796231 0.04059332357395255 0.07777844464075381
0 0.2249694733720343 0.15895376531213193 0.04010805325593133 0.0786554693757362
0 0.5241986370519939 0.45151158225363175 0.039437152953054014 0.07791028661170005
0 0.5245591545936397 0.6483614112681586 0.03984269081272091 0.07899117746368271
0 0.2762178192831903 0.8429034157832743 0.039437152953054014 0.08036415390655666
0 0.5258186504290762 0.9417629655477032 0.040468699141847454 0.0780930689045937
0 0.22596447059565875 0.6478450777385159 0.04083605880868248 0.08102584452296825
0 0.724370152953054 0.8452774863564977 0.040991694093891945 0.08081802728700428
0 0.5256007761231701 0.8446143696505692 0.040348447753659804 0.08010526069886145
0 0.1766948100706714 0.7452010403415783 0.039785379858657266 0.07881491931684327
0 0.17672281284704694 0.5499168485473105 0.03952588818778394 0.0790249024342364
0 0.3248360499747602 0.45234591912053396 0.04076245835436646 0.07896549352179037
0 0.22581713780918727 0.4519716823714174 0.04022589601211511 0.07944395367098551
0 0.3756959341241797 0.746139640459364 0.03963013175164056 0.07885171908127209
0 0.4726148409893992 0.06027311542991754 0.04164563351842498 0.08067088731841382
0 0.6245267541645634 0.7455155575186493 0.03975265017667847 0.07637661955241468
0 0.5735066922009086 0.4515774860620337 0.03961812948006066 0.07926902787593246
0 0.1767046829883897 0.6468015943266587 0.038858634023220595 0.08016581134668233
0 0.028316092377587077 0.45016680241460544 0.04054182635032812 0.08012846152336085
0 0.12763527801615346 0.8420057025912838 0.04073244396769309 0.08102259481743217
0 0.47314100656234215 0.35402935698861404 0.040173986875315496 0.0780282860227719
0 0.37283884401817263 0.15888790734197092 0.03801741544674404 0.07606988614055751
0 0.2765564957092378 0.9416827155477031 0.03979900858152453 0.07793256890459371
0 0.573100706713781 0.35305015704750686 0.039437152953054014 0.07729681978798587
0 0.27618649709742554 0.7449874070475069 0.03969000580514894 0.0777741859049863
0 0.22639522059565878 0.5502469320769532 0.03948907824331151 0.07907160266980767
0 0.625114214538112 0.8438884028268551 0.0409275709237759 0.08110719434628974
0 0.32504101463907115 0.6481276992540242 0.04054139323573952 0.08036415390655666
0 0.5756176797072186 0.8450657363564978 0.03973864058556283 0.08039452728700436
0 0.27489150126198886 0.35344410698861406 0.03899299747602224 0.07685778602277185
0 0.02942395835436648 0.9384860319002746 0.03991808329126704 0.0764469361994503
0 0.7720954405603231 0.45206146947389086 0.039900118879353894 0.07901006105221833
0 0.8740366178697627 0.8437167861209265 0.04028676426047458 0.08137742775814694
0 0.5742959366481575 0.5502139320769532 0.03930363503281171 0.07777866902237927
0 0.9220406360424027 0.548439340400471 0.040068147400302935 0.07913722025912841
0 0.37571505843008585 0.9417433322536316 0.03935288313982837 0.07744033549273648
0 0.9207879124179708 0.35135120651747154 0.040402175164058564 0.08003358696505694
0 0.8728496220343261 0.6476995777385158 0.03980575593134787 0.08073484452296813
0 0.12717815787481068 0.5492095819591676 0.04044919813225644 0.07883730290537874
0 0.17594118854114085 0.45138096947389084 0.03985562291771831 0.07764906105221826
0 0.42557871617869764 0.9422111823714172 0.04032956764260476 0.07653563525716538
0 0.7726527006562341 0.6490478994895955 0.039752650176678374 0.08097762073027089
0 0.8742968678697628 0.9412279655477032 0.04080726426047454 0.07702306890459355
0 0.573140815118627 0.25596151109148013 0.039517369762746106 0.07820197781703969
0 0.6743753154972235 0.7461290243423636 0.039437152953054014 0.07699008637612881
0 0.5751036838717819 0.7453674070475068 0.03965714058556285 0.07792071908127211
0 0.9231022811711254 0.7458913572830781 0.040929448763250366 0.07712821908127201
0 0.6241139673144875 0.6483841778563014 0.04018906537102477 0.08026364428739698
0 0.42504659464916705 0.8444372695327836 0.04084281070166586 0.08159146093443266
0 0.12762115371024735 0.6463760943266588 0.04101969257950531 0.07931481134668239
0 0.8711543803634527 0.45057640253239106 0.040201239273094456 0.08033419493521797
0 0.5231457872286723 0.2564321112092658 0.04048642554265527 0.0773027775814684
0 0.7743433065371025 0.8446591196505692 0.040294386925795116 0.08019476069886138
0 0.8232111307420494 0.7465891244601491 0.04022589601211511 0.07791028661170005
0 0.7218450369762744 0.35306075687082844 0.04004292604745073 0.07793148625834319
0 0.07839299457344774 0.7435444064585788 0.04036751362948006 0.08040938614055755
0 0.32625365345784957 0.9414779655477031 0.04044269308430088 0.07752306890459376
0 0.07827236887935385 0.9395327487239891 0.040126262241292274 0.07608650255202182
0 0.8237265927561838 0.8443760195327836 0.040625825593134934 0.08146896093443266
0 0.9700911930843009 0.3517425732234001 0.039311613831398314 0.08020285355319985
0 0.3259961534578496 0.8446868696505693 0.03992769308430089 0.08025026069886149
0 0.22733408934881372 0.9400668820180603 0.04073582130237254 0.07776823596387929
0 0.12651438667339726 0.451051482135846 0.040068147400302866 0.07760355319984293
0 0.6259525846794547 0.9418958322536317 0.040395830641090466 0.07774533549273678
0 0.9697746944724888 0.2534093440321947 0.039309611055022994 0.07923231193561055
0 0.9233990228419989 0.940696265312132 0.038998954316002 0.07780006890459369
0 0.3736275870772337 0.35305015704750686 0.03896390711761737 0.07791028661169999
0 0.8730226234225138 0.7452425403415782 0.040467255931347826 0.07705751884570075
0 0.3240022888692579 0.35338885698861405 0.040672422261484084 0.07674728602277191
0 0.8720025005047956 0.5503796654888105 0.03968899899040892 0.07749666902237932
0 0.774703432609793 0.9413648409893992 0.04006814740030283 0.07852375343541418
0 0.4751661225391216 0.8443448862387122 0.040122754921756605 0.08079322752257558
0 0.47430324962140336 0.5501450487828816 0.03934350075719339 0.07764090243423628
0 0.7239207786471479 0.7464610237534354 0.039461951034830835 0.07765408519827252
0 0.6721667535335689 0.3537062236945426 0.039121492932862115 0.07676855261091485
0 0.5725678192831903 0.15854313201806045 0.0402643614336194 0.07722073596387906
0 0.4247680946491671 0.746074123871221 0.040285810701665876 0.07749375225755796
0 0.5232965358404846 0.15961061542991753 0.04015692831903083 0.07812876914016491
0 0.8202179781675921 0.15756593178248918 0.03960304366481568 0.0789471364350216
0 0.8228240941443715 0.6484331612681586 0.04071381171125696 0.07913467746368279
0 0.4233183997980817 0.353663623871221 0.04054139323573952 0.07852375343541422
0 0.6709355132508834 0.05939723576756968 0.03981398460373547 0.07953259481743226
0 0.9232215270065623 0.8435370361209266 0.039590454316001965 0.07979099411071851
0 0.37533131120646135 0.8447788696505691 0.0398473775870772 0.08043426069886145
0 0.7222165341998991 0.4525230530035335 0.039523931600201935 0.0768658939929329
0 0.02910461887935386 0.8407562819002747 0.039279404341241796 0.07975068708284262
0 0.4229872286723876 0.2566922445033372 0.04082554265522462 0.07843651099332542
0 0.2744325040383645 0.1592943654299175 0.03933699192327116 0.0774962691401649
0 0.8222758441443715 0.5501599486650961 0.03961731171125698 0.07951110266980757
0 0.971179328621908 0.4507447487239889 0.04022589601211491 0.08067088731841378
0 0.9722835689045937 0.6469007656065959 0.03959490156486619 0.08036415390655666
0 0.6755067410398788 0.9417924655477031 0.04012251792024232 0.07815206890459375
0 0.47310863503281164 0.15882488201806044 0.04074023826350326 0.07839770278759325
0 0.7249888987884907 0.9419542155477032 0.04033620242301877 0.07847556890459373
0 0.42437284742554265 0.5504730321947389 0.04075730514891472 0.07706993561052222
0 0.2745141283442706 0.2562057445033373 0.0391847433114589 0.0774635109933255
0 0.9227221596415952 0.6474803443266588 0.04111569737506317 0.07968291087553986
0 0.6730411264512871 0.5498539486650961 0.03929275265017661 0.07951256949352183
0 0.17586018854114083 0.15854504848841772 0.03969362291771833 0.0802919030231645
0 0.37486668690055525 0.5502317987828819 0.03923362619888943 0.0778144024342365
0 0.17592056145885915 0.25609362779740874 0.03886787708228166 0.07785274440518264
0 0.8206639767794043 0.2549614109736945 0.039864046441191396 0.07804217805261086
0 0.6238809687026754 0.5500078153710248 0.04035406259464906 0.07859336925795062
0 0.9205512908884401 0.25396794414998036 0.040559926552246446 0.08034951217118179
0 0.22575609351337705 0.35362710698861405 0.03947281297324583 0.0772237860227719
0 0.1268400335689046 0.2551823772084805 0.0394574522968198 0.0778706436984687
0 0.8210035996971227 0.3528395400471142 0.03959680060575467 0.07994291990577151
0 0.7231089112821808 0.6486717779740871 0.040362194093892 0.08022537769925393
0 0.12777377801615344 0.7438779402237926 0.041009443967693064 0.07800911955241455
0 0.07798324457344775 0.6456469942088731 0.03986351085310451 0.07969701158225373
0 0.17689681007067137 0.8430490361209264 0.04018937985865725 0.08004192775814682
0 0.17631480868248361 0.3530129902826855 0.03839438263503282 0.07660901943462894
0 0.6212140333165068 0.060579848841774635 0.039437152953054014 0.07944395367098546
0 0.868996891468955 0.05882125235571261 0.04093421706208977 0.0808344952885748
0 0.7724893148662291 0.5494802318413821 0.038794884149419416 0.07876513584609363
0 0.6216671041140838 0.15770879848841776 0.040658791771832424 0.07861940302316452
0 0.27404200820292784 0.0607580692972124 0.040448983594144394 0.08041386140557517
0 0.2267940907370015 0.843073669414998 0.04028681852599697 0.08070466117000387
0 0.37433931398283693 0.4515692360620337 0.03912537203432613 0.07925252787593247
0 0.07796949457344773 0.5477879984295249 0.03983601085310449 0.07844800314095006
0 0.2251861433619384 0.2564291323125245 0.039910398788490654 0.07975068708284255
0 0.6713780918727915 0.256275765606596 0.03912165572942956 0.07760355319984293
0 0.4227754800605754 0.15905361542991756 0.041033039878849056 0.0770147691401649
0 0.6711858944977284 0.1586187653121319 0.03936825542655222 0.07921240302316447
0 0.07824911887935385 0.8415944691794267 0.039764265017667846 0.07958666117000392
0 0.9714948258455325 0.9375306733411857 0.03738642099949528 0.07760355319984293
0 0.47347487948006056 0.25641949450333723 0.03989524103987883 0.07789101099332552
0 0.8191213594144371 0.05904023576756969 0.040249281171125716 0.08004552846486061
0 0.6750034952044421 0.8443524028268551 0.04100900959111574 0.08080826069886132
0 0.02864308821302372 0.5482073651354533 0.04056482357395255 0.0786732697290931
0 0.8246189615093387 0.9407990988417746 0.04083307698132269 0.07677880231645082
0 0.8704137588339222 0.25422442756183744 0.04029748233215551 0.07779514487632512
0 0.3232269056032307 0.06088658225363172 0.040383644623927344 0.07821702002355711
0 0.8706476317516406 0.3519909233411857 0.03981873649671885 0.07885915331762862
0 0.770831071807168 0.25592526109148017 0.04021085638566382 0.07812947781703967
0 0.5722330893488137 0.05981301531213191 0.039910398788490654 0.07975068708284255
0 0.9683398536092881 0.15643404004711423 0.038963907117617276 0.07852375343541419
0 0.32512403331650674 0.5495072152532391 0.040391933366986314 0.07943256949352179
0 0.3737216924533064 0.2567558274440518 0.040098609540635974 0.0779502100510404
0 0.6724034578495709 0.45181831566548875 0.03959490156486619 0.07791028661170009
0 0.9725201918223119 0.8409096486062033 0.03975265017667847 0.07760355319984293
0 0.12676153079252903 0.35188979004711424 0.04024693841494195 0.07804341990577152
0 0.7227252650176679 0.5505864742834706 0.03927940434124184 0.07729681978798582
0 0.12640378218071682 0.15890888201806044 0.040162435638566404 0.0779522359638791
0 0.27562225403836443 0.5500519486650961 0.03982350858152449 0.07929510266980758
0 0.32404503886925795 0.25551352767962304 0.04075792226148412 0.07853294464075379
0 0.7705312002776374 0.15839288201806045 0.04024210777385154 0.07753370278759325
0 0.9722164375315498 0.5487715316058106 0.04040713048965167 0.08164200314095006
0 0.5224634023220595 0.060733215547703175 0.04069914184755175 0.07913722025912838
0 0.7204935425290258 0.06055795259128386 0.03986391494194866 0.08062709481743227
0 0.12643551236749115 0.06027311542991754 0.03959490156486622 0.08189782096584215
0 0.07721794548207976 0.2559690321947389 0.039279404341241796 0.07760355319984295
0 0.9726779404341241 0.7445953572830781 0.03975265017667847 0.07699008637612881
0 0.07805086887935386 0.4506608859442482 0.03968326224129228 0.07927622811150378
0 0.07755700151438667 0.3521660234589713 0.03901102473498234 0.07920935355319988
0 0.9677877334679454 0.0590461817824892 0.03943715295305391 0.08067088731841382
0 0.07792074457344775 0.15832784825284651 0.04005400807672893 0.07985750255202201
0 0.9196084193589097 0.156595714958775 0.04119816128218078 0.07946057008244994
0 0.02886799596163554 0.6453670985473106 0.04038364462392731 0.07975068708284253
0 0.22488672614840988 0.061037302709069485 0.04120454770318021 0.079745394581861
0 0.770005828748107 0.05970011906164113 0.04076885083291271 0.08075182822928935
0 0.7210145397526502 0.2573984613270514 0.03964392049469966 0.0773950773458971
0 0.02860383960121151 0.35304417334118565 0.04017082912670368 0.07667138555162929
0 0.02797334098939929 0.15831041519434627 0.04048731802120141 0.07920916961130743
0 0.3725233467945482 0.06042648213584609 0.038648409893992916 0.08036415390655673
0 0.17560443992932862 0.06028533588535531 0.03981312014134275 0.08069532822928936
0 0.02792150429076224 0.060119748723989 0.03975265017667844 0.07975068708284255
0 0.8698457629984856 0.15699193178248919 0.04042347955578001 0.07841260325873578
0 0.4224507824331146 0.06042648213584609 0.04006814740030288 0.07975068708284255
0 0.07740713137304392 0.06037911906164113 0.040288770570418984 0.08149636140557516
0 0.918547172135285 0.05836155212014134 0.0403376557294294 0.08052856164114643
1 0.267936017163049 0.15643404004711423 0.0033127208480565225 0.011655869650569306
1 0.4226085310449268 0.9343099725166861 0.007571933366986373 0.022698272477424432
1 0.6617858153710248 0.050127074008637605 0.008142150176678341 0.009556413427561848
1 0.22708097551741543 0.6430040676285826 0.008041481574962133 0.007179929132312344
1 0.46766679896516905 0.3443892953474676 0.003901636799596072 0.01609478975265017
1 0.8730326408379605 0.3397053279348253 0.004628812216052478 0.010739520808794662
1 0.5151714636547198 0.05919790871613662 0.004803463402322044 0.010432215547703176
1 0.4695946496718828 0.5467296542010207 0.0041473992932862655 0.005873239693757328
1 0.5196831817264008 0.4466402413623871 0.007453424533064025 0.007902281311346638
1 0.12025645027763755 0.35735634687868073 0.003681950530035343 0.012245492343934029
1 0.22373149772841996 0.3533315631134668 0.00401353154972234 0.011706524342363621
1 0.5201185601968703 0.7349076451707891 0.009422142604745025 0.011093622104436601
1 0.8704232651438667 0.5360472531409501 0.010478558051489069 0.01190137122104436
1 0.17090585247349824 0.7442933465842166 0.006181732710752158 0.01686089222614849
1 0.26954804505300356 0.5490681547899489 0.005767615093387184 0.005490506281900349
1 0.5659363616860172 0.429201622300746 0.004548276123170122 0.008425377306635222
1 0.726043656486623 0.546343621024735 0.00393237405350817 0.01462037475461327
1 0.21863139146895505 0.15248732096584217 0.00695730792529025 0.018322374165685124
1 0.017788395885916203 0.07194076060070671 0.007015333417465925 0.009485184727129952
1 0.9235455388692579 0.6341717655084412 0.007717099949520494 0.010734796427169395
1 0.46494780868248364 0.2592361846289753 0.005238153457849596 0.010949499607381192
1 0.6665967973245835 0.2515477000392618 0.004199136294800557 0.015284065959952908
1 0.9693690903584049 0.6292585818610129 0.004724716809692048 0.015653429132312466
1 0.023233050348951612 0.7407977205134841 0.005766958850351491 0.01602319917380759
1 0.276161384654215 0.9364348713191991 0.005791819283190338 0.019675408519827187
1 0.04023005287733468 0.9187961687279151 0.004724144623927305 0.011396669218688673
1 0.2729089054770318 0.4518269421868864 0.006933324835941385 0.01041168296034546
1 0.4137406564866229 0.5465970043188064 0.0063778490661282 0.008592406753042662
1 0.5668883561332659 0.6365643993914408 0.009585226148409934 0.008403395956026571
1 0.07728689323573952 0.6419524835100117 0.005067808682483589 0.016644699254024294
1 0.8749815456839979 0.43760225500588923 0.009364908632003984 0.015737489988221467
1 0.7651702357395255 0.4490982419513152 0.007392996466431104 0.00973441519434627
1 0.4213175016405855 0.44768594159795827 0.0063680254921757344 0.007651281311346736
1 0.3234624305906108 0.05603245848056537 0.003630413932357409 0.013695781900274822
1 0.7672166044926805 0.05387542471535139 0.003931253407369845 0.013102114840989405
1 0.6658081744068651 0.34335011170003926 0.007669365471983878 0.01081155516293676
1 0.7238321634275618 0.9377806876717706 0.008355360171630365 0.011462574401256297
1 0.11989857874810701 0.06261449283470749 0.005344185259969691 0.020776118374558315
1 0.4151988981574962 0.14130885237534352 0.00472335461887938 0.011232903808402053
1 0.664299807041898 0.4332414398311739 0.005322647400302977 0.011388145072634377
1 0.8713697665320543 0.7340685616411464 0.008901052498737983 0.00909098822143702
1 0.813604269182231 0.04639602365528072 0.007382577233720257 0.010883845897133882
1 0.7171962009086319 0.6260803478602277 0.004274937910146345 0.015875228896741176
1 0.37092335083291267 0.5354167531409502 0.004935226653205405 0.014389304868472723
1 0.8210021185007572 0.4425291578327444 0.004575773094396648 0.013057114252061365
1 0.32032569724886417 0.34613526217118173 0.00643341115598187 0.015056723400078513
1 0.16973461080262492 0.5421081873773066 0.0050537465926299725 0.01757004063604227
1 0.21878151716304894 0.2509862835689046 0.006341559313478053 0.01886076619552416
1 0.6226623632004038 0.43883017442088734 0.007514748611812243 0.019841614252061213
1 0.46684529896516913 0.8336446243619945 0.006806625694093883 0.009929047310561422
1 0.2194831400807673 0.5425077371417354 0.0058848051489146765 0.011249739693757298
1 0.9154455749621403 0.4372463237141735 0.006880177688036123 0.01012651236749113
1 0.9675649729934376 0.7295428779937181 0.003915990408884389 0.013848087750294544
1 0.12308231625441697 0.5435604042010208 0.00497115749621404 0.017119474283470677
1 0.2690377978293791 0.8401736255398506 0.005841617869762722 0.016501983313702437
1 0.07226291405855627 0.35306061287789553 0.00438886143361939 0.012248424813506137
1 0.6229492680464411 0.6430665979583824 0.010095911155981898 0.01012220259128386
1 0.6206885 0.3421212953474676 0.005783524987380214 0.02063078975265014
1 0.31579834376577487 0.4462921750098155 0.00381472084805655 0.013506148606203262
1 0.5211138115850581 0.6383137163329408 0.00743163982836949 0.013493297605025587
1 0.0709186709994952 0.15699870484884174 0.0051843642099949575 0.015434274636827621
1 0.023502496592629984 0.841205025422065 0.010100004290762238 0.01198531625441696
1 0.22177237897526503 0.44668119159795827 0.0073007746087834285 0.013955049077345854
1 0.11942061900555276 0.4555761240675304 0.0088437619888945 0.014263751864939184
1 0.6169700166582534 0.051468174715351395 0.005017563856638166 0.02159741578327443
1 0.6216284916708732 0.7382600788182174 0.00895149722362437 0.009296489399293308
1 0.47111622917718315 0.9382975068708284 0.009622665320545159 0.011042402826855301
1 0.8656410415194346 0.05515304142127993 0.009631596920746992 0.01054688142913231
1 0.8207563685007571 0.9336455206124853 0.006329261988894583 0.011757839811542917
1 0.37044022652700653 0.8320135242442088 0.004323989146895509 0.014418181193561036
1 0.9188541853861685 0.04784259118570867 0.004795415194346576 0.015352312720848063
1 0.019919638944977284 0.3457063954652533 0.008747294548207976 0.013460589517078908
1 0.0709255800100959 0.5432370019630939 0.007764839979808182 0.014133996073812443
1 0.41886650996971225 0.3526287129956811 0.007168544926804594 0.011271824106792344
1 0.5154115893488137 0.352920279937181 0.004638709237758575 0.018050292108362804
1 0.17403821845027764 0.8403112084805653 0.0049649563351842115 0.010705616018845749
1 0.16571787607269056 0.15322658755398508 0.00519978546188791 0.013776506870828431
1 0.022623503533568904 0.5398049202002355 0.006494537607269057 0.009907238515901164
1 0.31966794447248864 0.6402861002159402 0.008695408379606258 0.015069731252453896
1 0.3673056105502272 0.34389619522968196 0.007753746087834403 0.014627122693364697
1 0.06796955779909136 0.25577280074597564 0.0044571489146895665 0.0178762673733804
1 0.864948669989904 0.14513266990577148 0.004706395507319578 0.01769500569297211
1 0.9671763486875314 0.2491690163918335 0.005955227915194428 0.013293298193953676
1 0.6721998924785462 0.7368361285826462 0.009714298838970186 0.009690522575579131
1 0.12248932041898031 0.6450504005692973 0.00426416582534073 0.017197000196309296
1 0.6658016771832408 0.5417979207891638 0.004842884906612913 0.014509772870043154
1 0.576099317264008 0.9320661704946995 0.007253662291771892 0.007554938162544131
1 0.36840710083291267 0.45121432548095797 0.005235268298838948 0.009796515901060133
1 0.9238191645633516 0.8308494578916371 0.004330373548712884 0.01306551295641937
1 0.9705476250630994 0.5345336009030233 0.009305749873800956 0.013290798193953672
1 0.5721263353104492 0.7434607962308598 0.007312195608278671 0.010550924224577941
1 0.719875437026754 0.338848661464468 0.006488399040888432 0.01858752198665087
1 0.5699457344775366 0.5404642716921868 0.009464916708732979 0.009815469179426746
1 0.7730704524230186 0.34296309570082445 0.006105435386168523 0.024468390459364008
1 0.12250881903079254 0.9409115715547703 0.0048561630489651515 0.013789342167255665
1 0.17510195734477535 0.2580391674519042 0.008831925795053052 0.010889666666666612
1 0.8199591157243816 0.13845013555162936 0.00981675088339214 0.01142913604240281
1 0.5221423088086825 0.5434594042010208 0.005374645381120554 0.014867606988614075
1 0.8711807637556789 0.9343278541421279 0.011487538616860199 0.012847040047114195
1 0.3705167209742554 0.15370623743619943 0.007641469712266513 0.010976806635257179
1 0.2660373450277637 0.24535283038869257 0.007087309944472458 0.01588233922261484
1 0.2702642908884402 0.7361350788182175 0.006543603987884846 0.0141599562230075
1 0.4685092850832912 0.4504035091283863 0.0104195923775872 0.016325883195916793
1 0.46492305451792026 0.04446030683156655 0.0097046229177183 0.015368746368276398
1 0.16443988162544168 0.06073415871613663 0.006493785461887924 0.009813582842559867
1 0.4714317264008077 0.6439867981939537 0.006152195860676406 0.01932420494699638
1 0.1749560774861181 0.9397443547310562 0.010701171630489675 0.011216041224970514
1 0.6707236466431096 0.6370316825677267 0.010458309944472229 0.011763097369454318
1 0.17191809969712268 0.6389744497447978 0.004472735487127696 0.017079565371024605
1 0.8736118122160526 0.6376987632508834 0.00914941948510852 0.01779053788771101
1 0.7736678225643614 0.9264038529642715 0.008381164563351718 0.010291037691401704
1 0.4172162655224634 0.2519618333333333 0.008576050479555774 0.010774998429524944
1 0.87477100681474 0.8312331409501373 0.004622549722362481 0.015978947781703882
1 0.7694222607269057 0.6375291138594424 0.00962947854618881 0.016837772281114972
1 0.5674294790509843 0.2379536982724774 0.00787198586572434 0.011798728307813118
1 0.7609928794800606 0.13212510119748722 0.005020803382130116 0.010582934628975266
1 0.971280076476527 0.43273464006674517 0.009736666834931944 0.016696012367491124
1 0.37556756890459364 0.936399304377699 0.009844165572942995 0.013611874165685161
1 0.17166647677940433 0.44698797536317236 0.004975981322564341 0.021930017078916432
1 0.07216241544674407 0.8345941415390655 0.0055363503281171235 0.018458948959560177
1 0.5192785699141848 0.8384390088339222 0.005423173144876208 0.018744283078131176
1 0.9253084451034831 0.72721270857872 0.007482109793033738 0.018299582842559836
1 0.7205025571680969 0.03982387259521005 0.006496147652700606 0.008691477424420883
1 0.3684296077738516 0.24771809933254807 0.007714232205956607 0.01128739772281115
1 0.3197425729429581 0.15263297084805652 0.007284162544169602 0.01741760757754217
1 0.8655480442958102 0.242345832155477 0.008871099697122681 0.012829929721240665
1 0.2631250714285714 0.0489203743619945 0.0053626789500252105 0.019331414605418127
1 0.073197902953054 0.9188523020219865 0.010090817011610286 0.01189786945425987
1 0.9200939312216052 0.542445820671378 0.006417387430590793 0.014440906753042783
1 0.32426517781423525 0.25477150039261875 0.00644188061585054 0.013130733019238307
1 0.2690319221352852 0.3477892289948959 0.006799860928823825 0.012362256576364385
1 0.4208182530287733 0.745958030231645 0.005473539374053463 0.01843925952100525
1 0.4691386677183241 0.7379485124656457 0.0050593632004037655 0.01789469081272088
1 0.3638653772084805 0.0516633743619945 0.008324268298838991 0.01200501413427562
1 0.022626172261484095 0.44438768924224575 0.009916655477031803 0.015198621515508461
1 0.9711590792529027 0.33313467746368275 0.00808567794043386 0.017132686690223792
1 0.5651854957092378 0.34465484570082444 0.005103516405855503 0.016790622693364732
1 0.4210762530287734 0.8371479087161366 0.005588533821302326 0.021326483313702325
1 0.621173788869258 0.8397203731841382 0.010015422261484223 0.015105253631723572
1 0.2221889197375063 0.7363135551629367 0.010884654215042922 0.01012220259128386
1 0.8208416171125694 0.3341959440518256 0.0077362508833922605 0.016850553985080532
1 0.37435970292781423 0.6378599331566549 0.005318958606764263 0.019308598547310433
1 0.7234351337708228 0.7317125539850804 0.007571933366986424 0.01687033765213977
1 0.5673204846037354 0.06878354318806439 0.006827985865724376 0.010278418138987036
1 0.9660664729934375 0.0426978731841382 0.010383459868753317 0.011532011778563013
1 0.6642564729934377 0.1424268837848449 0.009419054013124699 0.01738223243031019
1 0.7655361086572438 0.2430486988614056 0.00760774230186781 0.010810729485669362
1 0.07143841683493185 0.7418051463486455 0.006353353104492689 0.015089157636434949
1 0.9682548417465926 0.13861235237534356 0.008215202927814249 0.016625903808402058
1 0.1710957281675921 0.34653937887711034 0.007379467440686531 0.014861956811935596
1 0.22684250378596668 0.8373822143698468 0.008202927814235268 0.013496270121711814
1 0.2739751527006562 0.643416183745583 0.004485333165068082 0.017398099725166816
1 0.8231067330893488 0.7297089781115037 0.006676488389702228 0.016583221633294027
1 0.5647898672387682 0.15367928778955633 0.0077877566885411345 0.014711506870828412
1 0.5166658268551237 0.1529924210836278 0.004969709237758683 0.021606441696113105
1 0.917155945103483 0.24648806615626226 0.005352420747097751 0.016201331370239477
1 0.021697388944977282 0.2539882338044758 0.003929805653710248 0.014697266195524151
1 0.3220934403079253 0.9373996379073419 0.005106405603230663 0.01590547487239904
1 0.6210042888692578 0.5436556020808795 0.009676422261484114 0.013130795838241146
1 0.8216834045936394 0.5397053514919513 0.00909119081272079 0.01443229701609737
1 0.720828805779909 0.8384025751864939 0.006159147652700726 0.01574981625441691
1 0.8160546365471982 0.2440171325088339 0.008476289752650143 0.01378159678052615
1 0.667404168854114 0.9482728227326266 0.006054862695608319 0.015630444051825638
1 0.4218542474760222 0.6428115670396545 0.007818511610297816 0.01738039948959565
1 0.7187026754164563 0.44016244601491955 0.0066254416961131464 0.01472320376914012
1 0.3187458271075215 0.7417697962308598 0.007700168096920684 0.016386791519434674
1 0.5232419275618375 0.9386428049666272 0.00506839121655714 0.01771340851982729
1 0.12037386484098939 0.2610362989791911 0.008857270318021217 0.01718940204161755
1 0.1235419391721353 0.8403699756576364 0.0053139005552750975 0.018563150372987773
1 0.8224950261231702 0.6327644965645858 0.009136947753659743 0.017124006870828466
1 0.819952368500757 0.8362400248331369 0.009514748107016807 0.012713315076560643
1 0.6249338548712771 0.9327808043776993 0.0058112402826854545 0.022075807813113555
1 0.5717507123927309 0.8361544916568512 0.007116949772841962 0.014111315076560554
1 0.5126438779698116 0.2536101937959799 0.01071926982150109 0.016345186178532124
1 0.9201940541393233 0.34762181252453866 0.00653263881877848 0.01760482410679224
1 0.3221226653205452 0.8418298488417745 0.009464916708732929 0.012576069886140474
1 0.7726170767289247 0.8342280911857087 0.008589672892478514 0.011215980957989676
1 0.7180094467440686 0.24140868227326265 0.0054879212518930635 0.018998497251668627
1 0.36920802233720346 0.7434810942285041 0.009932955325593134 0.014641811542991748
1 0.9260692777637558 0.9342480543776991 0.007086583291266939 0.01852784098939924
1 0.7717135836698636 0.7421199798782881 0.005979697879858646 0.0205941588142913
1 0.04148406955031241 0.746001424819988 0.004984952583810135 0.01927539455571223
