1 0.03643116985244802 0.7949099328449328 0.004239158171249731 0.013834416535845044
1 0.09922441515761235 0.8052720841182627 0.00859901229599824 0.009462808913309032
1 0.678871216519682 0.19109059620786698 0.003392035463193871 0.016922191762277036
1 0.5198289983791639 0.3871555636664923 0.0040766332439079 0.014433857840572117
1 0.7361507055200283 0.28973961737682 0.006728758837145523 0.01078472598385829
1 0.674883 0.288462 0.005163999999999952 0.01282100000000002
1 0.6805123046613013 0.39870600985522414 0.009112882293762498 0.008230750218035994
1 0.6288524904426558 0.39636732722832724 0.004004162866085458 0.015633564625850332
1 0.856216997574117 0.8151978716392707 0.0038226907424118274 0.01693556979093337
1 0.9683757352223835 0.9317333555307274 0.010977615304641126 0.01395020813819426
1 0.7976108443707743 0.8213827488317161 0.010660587272941441 0.010177659457997815
1 0.7960124318217463 0.5011390668505585 0.006795542544797757 0.020097819036952666
1 0.10603901184887103 0.48785539856968424 0.0033534540576794078 0.013082155939298842
1 0.5036622266376033 0.7098596086691087 0.009303089760786958 0.013321947845804994
1 0.27926597043371343 0.2764641030437816 0.0034231228482003067 0.017780846764346846
1 0.9093943717387892 0.49431393896609427 0.0033959898060601955 0.016912542650014833
1 0.7435566295853113 0.5040992006591366 0.00734840403049699 0.019789395471752076
1 0.5050514312541918 0.4886239853043782 0.005406862508383595 0.015905701116343998
1 0.056250145539906114 0.17751956911739056 0.0098728365750056 0.006355419588348167
1 0.5713104473967524 0.28490028490028485 0.008990110878034115 0.011690437222352105
1 0.17382481868991728 0.17840224284842143 0.01198036485580148 0.02366821620443049
1 0.5190292256315672 0.17331147928658644 0.0059556332439078775 0.01586177891156465
1 0.7438717817882222 0.6050182103829319 0.009072056233408106 0.011815079637168708
1 0.17051070539906105 0.276540417451596 0.010224956293315482 0.024714385749171487
1 0.7401060968751225 0.7065058097737916 0.004048990813030585 0.018518781342149106
1 0.9546877639275765 0.5019017771715285 0.009059875652242397 0.009899548496535907
1 0.5612550407444667 0.824502970565149 0.005899263469707111 0.01678858180708189
1 0.9055075963716375 0.40579389464017873 0.011169540540363905 0.013863453998183829
1 0.45345245735524253 0.28268370347113203 0.008001188575899867 0.011882723879295332
1 0.9027730998764173 0.29598241659524316 0.0035609968156199265 0.017685497908312732
1 0.11176098250614801 0.3779325246816676 0.0042055109546166175 0.01761742054770628
1 0.6295203538452939 0.6092685298273155 0.00965479868097481 0.0068248799930229
1 0.9636640642368602 0.5968961400716276 0.006277217623288303 0.015815196873692774
1 0.964883637258556 0.7156760685435735 0.004622723782808286 0.017523963599538842
1 0.039865715012296 0.5851647976190476 0.004915339481332452 0.01742114608407467
1 0.5674311085401297 0.38705744841269846 0.0050047625754527205 0.017355537502180367
1 0.8001038842572612 0.39850730351148395 0.008813116311611692 0.011090936458620334
1 0.3998059387435725 0.17933979369440084 0.008263150458305502 0.010891317896389372
1 0.851878 0.302656 0.011736999999999905 0.008242000000000015
1 0.9102392974900686 0.9318573648738591 0.012967594980137243 0.034645723901196905
1 0.7927468193606081 0.18493823988313277 0.007369093226022944 0.016047120443049023
1 0.33847396585065953 0.3867575217163789 0.01076165917728595 0.008688863771149571
1 0.2307888601609658 0.1769908356445142 0.008157356807511775 0.02431067128902846
1 0.7963177072384556 0.2974481985676016 0.005167822857543251 0.018793395659067295
1 0.739667277665996 0.1907211411564626 0.008173828303152228 0.019743833158904576
1 0.3411204657388777 0.1833027203907204 0.008822113458528963 0.013867261119832544
1 0.6810848953163425 0.6055074145735216 0.014954063603845326 0.017617649485435316
1 0.5101565897048961 0.5982741988923774 0.01140490688575901 0.009190307953950932
1 0.7905556811533079 0.6034710052164641 0.005416159369401355 0.02256200458640728
1 0.2776478795551084 0.3857818136664922 0.00582094109099036 0.019906806994592758
1 0.8495606170668393 0.3968784696909404 0.009288929727856537 0.013328268817533434
1 0.7373276838243948 0.3923161719341476 0.008821164711575064 0.010719008586121438
1 0.5612494270064833 0.5082470827664399 0.009263945003353504 0.00881980620966326
1 0.4044003883252232 0.07595147334137818 0.005995255406598534 0.022554347250805972
1 0.8523420084219336 0.6102701353321702 0.007649408032223068 0.017126426612384858
1 0.9555248905965971 0.19975118562704705 0.007261218806805421 0.010754628745905916
1 0.6256358540688576 0.2890173890633176 0.010716890118488715 0.013387688295831196
1 0.45199679868097475 0.5957505611808827 0.00783850637156276 0.015872852869352794
1 0.32534093449586404 0.8271738182452469 0.006846635367762093 0.019078144078144114
1 0.27401742516208355 0.600912558215594 0.008610577800134241 0.009909577446363227
1 0.45966761591772853 0.08027509366823653 0.01680941381623069 0.014423648351648366
1 0.27483087955510843 0.4923740751351823 0.012572759110216878 0.012221150270364564
1 0.8009539241437482 0.9319654827231728 0.01103629755319294 0.016036791958737636
1 0.20977683909009615 0.7030897239229025 0.0037919511513526 0.02141081903017625
1 0.11601995953498771 0.2838067094017094 0.0037917375363291047 0.019448328972614642
1 0.6310236265928907 0.16007683097854525 0.005250980661748157 0.019982392464678197
1 0.4420818220992623 0.49578088657770797 0.006429917169684803 0.016309324001395394
1 0.15339661575005592 0.8093710332722833 0.010639140509725037 0.0094412580673295
1 0.22895556466577244 0.27705837550148266 0.012662311312318384 0.01550212218733645
1 0.05503730477308295 0.37633541239316237 0.005871064498099722 0.01645092647828365
1 0.329757398390342 0.7047081370573871 0.009750796780684102 0.012178004622361972
1 0.11803182304940757 0.1764073386098029 0.0042392825843952835 0.01784640772719344
1 0.8521040301175671 0.49755515436397413 0.005509857297919394 0.024204638163600595
1 0.6284022858260675 0.5062685348857492 0.006581299128101989 0.018772890109890118
1 0.9114063754103079 0.7137167766333017 0.0046029971490970595 0.021952715061169265
1 0.21366965677397723 0.8174439345456131 0.011376313547954367 0.010738330106401595
1 0.4548414119718309 0.17696345386359671 0.010532914934048811 0.014008728065585193
1 0.382394 0.831502 0.012676000000000034 0.010989000000000028
1 0.5636702839337613 0.08352753997088111 0.010630113362715942 0.015977630787741635
1 0.148357 0.699176 0.011268000000000018 0.010073000000000032
1 0.2702225843952605 0.8175312743764171 0.012008441761681133 0.012744009768009901
1 0.39547684808853123 0.49520841496598633 0.010493878157835848 0.008732829931972844
1 0.8465584743460763 0.1943951665794523 0.011527585177733174 0.009125243328100488
1 0.9136563573861927 0.6169646801657025 0.010041961100867138 0.015471192690318063
1 0.6244032179186229 0.7097015353654281 0.00703416331321247 0.022359531746031846
1 0.6848858498211491 0.7183794845194488 0.008469972613458611 0.016450519884877092
1 0.49947336323496533 0.82373426844584 0.011532817460317535 0.015055447060875738
1 0.9602237459034616 0.2975131695185038 0.006880636666797416 0.020235836113746925
1 0.73821218175721 0.09303608983080412 0.010798000000000094 0.027473000000000004
1 0.32791603498770394 0.49371524886621315 0.0058882519561815755 0.023166048578405766
1 0.21531240677397723 0.48921825776207917 0.007531904538341186 0.016897515524158448
1 0.571622676112229 0.608701889150532 0.012550534205231298 0.015044329147043515
1 0.27059731164766376 0.7070742014652014 0.012376805276101084 0.013986953776382472
1 0.216197 0.598443 0.008919999999999994 0.02289400000000005
1 0.3984225978649676 0.2814301195709053 0.01158874122512858 0.01984078998779002
1 0.22049915632685 0.3865886729897088 0.0077776766152470355 0.02428907648700501
1 0.3978636888553543 0.3888395157858015 0.010470923205902151 0.014336492586778344
1 0.5711910350994858 0.18451290772719345 0.01006036217303829 0.016897784754927623
1 0.2887197203219316 0.07372893476364906 0.011292559356136793 0.015546130472701897
1 0.29325258271853344 0.17385631911739055 0.012337892913033721 0.018042638234781076
1 0.15135372937625757 0.9244505943223443 0.011371459199642286 0.021847110675039295
1 0.5152793393695506 0.27645307762079185 0.009543042700648208 0.019983256933542696
1 0.056529350044712726 0.27328090388976106 0.009593882070198985 0.014335628117913819
1 0.15769493354571876 0.5943765611808827 0.010705594567404463 0.017530673207744693
1 0.8441577019338251 0.09581584833420548 0.006827676838810702 0.023133696668410933
1 0.5654329266711379 0.7162859650270365 0.010677853342275966 0.014641570730856385
1 0.901929584059915 0.1973332025989883 0.00865480460541033 0.02287240519797665
1 0.10040648306505702 0.597435013300192 0.013780148110887567 0.016319577446363146
1 0.1658464782584395 0.383454156462585 0.014802683992846 0.013660324786324849
1 0.06871073552425666 0.07943615807605094 0.00814638050525377 0.023187687336473063
1 0.9490470573188434 0.10755744344281531 0.010402360966168624 0.015480886885630624
1 0.449529116811983 0.7166947824001395 0.012773870109546172 0.01600429530786673
1 0.7390129990780337 0.8296143009733998 0.011204650358978493 0.017182266664626123
1 0.7402049919017354 0.928243810697195 0.014313230131952416 0.013276783188956018
1 0.5131778168455176 0.07912495595674168 0.009833724681421921 0.021084642421070998
1 0.3335177458641648 0.061824427618208305 0.003765089171142502 0.011840314622638681
1 0.04958478236083166 0.4844266708965638 0.010907564721663326 0.018304341793127617
1 0.6199041271517998 0.8172477040380255 0.012399436284372825 0.018216958922030384
1 0.39092473490945673 0.7054550383307169 0.00730210630449363 0.025946717338217403
1 0.39541259820031294 0.603665139150532 0.007268923876592918 0.02729818847025992
1 0.208910656885759 0.9254642095761381 0.01502576872345187 0.020910059829059965
1 0.8550735266127872 0.9255781893512708 0.01212529955405593 0.024219869932759954
1 0.16299600122959984 0.48838934759288327 0.016311820478426158 0.018010246031746144
1 0.50276793114241 0.9304302261032619 0.01248895327520684 0.023515092883307286
1 0.23603960960205678 0.07875479578754578 0.013025855689693744 0.02564059157509158
1 0.12431979940755646 0.08150179578754578 0.016255326291079834 0.017421142421071
1 0.2708012887882852 0.9272360015262514 0.015042850547730906 0.024997733560090805
1 0.681090509054326 0.08499594706087563 0.012986654594232077 0.026785534798534797
1 0.6251607403308741 0.08770478985696842 0.013902753632908703 0.019187489883132756
1 0.9000266749385201 0.10370329452293738 0.011901713838587133 0.02153113989185418
1 0.7913214781466578 0.09668266570730857 0.016088320254862447 0.019764792429792424
1 0.18083388626201655 0.07724477332984477 0.015288409009613261 0.028115546659689503
1 0.5643290402973395 0.9322727515262514 0.01428289861390565 0.014379143729286586
1 0.951543575509697 0.40819398430724335 0.01430204955078664 0.021307298050139187
1 0.3839748034875922 0.9301574311878598 0.010303243460764609 0.02242541322169908
1 0.32815910289514866 0.9337115405110762 0.012947387771070804 0.02294845220652366
1 0.6203179451710261 0.9319402485609629 0.015763617818019146 0.020495047967905237
1 0.6815294861949475 0.9302557964416536 0.016579972389894903 0.02113850305250329
1 0.44719259428794994 0.9353852172073958 0.01101946154706013 0.031047985260771
0 0.7313253482562039 0.0790435606139892 0.03857848546836568 0.07577855677655682
0 0.03290176274312542 0.8032282243589743 0.038724383970489586 0.0840205512820512
0 0.9451097560843239 0.09442826363167935 0.03638714003426303 0.07406880801881492
0 0.8920648365191147 0.0893131546746904 0.037566963447350755 0.0761494211582069
0 0.032356535378940315 0.9093788421855923 0.037633929242119356 0.07501531562881567
0 0.5081365690811536 0.067929040685505 0.039048680304046506 0.07698837964416537
0 0.8396070185683389 0.08601891028482846 0.03815796286332225 0.07595599976873499
0 0.6784861702995753 0.28007814752311183 0.04021065940084956 0.07720670495377638
0 0.6761262016543707 0.07508612419326705 0.038844176168119804 0.0771302110587825
0 0.9490398764107393 0.19204117733427203 0.03761799914996022 0.0745583546685441
0 0.2260457100536409 0.06423796150901619 0.03890939835907181 0.07665207698196767
0 0.5068340693047172 0.17044973478109193 0.04035604381846638 0.07707599145299142
0 0.6207536289403086 0.0731673521280307 0.03904246914822278 0.07601811608233036
0 0.6207243460764589 0.1749738356881214 0.040101721439749646 0.07631257631257632
0 0.7326236362620167 0.17993372457701035 0.039437 0.076923
0 0.7856134018596258 0.08226453212525636 0.0377940811068827 0.07575989470139889
0 0.8950357454169462 0.1897784864817722 0.03903750916610775 0.07539684737484735
0 0.9528003033138478 0.2921450330792698 0.03816759630951893 0.07565292799493913
0 0.6772640782113909 0.17736866773276477 0.03965175039123624 0.07694491348334205
0 0.44879691431924884 0.27259926870748297 0.04081426235188915 0.07860164224664223
0 0.3383241816446353 0.06398941506278821 0.039232655488486465 0.07803545761381482
0 0.4512477549742902 0.06597229365079366 0.040406308070646074 0.07743560422117565
0 0.842204769170579 0.1856358449764521 0.03812008383635162 0.07679215096807958
0 0.09327519025262687 0.695779670940171 0.04014416543706682 0.08225356828885397
0 0.5061046601833222 0.2748777432844933 0.041132861614129206 0.0782527829234258
0 0.6221674926782917 0.3823752293301937 0.04075237860496303 0.07902745150880865
0 0.7873490945674044 0.18301391069248213 0.0385647216633132 0.07604003139717425
0 0.5640663378046054 0.06979869788941216 0.03940587033310971 0.07800224489795919
0 0.2819316765034652 0.06354652119309268 0.038516829420970206 0.07694477795220661
0 0.4453623691594008 0.594954454386883 0.041769898166778376 0.08228637257980101
0 0.7952894924019511 0.600925243046415 0.04066856593040114 0.08101217862499606
0 0.6786508066733735 0.3844790242455957 0.03970156863402637 0.07941941252398393
0 0.5046808629555108 0.5959194575266005 0.04135926671137938 0.08258110936682367
0 0.6799843293091885 0.49096239503750216 0.04097134138162314 0.08034620992499561
0 0.7894184078453582 0.2843863326323768 0.03810982234413943 0.0761642420975431
0 0.5643013378046053 0.17231914198499912 0.04071423384752961 0.07754426687598116
0 0.3924728729599822 0.16747887249258678 0.04022743606080937 0.07767534484563053
0 0.5637114059356136 0.5973202687946975 0.04093164263357915 0.08211219291819281
0 0.5635074287949922 0.48895621537589407 0.04164150637156267 0.08123965907901622
0 0.45014973233847533 0.16962107461189604 0.03988698982785603 0.07759903043781616
0 0.1632477532416723 0.26877286446886445 0.0375674939637827 0.07858009140066279
0 0.8984101014686072 0.28922725146163025 0.03896700000000002 0.07692299999999999
0 0.7352029949062995 0.38591099796953277 0.03950115504727522 0.07952450698419503
0 0.5052465012854906 0.48686344588348146 0.04165217985691925 0.08086974890982018
0 0.39417040732803804 0.06469375128073808 0.03964016376033976 0.07795814320600036
0 0.564110792309412 0.3815575945839875 0.04089205186675609 0.07902745150880876
0 0.1501830497429019 0.6971534209401709 0.04161917348535657 0.08391088862724567
0 0.7377496362613938 0.6002875334950564 0.04067117674290857 0.08075709480445259
0 0.387381146154706 0.4845355386795743 0.04178107165213502 0.08220992264085118
0 0.8469275911994719 0.39082671044415196 0.03827826686675292 0.07762207618843549
0 0.4427217330091661 0.9309205294784579 0.042636624972054483 0.0843031207046918
0 0.3357743543483121 0.16693403266178267 0.039730018779342686 0.07767584484563057
0 0.7342186825689514 0.2816125378799474 0.03936338551270477 0.07805564908628977
0 0.3905362368097473 0.27045731658817374 0.04166379935166556 0.07813336682365252
0 0.4471646417952157 0.3775073280568638 0.041182625866308935 0.08073853540903544
0 0.622217810921082 0.5980126565061922 0.04197083310976966 0.08240678867957438
0 0.9616382998090681 0.6024554959696756 0.04015054524173825 0.07846084041956174
0 0.7367688022284123 0.4924393155590927 0.04027881308276778 0.07984123583009378
0 0.08770248597138386 0.9170157943049014 0.03905911904761902 0.08320305206698056
0 0.32701766152470374 0.5923763736263736 0.04121953945897607 0.08258110936682367
0 0.622377333556897 0.48891830817198656 0.04145151486697962 0.0811638446712017
0 0.2793706684551755 0.16638867085295656 0.038704448915716554 0.07658512122797836
0 0.22247233987256876 0.16633951020408166 0.03920468421640963 0.07703188976103262
0 0.2705886545383411 0.48202267639106927 0.04014332740889783 0.08099982687946981
0 0.3330189000670691 0.26986304413047274 0.04064656382740898 0.07858009140066284
0 0.9669551014686074 0.926596005846521 0.038027999999999784 0.07966999999999969
0 0.5026254105186675 0.9314768947322519 0.04227854292421195 0.08378058171986742
0 0.621842164095685 0.2779958137100994 0.040660630449362856 0.07794784580498869
0 0.5640284067295814 0.2759160203215674 0.04056277911915945 0.07728301936159082
0 0.2757377598926895 0.2694106488749346 0.04094008495416941 0.07822039072039079
0 0.6224919016879052 0.7089656366213152 0.04168065112899623 0.08191609794174082
0 0.20807090900961323 0.698990544915402 0.04225400000000002 0.084249
0 0.955867067833183 0.3947742552776843 0.03880855992781178 0.07735448359811034
0 0.4467650054214173 0.4856749009680795 0.042339534652358575 0.08176319806384089
0 0.9658872454784417 0.8179262705725101 0.03975571161416021 0.08137173875335432
0 0.8493663933461493 0.49511769567479874 0.03923261014555296 0.07907598436846346
0 0.958464582352518 0.49840060613017434 0.04034187868622995 0.07798929066291184
0 0.2194513627319472 0.26858740938426656 0.03903127453610546 0.07766409140066281
0 0.796320930819831 0.7098204710913506 0.03959283395451627 0.08198138725295134
0 0.20638690923317682 0.809752945970696 0.04112727252403302 0.0839878385661957
0 0.8537182253782678 0.8186403248671011 0.03878199850916085 0.0822896797014499
0 0.5636457634697071 0.7079354177568463 0.0421976302257992 0.08203601953601956
0 0.8438554254776569 0.28761845072035674 0.03762650084350089 0.0757827808166763
0 0.9640563903383159 0.7087503953799219 0.04054036381707119 0.08035140347118062
0 0.14767652710708698 0.8083407887667887 0.040518491281019454 0.08443406314320585
0 0.3855339190140845 0.5935427971829758 0.041719525933378084 0.08273359715681146
0 0.7392535342042972 0.8197118573163141 0.04027881308276767 0.08290224167661497
0 0.903917545137118 0.49630776792474024 0.038483605319941876 0.078395123021825
0 0.9010319291491754 0.3927103780852388 0.037943388030130504 0.07730807034191432
0 0.7390541616285458 0.7090846806427092 0.04092627086847909 0.0815301416378422
0 0.852737160124629 0.7096699725529808 0.03995847681352731 0.08066005489403809
0 0.9099232771130031 0.8182581991362861 0.03898683696234973 0.08101526059873271
0 0.5629683151687905 0.8194608667364383 0.041681097138385845 0.08269026652712373
0 0.6814568291974067 0.931738414224664 0.04112179610999337 0.0821232613814755
0 0.6805681474401967 0.6002801056602128 0.040741705119606564 0.08258096834118268
0 0.8511228768357593 0.6012431676410869 0.03896700000000002 0.08241799999999999
0 0.5043315448245025 0.7069815105529392 0.04094008495416947 0.08230856445142162
0 0.4443588692711826 0.7053625946712017 0.042277988933601525 0.08397654116518392
0 0.5052662966689022 0.37936620983778124 0.04141231611893581 0.08009558032443748
0 0.27251135904314777 0.3748963505145648 0.04091473686563829 0.0804223888016745
0 0.14536516370444896 0.9187489290511076 0.041484854571875694 0.08394387240537207
0 0.7931853003125531 0.4940357508303976 0.03933723982894579 0.0794629328850955
0 0.6807330338139951 0.7093744539944182 0.041071477867203166 0.08218864285714275
0 0.9062072246328481 0.6022635029232606 0.038028 0.08058599999999999
0 0.9079919256443956 0.7087769291810788 0.039047395039690264 0.08193497399675537
0 0.3285811050190029 0.482949451814059 0.04043406338028163 0.08176319806384089
0 0.38945750955734404 0.3763192831414617 0.041462526380505314 0.08108789473225186
0 0.09037414498099709 0.8057408366474795 0.03965171048513298 0.0841399673818246
0 0.3832171918734629 0.8158194175824176 0.04155734372904089 0.08412880551194832
0 0.21124949977643642 0.5895201624367694 0.040792091437513965 0.0823195852956566
0 0.2685181548736865 0.5906595247252748 0.0404736001564945 0.08296304038025465
0 0.7975630468077733 0.8196379535211771 0.03972310932166801 0.08173409880416695
0 0.21302711329085622 0.48025113444095585 0.03931713737983456 0.08181746162567585
0 0.5627838834115805 0.93210907439386 0.04243005164319236 0.08340967155067132
0 0.3849696462664878 0.7038144150095935 0.041708798457411156 0.08360563099598792
0 0.7914886988439458 0.38863554134143474 0.0396057471719827 0.07834141439386982
0 0.204374795718757 0.9225266506628294 0.041015408562486005 0.08332296816675414
0 0.4434899828973843 0.8179618697017269 0.04221694321484461 0.08459808093493816
0 0.6812472383188017 0.8196460718210361 0.041261523362396677 0.08415085635792773
0 0.21620686306729267 0.37358255856445144 0.03869027431254191 0.07997516422466422
0 0.3307776502906327 0.3759104657683586 0.04035588184663537 0.07972517015524151
0 0.26641076861167007 0.7010674150095936 0.0401711906997542 0.08301743947322497
0 0.740450625413577 0.9312804315661127 0.042149894032719785 0.08360629866234062
0 0.6225615153141069 0.9323326866823652 0.04209933288620607 0.08440198595848585
0 0.9116751544155983 0.9272701994745002 0.03936338551270488 0.08111665493281178
0 0.5030448422758775 0.8189644595325312 0.04227904292421192 0.0833327216117217
0 0.8550996746439641 0.9286312624633952 0.03866783896321287 0.0818791339445138
0 0.2640691323496535 0.8126251930054074 0.0410770082718533 0.08428143432757719
0 0.6218880381734854 0.8191501646171289 0.040752378604963134 0.08370413178091748
0 0.7984754960734696 0.9303941425791014 0.04128645711875705 0.08387439125266528
0 0.26306588246143525 0.9249029904936333 0.04158559903867657 0.08371492918192906
0 0.32551542337357475 0.7027132099249956 0.040450699195171 0.08303849031920472
0 0.32357342348535656 0.8145442828362115 0.04131742600044705 0.0843039851735567
0 0.38251880561144647 0.9291110803244375 0.04239620724346073 0.08395476138147571
0 0.3220559690923317 0.9271924904936333 0.04051815325285033 0.08393321053549599
0 0.03577714889336018 0.6935887861939647 0.03916552067963336 0.08168742761207043
0 0.04050537592219988 0.5845925531135532 0.038002703554661316 0.08064071411128547
0 0.09641023552425666 0.5869199603174602 0.039148438855354344 0.08147989970347094
0 0.15284909501453164 0.5881953450636664 0.04136217393248377 0.08185030987266706
0 0.1564106863402638 0.4787251439037154 0.0387044489157165 0.08149092970521542
0 0.0999146443103063 0.478692179356358 0.0380530757880617 0.0803348209488924
0 0.04394017108204788 0.47801106706785274 0.03816538575899847 0.08006277603349038
0 0.04728530723228259 0.37243292085295654 0.03842820444891571 0.07822097863247862
0 0.1033143304270065 0.3724326268969126 0.037307176391683426 0.07985566021280308
0 0.159698389950816 0.37343576068376066 0.038293493516655466 0.07968156846328273
0 0.107607916498994 0.2687236818419675 0.037790167896266526 0.07684645665445662
0 0.052007670523138885 0.2682659318419675 0.03781256885759006 0.07756622614686895
0 0.061256427453610554 0.06445687249258679 0.03730717639168345 0.07549494156637014
0 0.11581634771113283 0.06419440560460313 0.03745404725602637 0.07601987534233745
0 0.05637250324149256 0.1655721945496065 0.037477395098350026 0.07664878262841122
0 0.11126577704885979 0.16652056155960612 0.039009916950793734 0.07523116015307105
0 0.17100638845577934 0.06433812703909166 0.03909847078181844 0.07685240804211865
0 0.16643582466575085 0.16577741658127512 0.038947511435170494 0.07773576905409703
1 0.03455853359043148 0.703198614599686 0.006587158171249743 0.01247160038374325
1 0.454458616811983 0.3856944738356881 0.003473779119159422 0.015720768009768012
1 0.9100632630938836 0.823671998831716 0.00859697545346366 0.0071296623812585475
1 0.7968645291171355 0.7086737722484108 0.009799261171485848 0.014693024033997583
1 0.3368902837830767 0.2934912099045837 0.008339933216319196 0.01043603475214425
1 0.44927900737759896 0.8275826356183499 0.006567180862955538 0.021531048316762547
1 0.3283450704225352 0.5991899965114251 0.00558909009613236 0.005723443223443223
1 0.34911597243032666 0.07816106424944395 0.01790338320155524 0.025029525847856466
1 0.3842696111200756 0.08348171195961702 0.013830939812360188 0.01109092762120586
