0 0.6709108214285714 0.7472430972222222 0.04048235714285734 0.08215980555555576
0 0.7693027142857143 0.15945656746031747 0.040837571428571605 0.08032186507936502
0 0.621197719387755 0.8444305019841271 0.038951561224489846 0.07936199603174612
0 0.17671856145885917 0.8436012695327836 0.04046387708228166 0.07991946093443274
0 0.4728156887755101 0.8448970734126983 0.04065688775510208 0.07843501984126977
0 0.6708631326530611 0.8444352519841268 0.04102473469387756 0.07937149603174602
0 0.6702555357142855 0.25835398214285715 0.04140392857142865 0.08032403571428563
0 0.47343696938775515 0.3577734166666667 0.040305061224489944 0.08013016666666657
0 0.27544087695608277 0.3582310074597565 0.040407246087834435 0.07906998508048686
0 0.62109375 0.06380208333333338 0.03970025510204077 0.07998511904761903
0 0.5721223316326529 0.35724715674603175 0.04092833673469392 0.07969768650793653
0 0.6208545918367347 0.3559957837301587 0.038903061224489784 0.07843501984126987
0 0.32470134183673466 0.35768068650793655 0.04098431632653064 0.07870462698412695
0 0.8188490714285713 0.15928881746031748 0.039483857142857307 0.07998636507936499
0 0.9695522346938775 0.8431396825396825 0.040507530612245136 0.08112063492063498
0 0.2758063741797072 0.45496541970946214 0.03987625164058553 0.0811371605810758
0 0.47252368367346936 0.9419136369047619 0.04071063265306119 0.07839572619047609
0 0.6705994897959182 0.3559957837301587 0.04049744897959176 0.0796750992063492
0 0.7699948112244898 0.8440584821428571 0.040627377551020465 0.0798580357142858
0 0.3252542193877551 0.5524706666666667 0.04081456122448986 0.07889966666666669
0 0.1774749343765775 0.4547939031213192 0.041030131246845056 0.0795671937573616
0 0.473061005518087 0.2592989985693848 0.0417688534641324 0.0797269909394373
0 0.6705701632653059 0.6487770019841269 0.04075767346938771 0.07867999603174604
0 0.1277621578748107 0.26000266156262264 0.04035520923775869 0.0807630773458971
0 0.22616934212518927 0.3574166573419709 0.03966831574962139 0.07928168531605816
0 0.5225941989795917 0.7469036170634921 0.039448602040816336 0.08024076587301593
0 0.028593213907117613 0.3566450738123282 0.04078057218576476 0.08080585237534353
0 0.522720025510204 0.35723586309523814 0.0390625 0.07719494047619048
0 0.8685427295918366 0.15742807539682543 0.04097576530612252 0.08122519841269839
0 0.6208274030612244 0.25845499206349204 0.040124193877551104 0.07990601587301582
0 0.42330994897959173 0.3580109126984127 0.04081632653061225 0.08060515873015871
0 0.17705056007067138 0.3569533072241853 0.04049687985865723 0.08019538555162932
0 0.5224757602040816 0.8454368015873016 0.03984947959183681 0.07827439682539694
0 0.5221086020408163 0.9422269067460317 0.04007179591836731 0.07778218650793652
0 0.2756143769560828 0.5523467821947389 0.04075424608783444 0.08081743561052215
0 0.12741952940434123 0.6484522779740871 0.041247438414941974 0.08039984452296828
0 0.5718855029123237 0.2592345295660467 0.04091999417535257 0.07885294086790649
0 0.8684589234693877 0.2551793928571429 0.04080815306122462 0.07955521428571427
0 0.4237094285714285 0.8450462916666667 0.039383142857142873 0.0781134166666668
0 0.7697863724489795 0.2570591924603175 0.040848255102040855 0.08021461507936502
0 0.12798552523977788 0.3573127906360423 0.04017094952044425 0.07968741872791514
0 0.9187114030612246 0.45021030357142855 0.04150443877551037 0.08209223412698405
0 0.47295231122448983 0.7468981170634921 0.04029237755102051 0.08022976587301597
0 0.5223503212752912 0.2595737515498331 0.040715357449417615 0.0802764969003338
0 0.9193703775510202 0.6473404722222221 0.040590244897959184 0.07766705555555554
0 0.1275365266279657 0.454005936297605 0.03990394674406864 0.08044512740478993
0 0.5230044183673469 0.5533246666666667 0.03995016326530621 0.0806076666666668
0 0.6210373112244898 0.5528446964285714 0.03958737755102045 0.07778760714285719
0 0.5721599591836736 0.7474993968253968 0.03972808163265315 0.0795722063492064
0 0.4235430081238504 0.2594014735336195 0.04044898375229923 0.08067705293276109
0 0.8683077040816325 0.06079042261904766 0.040824591836734724 0.07954215476190471
0 0.5721039897959183 0.6492694523809523 0.03993502040816322 0.07904485714285729
0 0.9194033775510204 0.5498760476190476 0.04065624489795922 0.08115090476190476
0 0.8196841938775509 0.45265547222222224 0.040197469387755036 0.0789220555555555
0 0.4727984030612245 0.6500870119047618 0.04094119387755103 0.08067997619047625
0 0.3744760102040816 0.5530596964285713 0.040724979591836734 0.0782176071428571
0 0.9690193265306123 0.3517104781746032 0.04039834693877558 0.07978504365079361
0 0.9691485969387753 0.9406932043650794 0.040656887755101984 0.08029513888888888
0 0.27528237834427055 0.6493736612681587 0.04072124331145887 0.08101567746368281
0 0.37396610204081626 0.8447722817460317 0.04066179591836736 0.07818543650793645
0 0.7203924591836735 0.7469848869047618 0.03931808163265324 0.07916322619047635
0 0.522952637755102 0.45486144246031734 0.040484357142857266 0.08085383730158716
0 0.818970163265306 0.25608767261904763 0.040682673469387864 0.07951165476190468
0 0.670652693877551 0.161168126984127 0.041241612244898 0.08002474603174597
0 0.9185925204081629 0.0581200535714286 0.04190442857142815 0.08040181349206343
0 0.6211885306122449 0.6502498313492062 0.03957093877551025 0.07666533730158735
0 0.5719634477536597 0.06380500294464075 0.04063310449268046 0.0815999941107185
0 0.6708386479591836 0.06426711309523814 0.041294642857142856 0.07967509920634919
0 0.7206884897959184 0.844304501984127 0.040229020408163355 0.07910999603174604
0 0.17697368437657748 0.5524566157243815 0.04002763124684507 0.07796976855123677
0 0.571622581632653 0.844789751984127 0.03992883673469397 0.08008049603174615
0 0.4731885918367347 0.4549957817460317 0.04108381632653066 0.07988243650793647
0 0.968989158163265 0.6457093253968252 0.04001913265306131 0.08060515873015875
0 0.42377992857142854 0.649433242063492 0.03952414285714286 0.08061251587301586
0 0.77025325 0.6482614722222221 0.04050650000000004 0.07950905555555554
0 0.4726102593387178 0.06387261965056928 0.040374481322564444 0.0811217606988614
0 0.02862983821302372 0.45425005300353355 0.04053832357395255 0.08031989399293292
0 0.869602581632653 0.8442344821428571 0.042138836734693944 0.08021003571428577
0 0.2754635012619889 0.7466962737534353 0.04013699747602227 0.08057845249312923
0 0.27527725265017666 0.2601230282685512 0.04039549469964661 0.07854994346289748
0 0.27456145885916206 0.06456738319591676 0.039910398788490654 0.08312475461327051
0 0.42306136224489793 0.941789886904762 0.04000027551020412 0.07814822619047608
0 0.47306159183673463 0.5533441666666665 0.04082981632653063 0.08064666666666663
0 0.37389429081632647 0.9423106468253968 0.039880418367347 0.07856970634920657
0 0.12750915232205956 0.5515915487828817 0.04016469535588087 0.08053390243423643
0 0.07863768298838969 0.3573444248135061 0.040856890459363956 0.08036415390655675
0 0.2260404678192832 0.4549083030035336 0.03972606436143362 0.08163639399293293
0 0.32405403886925793 0.0639253862387122 0.0407759222614841 0.08245422752257558
0 0.5724649234693877 0.45458209325396826 0.040338010204081544 0.08215525793650791
0 0.02883946251892983 0.25889207803298 0.04064207496214033 0.07976884393404006
0 0.5725439285714286 0.5519388968253968 0.04017714285714291 0.07907620634920635
0 0.12706650681474002 0.06594768354927365 0.040225896012115084 0.07913722025912838
0 0.7200852091836735 0.06291672222222225 0.03870358163265318 0.0806945555555555
0 0.6206264642857142 0.16098412698412704 0.040360071428571585 0.07965674603174598
0 0.7694515306122448 0.3559957837301587 0.04113520408163264 0.0790550595238095
0 0.7202012397959184 0.16060835714285718 0.039254520408163324 0.08014528571428564
0 0.9693520102040815 0.5481430178571427 0.04074483673469404 0.0801650039682539
0 0.7698125918367347 0.9416696369047619 0.04058181632653068 0.07790772619047616
0 0.3248790612244898 0.844082242063492 0.04102087755102046 0.07928551587301581
0 0.12759340232205957 0.8432180361209265 0.040333195355880855 0.0803799277581469
0 0.42352727040816324 0.5533814464285715 0.03997545918367348 0.0788611071428571
0 0.9696795765306122 0.7442417480158731 0.04171884693877571 0.0823575039682541
0 0.17693143576476525 0.7462532737534353 0.04057412847046949 0.07969245249312913
0 0.5229064101463907 0.06371861965056928 0.03906117970721863 0.0808137606988614
0 0.2260385935133771 0.8441762363564979 0.04003781297324586 0.07861552728700438
0 0.6705830051020407 0.5517391567460317 0.04046447959183672 0.07929676587301572
0 0.12743202662796568 0.9407681320180603 0.03969494674406866 0.07917073596387918
0 0.9687604489795916 0.15602695833333335 0.04115610204081638 0.08028308333333327
0 0.869123612244898 0.7449707777777778 0.04149977551020427 0.08195544444444458
0 0.028828338213023726 0.842470419414998 0.04093532357395255 0.07949816117000402
0 0.07766587443210499 0.8431275361209264 0.04143725113578999 0.08019892775814687
0 0.7693609030612244 0.06155169246031749 0.04031619387755114 0.07982461507936502
0 0.670498443877551 0.9422309067460316 0.04093311224489803 0.07779018650793665
0 0.6211865306122448 0.45557581150793647 0.0395669387755102 0.07918237698412693
0 0.4234218928571429 0.7478841468253967 0.041040214285714374 0.08034170634920645
0 0.028681086824835944 0.6486845113859443 0.04000982635032812 0.07779697722811156
0 0.8194099795918367 0.6480344623015873 0.03964904081632657 0.07967507539682551
0 0.32470099999999996 0.2597005416666667 0.040027 0.07929691666666658
0 0.5222895386168601 0.1621969489595603 0.03940492276627968 0.08023410208087949
0 0.07836549318525997 0.45405743629760503 0.039997013629480056 0.08054812740478991
0 0.22569322059565877 0.942471732135846 0.04029355880868248 0.0807375357283079
0 0.7203478010204081 0.35697040674603175 0.04018539795918363 0.07914418650793648
0 0.968582193877551 0.05841657341269843 0.041756224489796115 0.0809948531746031
0 0.969180607142857 0.4501381031746032 0.04103978571428562 0.08132779365079365
0 0.9185884336734693 0.35291875793650795 0.040939622448979966 0.08096152380952383
0 0.12755527940434125 0.7462592737534354 0.04120344119131753 0.07970445249312923
0 0.6705792244897959 0.4544342619047619 0.04141355102040823 0.07999947619047622
0 0.02847333821302372 0.7463076404593639 0.04022532357395255 0.07918771908127217
0 0.7696304030612244 0.4537852420634921 0.040855193877551085 0.07994151587301587
0 0.8194749132653061 0.8451242718253967 0.03977890816326542 0.07950945634920645
0 0.6212076887755101 0.9418836468253968 0.038652622448979705 0.07771570634920641
0 0.5229883571428571 0.6498722817460317 0.03928028571428572 0.0790104365079365
0 0.571660331632653 0.9421503968253968 0.04000433673469388 0.07824920634920653
0 0.9193646275510204 0.9410805972222221 0.04057874489795919 0.07920980555555562
0 0.2750556297324584 0.16334551590106006 0.04089874053508328 0.07823696819787986
0 0.3244128112244898 0.9418406468253968 0.04008837755102042 0.07762970634920663
0 0.5716769477536597 0.16133883225363171 0.040060104492680486 0.07913133549273654
0 0.9194364387755103 0.7447842876984127 0.041041244897959524 0.0815824642857143
0 0.32488531122448977 0.4550462817460317 0.04103337755102042 0.07998343650793648
0 0.42362452040816323 0.4548192619047619 0.04016995918367355 0.08076947619047617
0 0.8190545714285713 0.0604929027777778 0.039894857142857225 0.08018719444444437
0 0.7202646683673468 0.257874503968254 0.04001913265306121 0.07874503968253967
0 0.2755990012619889 0.843499402826855 0.040407997476022264 0.08032919434628984
0 0.8199821071428571 0.5496270575396826 0.03951778571428589 0.08003288492063494
0 0.3248565051020408 0.6500496031746031 0.04065688775510203 0.07936507936507937
0 0.1770751843765775 0.26056239497447975 0.04023063124684505 0.07881521005104042
0 0.028915335436648155 0.0652894365920691 0.03984732912670368 0.0796611268158618
0 0.22593746920747096 0.5526888989006674 0.040151061585058045 0.08088820219866516
0 0.22585221920747095 0.2607652782685512 0.03998056158505803 0.07983444346289757
0 0.8693227704081632 0.6484899722222222 0.0409414591836735 0.07996605555555547
0 0.8191964285714285 0.7458457341269841 0.040178571428571425 0.08308531746031751
0 0.7207612091836735 0.4547560119047619 0.04005558163265316 0.08064297619047621
0 0.02956820696617869 0.9405013820180603 0.039575586067642596 0.07863723596387927
0 0.17676131284704694 0.6482273111503729 0.04118037430590612 0.08056337769925401
0 0.9689468571428571 0.25296105357142856 0.04057228571428563 0.0806988928571428
0 0.3740135408163265 0.6497070317460317 0.040118918367346976 0.07867993650793655
0 0.3742719795918367 0.45438751190476184 0.03999804081632661 0.07990597619047622
0 0.12762865093387177 0.16341093237141732 0.03977269813225642 0.08082166843345114
0 0.07878487304391721 0.16339751590106008 0.041782265017667845 0.07956790184530822
0 0.47291763364462397 0.16237566578327442 0.04067373271075222 0.07813766843345113
0 0.819196163265306 0.35454906746031745 0.0411346734693877 0.0798818650793651
0 0.17653206284704695 0.06475650294464076 0.041037371529530554 0.08104912681586181
0 0.7210023673469388 0.5522909166666666 0.039581265306122555 0.07854016666666672
0 0.4229927272841999 0.0635503862387122 0.040205545431600244 0.08170422752257557
0 0.028237001514386673 0.1627220749901845 0.04038364462392731 0.08005742049469962
0 0.028773711130742046 0.5524213657243815 0.0398795777385159 0.07789926855123674
0 0.8694398010204081 0.5502425972222222 0.041494397959183665 0.07878380555555559
0 0.918590280612245 0.2537593333333334 0.04062443877551049 0.08043533333333332
0 0.07745462859666832 0.06614733647428347 0.04164575391216555 0.08199039340400471
0 0.3742028061224489 0.3573908730158731 0.04081632653061225 0.07998511904761907
0 0.37316119800605757 0.06369861965056929 0.04087060398788494 0.08077376069886139
0 0.3740745723119636 0.16291516578327442 0.04017337481070164 0.07983013525716531
0 0.07827424457344775 0.9404900319002749 0.0404455108531045 0.08045493619945038
0 0.7204789591836733 0.6494382916666667 0.039491081632653136 0.07752241666666669
0 0.7701310306122449 0.7463615972222222 0.04058093877551038 0.08039680555555555
0 0.8193386020408163 0.9413366170634919 0.04078179591836754 0.0784817658730158
0 0.3741340102040816 0.2594995218253968 0.040040979591836744 0.0801349563492063
0 0.22504685045431602 0.6495287613859442 0.041209299091367994 0.07948547722811157
0 0.6213999387755101 0.7470091071428571 0.03903712244897964 0.08107178571428579
0 0.32458977551020407 0.7474944067460317 0.04012342857142863 0.08018226587301609
0 0.9188843418367347 0.1567837380952381 0.04185031632653064 0.07993652380952374
0 0.8688894234693876 0.45171289285714283 0.04166915306122456 0.08199721428571428
0 0.22611059490156485 0.7459842903415783 0.04081281019687028 0.08038141931684341
0 0.423414851590106 0.16256233225363173 0.04010330237253917 0.08035140184530822
0 0.7697900918367346 0.5505773472222223 0.04053681632653071 0.07945330555555556
0 0.37427979081632656 0.7469436170634919 0.040651418367346995 0.08032076587301586
0 0.91943493877551 0.8441914027777777 0.04135712244897951 0.08074391666666693
0 0.17677843437657745 0.9411277487239891 0.039637131246845037 0.07927650255202204
0 0.07761231701161028 0.7461290243423636 0.041014639071176175 0.08067088731841378
0 0.8688818622448979 0.35317575793650796 0.041016275510204175 0.08085548412698405
0 0.077808374432105 0.6480647945622301 0.04172225113579 0.0790114108755399
0 0.8691796428571428 0.9410033373015874 0.04193071428571449 0.07967532539682547
0 0.32423903748107014 0.16279766578327443 0.04051492503785963 0.07898166843345114
0 0.7203353010204081 0.9425459067460318 0.04016039795918372 0.07842018650793649
0 0.2258228435133771 0.16238794895956027 0.03960631297324582 0.08061610208087946
0 0.22543509767794043 0.06483523635649784 0.04072380464411915 0.08243352728700432
0 0.07840106007067138 0.2591897330192383 0.040383644623927316 0.08036415390655673
0 0.0778482487380111 0.5513910487828817 0.04148650252397779 0.08013290243423644
0 0.2753411269560828 0.941971998723989 0.04020774608783445 0.08096500255202205
0 0.17664406145885916 0.1629867990773459 0.040314877082281673 0.07997340184530821
1 0.21528803520949014 0.4518369421868864 0.003548109288238242 0.011005149784059655
1 0.37323065816326517 0.5524787142857142 0.004495316326530638 0.013470150793650819
1 0.6168176683673469 0.3497882361111111 0.004247316326530535 0.013345154761904787
1 0.517189586734694 0.9358381646825396 0.006756030612244806 0.008159980158730009
1 0.6150550969387755 0.5509350238095237 0.004583683673469352 0.01345733333333321
1 0.9625238418367348 0.7442420357142857 0.0047992551020405875 0.008787753968253832
1 0.22045624911660774 0.7434777796427169 0.002992095406360435 0.00867655692972116
1 0.6693759540816326 0.646653869047619 0.007867989795918158 0.008031547619047686
1 0.12042444056032307 0.8361263743619946 0.004292461635537594 0.004352080486847123
1 0.7628029999999999 0.6507460178571428 0.003092979591836504 0.009767884920634825
1 0.27031654366481583 0.15804260473105616 0.004546115093387115 0.012119541224970559
1 0.5624808852852096 0.15741552120141342 0.0035717983341745554 0.0152141087553985
1 0.1709844809439677 0.8484391427169218 0.006024475769813214 0.00487868354927359
1 0.6119836530612245 0.6395884623015872 0.006262285714285554 0.007281408730158824
1 0.36828011224489793 0.25456138095238096 0.006743346938775423 0.0060062063492064425
1 0.06840080918727916 0.9363301876717707 0.003279148914689551 0.013750107577542062
1 0.7694855767949668 0.06398318137799164 0.00479272501850474 0.006451815136935626
1 0.8136865204081631 0.8543125972222221 0.0033667551020407417 0.010000797619047534
1 0.019478260474507823 0.6467173508048685 0.004266598687531548 0.012636166077738566
1 0.716438137755102 0.15975322420634924 0.00589923469387758 0.009610615079365089
1 0.6179395510204082 0.056482482142857164 0.006148959183673343 0.006578686507936551
1 0.4681337948006058 0.16009368826069886 0.0067536118122160154 0.006790440518256786
1 0.36860334183673465 0.6342105238095238 0.0035458673469387896 0.011216849206349206
1 0.518317525510204 0.5505151349206349 0.004500153061224462 0.009956833333333154
1 0.12281269056032308 0.3554714464075382 0.007087895002523936 0.009880625049077323
1 0.4658178031297324 0.052744757656065955 0.0063376395759718205 0.006774913427561837
1 0.5629237653061223 0.7467079146825395 0.004254510204081693 0.008816313492063502
1 0.8634075612244897 0.949245623015873 0.0034144693877551494 0.012347047619047577
1 0.9629906479591837 0.5520684345238095 0.0045033979591837334 0.011190511904761773
1 0.7857142857142857 0.17478918650793654 0.007334183673469344 0.013020833333333332
1 0.17085335941443716 0.34957267923046725 0.0034472438162544148 0.01615695798979185
1 0.36692936332660275 0.1582110046132705 0.007244251640585578 0.010555807813113481
1 0.9724246224489795 0.06228204960317463 0.004130346938775428 0.013580742063492121
1 0.02256912367491166 0.44414230771495883 0.009127275113578996 0.007376947192775743
1 0.9177559999999999 0.5486407956349206 0.005368102040816325 0.009985273809523656
1 0.720257556122449 0.05424626190476193 0.006232336734693738 0.011671166666666701
1 0.12551055098435135 0.25751970062819 0.007055626956082785 0.007634332548095744
1 0.31623049999999997 0.9366589662698411 0.006888489795918368 0.007138416666666616
1 0.5175474285714285 0.2568817103174603 0.005721469387754955 0.010666142857142919
1 0.9664197602040817 0.1591731150793651 0.006892622448979426 0.0070505952380952586
1 0.51902625 0.7410780297619048 0.00680250000000007 0.011545940476190569
1 0.5693584790509844 0.060770092363564954 0.005275974760222063 0.012195582842559886
1 0.470660806122449 0.6446713412698413 0.007339102040816365 0.007036285714285581
1 0.4217299234693877 0.7442572956349205 0.006348826530612277 0.007517154761904818
1 0.17597282887430588 0.05526975824499409 0.003935210499747629 0.009086514134275636
1 0.5186438724489796 0.35360038492063495 0.0038474591836734563 0.012541293650793692
1 0.8187102959183673 0.35332854563492067 0.007349816326530499 0.006884575396825434
1 0.22027213452801614 0.8391346083627796 0.005253307925290253 0.007537614840989408
1 0.41676478061224487 0.4393398234126984 0.004161765306122384 0.012813408730158767
1 0.17260858303886925 0.2539008001570475 0.006562238263503265 0.009350932076953217
1 0.22161938036345277 0.3493284458186101 0.006975777385158998 0.011737690223792747
1 0.968967551020408 0.3524907857142857 0.007855714285714197 0.00856009523809526
1 0.4661474744897958 0.251131751984127 0.004886173469387752 0.009145226190476209
1 0.22194324495204443 0.05273324106792304 0.003804070418980286 0.015999948959560275
1 0.8692504642857144 0.25378799007936514 0.006078153061224206 0.008173027777777767
1 0.2687882978293791 0.7394243957597173 0.006656115093387222 0.013715990577149562
1 0.9175530969387754 0.35116245634920634 0.008643806122449048 0.00873659523809526
1 0.9182294744897959 0.6512407996031745 0.008885438775510172 0.008158281746031528
1 0.915154581632653 0.7398119563492064 0.003236755102040588 0.011447515873015747
1 0.8679919591836733 0.6476569107142857 0.006681897959183455 0.007885583333333359
1 0.7161989795918366 0.9304625496031748 0.003507653061224504 0.007750496031745947
1 0.5657239999999999 0.24890416269841273 0.0053504693877550425 0.009880166666666775
1 0.42219902551020405 0.3536103353174603 0.005729499999999936 0.013141432539682559
1 0.9645839693877549 0.45169898015873006 0.004505530612244765 0.011656603174603238
1 0.01912815005047955 0.25617321721633296 0.004335825088339229 0.013394633490380897
1 0.7694168469387753 0.7447395654761905 0.007722428571428504 0.008412734126984154
1 0.3213360867346938 0.36009977380952385 0.007519153061224465 0.010703230158730204
1 0.31709725510204084 0.5466589761904761 0.007387122448979611 0.008988595238095204
1 0.4712702193877551 0.45138474999999995 0.006758030612244831 0.00918486507936489
1 0.36653751530612244 0.9348266468253968 0.0060831326530611865 0.008942936507936415
1 0.6694392244897959 0.2476835257936508 0.007883551020408167 0.009379948412698328
1 0.4702359999999999 0.34948492658730157 0.007550959183673557 0.005891257936507996
1 0.26979154644119135 0.44439554112681584 0.006227103987884876 0.012391681782489172
1 0.11970983152448257 0.6396883330388692 0.004775188036345287 0.015038331959167667
1 0.6656182397959183 0.16358751388888887 0.004860459183673425 0.01496286904761912
1 0.3727721989795918 0.3575982738095238 0.0031800918367346346 0.01322607142857151
1 0.8202343928571428 0.05556209126984129 0.003982744897959175 0.015239904761904805
1 0.8142203979591837 0.7500682539682538 0.005487775510203972 0.013256349206349228
1 0.7682817755102039 0.5503821150793651 0.004890530612244857 0.012703031746031613
1 0.3720463010204081 0.8372029166666666 0.004313010204081635 0.008877896825396685
1 0.517730943967693 0.16302880840204162 0.005047955577990848 0.015643404004711436
1 0.8164810969387755 0.4451482619047619 0.008300561224489656 0.008016968253968236
1 0.8641860663265305 0.44947295039682533 0.004727357142857105 0.016108662698412747
1 0.9647492244897959 0.8393885396825396 0.005131653061224434 0.023727880952380924
1 0.8193558673469387 0.6511346726190476 0.005102040816326588 0.0058903769841270265
1 0.07549564601211507 0.5408700700824499 0.008334805906108031 0.009003872398900646
1 0.664939413265306 0.8450520833333333 0.007174744897959126 0.008060515873015916
1 0.5212014134275618 0.06211351590106007 0.004732458354366489 0.011349136238712216
1 0.816206469387755 0.5516664246031746 0.006298795918367261 0.011374492063492071
1 0.7172603265306122 0.7435867956349206 0.005849244897959137 0.011338313492063514
1 0.07084216267036848 0.058935075186493914 0.006914866986370528 0.01157134943070279
1 0.6153910765306122 0.15461172619047622 0.006781622448979618 0.014313253968254003
1 0.1690744864967188 0.9406739714369846 0.006058497980817787 0.013651075579112553
1 0.8203433316326529 0.15505153571428573 0.006634765306122452 0.01777391269841276
1 0.12174280320621662 0.05632854510654248 0.005432142505315619 0.012974222918228263
1 0.6162534846938775 0.8403186309523809 0.006332316326530624 0.011947063492063413
1 0.9175856275510202 0.15370941071428573 0.0057707448979594945 0.016124178571428536
1 0.12170182041898031 0.4515978420691008 0.004577176930843001 0.010869883195916665
1 0.6712554234693877 0.341275992063492 0.0057761530612244726 0.011173015873015864
1 0.567335219387755 0.35722125793650794 0.00935156122448991 0.0108214841269841
1 0.12165419333669861 0.9319999536709854 0.0062499172135285315 0.009527772281114998
1 0.7659516734693878 0.2507273214285714 0.004767571428571264 0.01119416666666674
1 0.8629894081632652 0.7428130059523809 0.008396183673469336 0.011025773809523779
1 0.4724005306122448 0.5483195753968254 0.005772918367346997 0.016208071428571478
1 0.8677455357142857 0.160218253968254 0.0046237244897958316 0.01674107142857142
1 0.8666159846938775 0.8410109404761904 0.00783945918367337 0.01614280158730145
1 0.26970832836951036 0.3535538445229682 0.006857343260979271 0.011436310954063611
1 0.46867442346938776 0.8423255198412697 0.00429656122448979 0.017233880952380924
1 0.6165022346938774 0.25332840079365077 0.005834816326530553 0.016532682539682615
1 0.7144832857142857 0.8369567718253967 0.007257918367346759 0.010610265873015834
1 0.0707141709994952 0.8500330265999214 0.004015878091872795 0.012733318610129569
1 0.022733629227662797 0.7383578288182174 0.007536275113578997 0.01155485669414998
1 0.07341019737506309 0.7429076777581467 0.009263605249873802 0.010427644483706366
1 0.9672583877551018 0.9306705674603175 0.006490877551020446 0.012294777777777889
1 0.17032360247349823 0.44957682548095806 0.009239216052498682 0.012458049077345872
1 0.6648612091836734 0.5497288749999999 0.005736765306122444 0.01586963095238087
1 0.2708841610297829 0.5449127377306635 0.004357372034326039 0.016255207695327734
1 0.8705357142857142 0.5517733134920635 0.007334183673469445 0.008060515873015817
1 0.0216443875567895 0.15399293767177066 0.004982300100959112 0.014697673930113871
1 0.07404715017667844 0.3538674795838241 0.008707819787985864 0.011861625049077357
1 0.21785839979808178 0.9390750881429133 0.005979313478041399 0.017462308990969788
1 0.7663424744897958 0.8431919642857142 0.006218112244898017 0.01922123015873013
1 0.3707092377587077 0.05183794660384766 0.0034704694598687524 0.010428936003140949
1 0.3229902826855124 0.1601148409893993 0.00457470974255426 0.007975068708284263
1 0.3201530612244898 0.2510540674603175 0.006058673469387697 0.011780753968254003
1 0.41844706632653056 0.2601996527777778 0.003348214285714235 0.006510416666666666
1 0.3680802895840539 0.44813354919121595 0.0023382101781390724 0.00883530274751148
1 0.36609541194655826 0.7449683517033225 0.002524672474922137 0.008386036706349149
