0 0.9507916047142718 0.12651899169335853 0.028230359237026242 0.056626157854335106
0 0.03766978078725897 0.04891265790612156 0.02995765042079471 0.06040372809863724
0 0.07712621273978332 0.049487185510797026 0.030464207731617354 0.06068754428570827
0 0.9485882010184234 0.054316799709040915 0.026573740802277625 0.05664223383598072
0 0.8764800276743296 0.054724565715962833 0.0279277406284151 0.056687523396756416
0 0.11746758352794731 0.05021172677071658 0.030125428096925533 0.0611992845314108
0 0.9134638921551334 0.054279159555724155 0.027924870058313535 0.05810743843548353
0 0.1574275271177076 0.05127262773727271 0.030460908806923207 0.06077626581075865
0 0.19743520145053403 0.05205217902813297 0.030682968046440193 0.060214684514342164
0 0.7658624458220679 0.055994429943560464 0.02689736168367198 0.05826444878561646
0 0.03242673452405164 0.5065688018602639 0.03134484493545234 0.061807298723772365
0 0.467123664979568 0.05596768986235767 0.029055826715335534 0.058788650463011995
0 0.5424309728160418 0.05645640955572415 0.027651376940424292 0.05822560494360863
0 0.9146512049146824 0.12622348199654546 0.027644140722427185 0.056420259687243055
0 0.39458751721300006 0.9604632618525022 0.029572162703112633 0.06194351886560369
0 0.728952892740497 0.05614915200879232 0.029040371193477726 0.057611089849744966
0 0.8392671292520055 0.05580768785555515 0.026808704601729884 0.05615791909020245
0 0.5052286782117702 0.05627583922729277 0.02958823981268371 0.05844214612654698
0 0.8775238309859521 0.12669317914059294 0.02764449470256707 0.05639685090900284
0 0.8026055669298787 0.05574564908893156 0.028309686406859217 0.05661152339675641
0 0.9526559712766471 0.197807889978568 0.028070894181264017 0.05574629754080842
0 0.2364816172554033 0.05338397526434324 0.030026925013107407 0.05884897761830235
0 0.033135925992910896 0.42886185184748193 0.031504233325585676 0.06036661561756441
0 0.27562905014339817 0.05340499741594666 0.029990682059251792 0.06016343224839141
0 0.5800723335303511 0.05687762170215878 0.028394494225551608 0.05772010494360861
0 0.506983951968424 0.2753237621842728 0.02949509145136955 0.05769235440492035
0 0.156954166748131 0.1255339375437391 0.030767485807447516 0.05724585136126699
0 0.840755764052043 0.1267240056165117 0.027415121652711764 0.05588082202103918
0 0.3910120505820523 0.055201078712363155 0.028583276661298326 0.05993836386057775
0 0.9161458622100802 0.19856801075739863 0.02788326635627472 0.056496296645401525
0 0.6914558258065877 0.05627268986235767 0.02763750044951372 0.05670280187727343
0 0.03658403215036268 0.1244704508829371 0.030652786886119103 0.059414226840107734
0 0.6928105318960276 0.12863048966238347 0.02759672367144533 0.05603513846070897
0 0.8035062374396974 0.1270550359231452 0.02811951128525817 0.055772640181238044
0 0.9547985616381358 0.2694030916054163 0.02761436980605479 0.05721208942996283
0 0.6539989224648237 0.05675571262205937 0.02915997994875187 0.05747628678340979
0 0.5447261064631337 0.27502378111105547 0.027879275544276574 0.057092392258485676
0 0.42877554889466457 0.055553977715923034 0.02983905584989588 0.05950171107627905
0 0.76686076037248 0.1278021874563128 0.026617972337366513 0.055533897728169905
0 0.5059885303056598 0.12864792990938095 0.02873709145136957 0.055107215888368734
0 0.6170301089897513 0.05619637924909064 0.027011768185150373 0.05828322617014272
0 0.03484810531790397 0.27510495274933955 0.0308610711295275 0.06040596079531839
0 0.46833329632076875 0.20211771152398245 0.028724900440788938 0.05820400100709197
0 0.3916387420603588 0.2022808947684849 0.028687803356540253 0.05847466336052045
0 0.11694875660905675 0.12498096528334454 0.030654396433741283 0.05847265910642864
0 0.03618528215036268 0.19954550456216938 0.030436361292696862 0.058934086228934354
0 0.31509994005059144 0.12760791099913898 0.028199199142744387 0.05630415696453791
0 0.35305339968239347 0.054934527421502864 0.02974378585214856 0.05982939805448458
0 0.5435653639306081 0.12805280782258233 0.027644140722427258 0.055842577847441933
0 0.7679153053058257 0.20002114336378357 0.027304550674602447 0.05670671327243285
0 0.7300000667091523 0.12826527837621338 0.028669032479731335 0.056652640181238056
0 0.3533612307911233 0.20267236057457813 0.029628357721462998 0.05925759497270679
0 0.31488240432638376 0.05451145903368917 0.02859965952078077 0.05940739805448457
0 0.6564384328413341 0.2013594236704171 0.028633456889839738 0.05668742529996131
0 0.3547373861306883 0.963080024761105 0.03123181213922177 0.06123912982402579
0 0.6550902678399542 0.1290637510422343 0.028971818149919393 0.05497605508774024
0 0.6594167381511901 0.42120376491911493 0.028710353187800887 0.05772303077503722
0 0.543746353004297 0.2023571610779158 0.02791128476784146 0.05772009704862351
0 0.8048116591024616 0.19963551075739863 0.028454336163657033 0.0565131298994641
0 0.27623935455688614 0.12697162561022676 0.030062434624856645 0.05884881716736014
0 0.8795213390565713 0.19821879861096403 0.028130649071147214 0.058108599711736764
0 0.4295530127907495 0.1285704677629463 0.029402467500827374 0.05649277650163577
0 0.03421280756752569 0.3508842172389043 0.03143054458293385 0.06113759657247363
0 0.842150533963411 0.1991558142714373 0.028118311232245872 0.05690166122041066
0 0.46863212811684135 0.27579281141768897 0.02884839352311536 0.057860210418684575
0 0.5812670028872242 0.20199628351710033 0.028128478084313138 0.05738346315352661
0 0.3531797015302765 0.12842170045234186 0.029265299199769373 0.05729553070750255
0 0.5806172505813331 0.12954608144254856 0.029294660123587814 0.05632583711490283
0 0.4678625866423322 0.12887457760962956 0.02854215389962566 0.05594563251540003
0 0.5820640489735157 0.2748611106511052 0.028679395135295094 0.05869265747125553
0 0.07717300071665846 0.12458191873144159 0.029608695487957293 0.05865393637543505
0 0.6179152998701721 0.12935259196213486 0.027738974824390968 0.05516861570100728
0 0.6604419501355179 0.49539650113321915 0.028864095117181847 0.05918475528049344
0 0.9682833220461784 0.7855364118500839 0.029073517193896656 0.05812408526102551
0 0.698041434120409 0.4945807889867845 0.028290615617943847 0.05870869466722634
0 0.6190770176192278 0.20175538255054234 0.02797606007930031 0.05805702490001287
0 0.391369595756125 0.12877226884015558 0.02846283518299193 0.056512188768434043
0 0.6933937900968067 0.20105248428368416 0.027814899053365993 0.05742147081936468
0 0.7777813018785212 0.716087641615333 0.02778522112135629 0.06018091370299825
0 0.9617925466813753 0.5616510364618335 0.027946229209756715 0.058249320943662634
0 0.9561735674028637 0.3420104035266514 0.02751935827659888 0.05877649577522031
0 0.47075377640385013 0.5743637747536825 0.0290023568441545 0.05806831371700758
0 0.07563810054039918 0.27530189748392425 0.030412724512623834 0.060013269335142415
0 0.545366672287563 0.34784957797645755 0.027548227459751662 0.05793840481247485
0 0.6946597968843203 0.2730509496126643 0.028450230589118997 0.058345865819913474
0 0.7312359031170071 0.2007884122905663 0.028485350440456903 0.05804869051273115
0 0.8807002180918811 0.2706285045184348 0.02821238869463709 0.056581945443727064
0 0.7323170747797715 0.27286637574496886 0.028087173012964792 0.05855439992432368
0 0.50625907408606 0.20227313953086457 0.029657515420024923 0.05793717518105511
0 0.31503559580469026 0.2012355592837178 0.02890604247739367 0.05808053949349585
0 0.733875123171954 0.34576974456545806 0.028358246738418115 0.05762995025581682
0 0.5827167966676245 0.3474074150254084 0.029131383605839205 0.05724663952364362
0 0.5462326122278617 0.4230868066055993 0.02823693221874806 0.057252780656131
0 0.4297520116378039 0.20244442367041712 0.02961079699100881 0.05847230407342722
0 0.9599999568146838 0.4881791676413443 0.02824924765688653 0.059769816131572805
0 0.27614326864228167 0.20119564157049366 0.030496911665486487 0.058424840842674935
0 0.31514343358723057 0.5019253581771449 0.029330600999087256 0.06036694170664154
0 0.07667713638058438 0.19994494025917842 0.03026334430111278 0.059929602855288804
0 0.7374203870073012 0.5672374153542056 0.028810387271651375 0.059408926838520656
0 0.19708778427873758 0.12618493754373908 0.03061478257268605 0.05854785136126697
0 0.5484493201817401 0.6466666795040409 0.028687315844028265 0.05747934306021184
0 0.8065403286760305 0.27175116547311173 0.02830797943617329 0.05824958551327994
0 0.9174993679748084 0.27012719390516776 0.027745254826818628 0.0571198091233293
0 0.2367398273744248 0.1269385914163199 0.029707813424698717 0.05751033845266421
0 0.9580231157950464 0.41480408296040766 0.02761475918634228 0.05686242488017916
0 0.315149440261041 0.6532019371418694 0.029551497303321114 0.05923816828686918
0 0.6575085374400292 0.27386933221904924 0.028782149945991976 0.0580570249000129
0 0.8451516569226999 0.3438166005792223 0.02776667231925351 0.057382313935419
0 0.9197274981630635 0.3427193391993714 0.027744312411033947 0.05749851853492178
0 0.508489249207661 0.49858401634598903 0.029660662870931838 0.05901272485495377
0 0.43037997362213165 0.2763450235641236 0.0299183799400269 0.058001831645218625
0 0.3152552713697709 0.2753431916663486 0.028927627694329078 0.05869620634042062
0 0.8438420255814991 0.27154829620491916 0.027613096287909047 0.05803640759016169
0 0.1565312185960141 0.2752790719876746 0.030339355416439527 0.05835589859525901
0 0.6226900905741541 0.49575595189980304 0.027710311934018243 0.05913341436059292
0 0.6217608785898264 0.4216635035392641 0.02793823820856485 0.05710202310919921
0 0.620001650113374 0.27391747237236597 0.027833808926354675 0.05738306275357827
0 0.507698243442933 0.3489520476317933 0.029595996972895507 0.058410298603743
0 0.769531320384685 0.2724732677728632 0.027312221365554206 0.05776818398011233
0 0.7831163054909894 0.9441728270016194 0.029445988659738076 0.06036775225921739
0 0.15666979970474393 0.20002171734464932 0.03072095911220565 0.05819767626912325
0 0.0683288895980465 0.9742868180188147 0.030545237236729108 0.05141832139176245
0 0.970314620438361 0.8625764435835914 0.02744606786043831 0.058540779340942005
0 0.7429660333367948 0.8699763566155162 0.029564762816591938 0.05851343818322925
0 0.8075576291574086 0.3441245816524396 0.0290149029714371 0.057420594242052495
0 0.2363904151569651 0.20071442250809038 0.030053403772843934 0.05746240271786841
0 0.03142381438304426 0.5836977191709436 0.030694844935452336 0.06032210933474907
0 0.92109467443761 0.4154023140336249 0.027538807799251382 0.05786632641334675
0 0.07515228991739058 0.3511395591213891 0.030893789283051015 0.06007511847875247
0 0.6208077399800659 0.3474274864870589 0.028307979436173362 0.056709100607143625
0 0.06958745990586594 0.9002890498593985 0.0303203143128311 0.06011047735630142
0 0.8842107330801737 0.41659638602674276 0.028120861023942827 0.058713985493446225
0 0.9657792701951591 0.7106456225696444 0.028807118590044582 0.059117466888239906
0 0.9637127194970853 0.6352182120626708 0.028941551782264745 0.05923016667565305
0 0.39359570201749605 0.6508457426210804 0.028841830051782064 0.05897921538937873
0 0.10952240599849186 0.9734405551102119 0.030736826610435364 0.0531188897795761
0 0.11600929921752443 0.27510423650290744 0.03055098678188648 0.05991484311604805
0 0.5467517378043344 0.4976274254260884 0.02775783774027407 0.05941027037435702
0 0.5081024554272608 0.4232773672188663 0.0292664117179861 0.057248780656131065
0 0.19286111436446313 0.9707902238137955 0.0316656172700251 0.057785441413987115
0 0.47238256490411223 0.8024525373918983 0.029753338365323782 0.05957121552086109
0 0.6584054409119532 0.3466737748720916 0.02886894305449261 0.05693472289661233
0 0.39315154647384687 0.5759486957232167 0.028997933747548266 0.05932954016575269
0 0.7346990425288271 0.41938771185277973 0.028488739820744558 0.05697933384137245
0 0.8536354841385223 0.7139466377824142 0.028043524805282088 0.06090548198210347
0 0.19615918058297147 0.42723289030974704 0.02980198996421842 0.05879367227799615
0 0.6960527578458623 0.3466053960986257 0.028770465861145945 0.05679796534968046
0 0.11634793217413734 0.19994155282941642 0.030810486781886488 0.05909768917772598
0 0.2757952216002732 0.3505178646971876 0.03032302497300192 0.059325270605624925
0 0.5844862789279573 0.49680638222896606 0.028687315844028193 0.05892354765971461
0 0.3151905958046903 0.35029936469718753 0.02932048395570015 0.058464133829997454
0 0.3537818863347726 0.3502210463093738 0.02984301993892268 0.05809542866655638
0 0.7705413560038996 0.3449309528789737 0.02715110825881746 0.057300291175717395
0 0.58557793723239 0.5708392411802424 0.029258452719510143 0.05794735089357741
0 0.6257697265271372 0.7207036985145875 0.028369205926088246 0.06055523929122302
0 0.27561150086112 0.5025277620497257 0.030582232364534178 0.06029933912492111
0 0.02792848202457716 0.9755019612487434 0.028388855254555204 0.047274487829395286
0 0.43061772477507726 0.34987261962491123 0.02973004353217209 0.05755559400424025
0 0.028524747376985633 0.8216550520323282 0.03041691778582383 0.06330499128861627
0 0.3542536430085829 0.7298537127544291 0.030264325895011216 0.060912822225191114
0 0.2348456333305134 0.733809026953892 0.030410408904053776 0.062037262214078806
0 0.35353819485646615 0.27564194166634853 0.02956451993892272 0.0584454327891658
0 0.39199497845372294 0.2757376798870099 0.028669185795123432 0.05863690923048864
0 0.8826386420605364 0.3433128505792223 0.027916536145543645 0.057915298841555364
0 0.47354368862130974 0.9580267447555488 0.029673431798670172 0.06152392081578465
0 0.5863318980637722 0.6456174206139988 0.028869692342999836 0.05846179509240045
0 0.5840435558911892 0.4225393861456489 0.028845044892092976 0.057698424642366734
0 0.6234638855074999 0.5703665214868758 0.02783539027125394 0.057964714573179706
0 0.27576800086111997 0.27548801005416224 0.03079079088622768 0.05898584311604803
0 0.39410840016961296 0.884804026888151 0.029240577486177137 0.05928498879430659
0 0.15480838121975113 0.5807450386600671 0.03065357388294618 0.05895501181220916
0 0.3923083028886423 0.3499616156218057 0.028669185795123432 0.05800070406704745
0 0.7447273697446496 0.9456636269691727 0.02967340796160727 0.05949813992898353
0 0.6244648889663368 0.6447848600007315 0.02813038335358048 0.058337158772002344
0 0.2364406651569651 0.2757930784419759 0.02984057933792458 0.05874770634042066
0 0.0735188360280659 0.5059371887794231 0.0310164822094386 0.06133065349143615
0 0.4321159766343524 0.6499792255241269 0.02995342455669817 0.059578933461422574
0 0.7718746543960823 0.4187252004729288 0.027446852494089423 0.05777247782760827
0 0.027855955499385025 0.9017726467956659 0.03062886578149664 0.060717928440800054
0 0.43109211900162453 0.4997910717346052 0.029825325067592983 0.059886350726049746
0 0.46970117650902393 0.4241315490586674 0.029184642370169767 0.05703153820306285
0 0.46934325715215086 0.3492050590116441 0.029037808268206036 0.05776095768384244
0 0.5477380644170121 0.5718087410964786 0.028687315844028265 0.05853842643318047
0 0.19673595317000775 0.2006149396050438 0.030433327746758648 0.0587479156264712
0 0.851878434593394 0.6383025795751919 0.028227955691610816 0.058851840849615845
0 0.11030754880445838 0.8977616548279487 0.031471580395916736 0.05890376458500311
0 0.19636179095254805 0.35051804630937383 0.03072941809490391 0.060173907381252265
0 0.27546661790450705 0.6544675461778913 0.03102355679945358 0.05986077086858965
0 0.699709712813889 0.5686314909775724 0.028971818149919393 0.05738306275357827
0 0.11395721554318969 0.5053858710857477 0.031146685957007744 0.06156212105287719
0 0.6612030757119908 0.5696432108736089 0.028963834740671546 0.05844369947931618
0 0.7360030471406095 0.49335741776025044 0.028441394189324842 0.0589578007998968
0 0.9306070425700801 0.7869470862690804 0.02769155777340904 0.05921238857961511
0 0.8091384678711545 0.41807035955302824 0.028478050422343647 0.057810720280676395
0 0.1558285112044818 0.3510462963093738 0.030918328721197652 0.05953386027874261
0 0.3150610439568072 0.5774613324988441 0.029583587651466233 0.059173787899801815
0 0.19654104095254804 0.27560354424806915 0.030565710703371586 0.059216911503861755
0 0.3151782711593213 0.9660202822206105 0.030131366491413833 0.06012138794518447
0 0.7737348272117921 0.4927488268403498 0.02784800455677857 0.05870342202643085
0 0.11292267036911707 0.6593625077956339 0.030748659261765874 0.061380026979340335
0 0.8485992528969447 0.49136654490417214 0.028497647640100852 0.058442146126546975
0 0.4314680644168928 0.574754922171962 0.029806456383149844 0.05885060855356637
0 0.030609045781399804 0.6617925073250349 0.03090537668632635 0.061948533026566915
0 0.0743487189657844 0.42885007024659305 0.030739333396283066 0.06014640718345031
0 0.9245337712219754 0.5630953395281686 0.02758894602659339 0.05805695726406026
0 0.1953957524522859 0.5039411765649585 0.03099061213881524 0.061429621052877116
0 0.9230120580847019 0.4898791714742633 0.02795954742274098 0.059318611532070104
0 0.6662009720414842 0.8726723907550685 0.029476217203285502 0.058898930517391125
0 0.4330035443954614 0.8038133109431529 0.030684145295851447 0.06102035229648842
0 0.8470889956364459 0.4172777080198607 0.028227322076051237 0.058343583960278604
0 0.39293495175848114 0.5001060341939069 0.028878068751736357 0.06012138794518455
0 0.9718187909481797 0.9372456040905649 0.02798872222901872 0.05864462507293221
0 0.8933501824136322 0.7881953058363195 0.029139953133460992 0.0595906609681561
0 0.43275188217800165 0.7270376314580125 0.03070302825246433 0.061854779654583004
0 0.4712921708579032 0.6485008885665449 0.029348055404115364 0.05874294342439553
0 0.35407418818265557 0.5010615568862847 0.030009857721462946 0.060335886227430635
0 0.7005906944969195 0.6421496250945954 0.029026767680633076 0.05865094674447425
0 0.3538168570739258 0.4260934522432594 0.029808519938922674 0.05778720647190309
0 0.15493824529125594 0.50445768301926 0.031122184982568718 0.06097815524678394
0 0.234060254482106 0.9698884096143323 0.03134624668659408 0.0602231807713351
0 0.7749318756039745 0.5663017448942552 0.027491912384195488 0.0583078283716882
0 0.9268628633945581 0.6364566060489065 0.027695093477500075 0.05958878790218707
0 0.15367262568226397 0.658255343280401 0.03151530715716564 0.060226039887943145
0 0.8120206879261015 0.5658575441276715 0.028647278516377387 0.05838222990485588
0 0.8894422088998485 0.6377400378887077 0.028436563753173414 0.058689560542982466
0 0.392476832408504 0.4249803667584922 0.028588478921620916 0.058105856156133326
0 0.31503371284807735 0.4261816403097471 0.02973780839061947 0.058387719380505826
0 0.23566345109162234 0.5029652107588655 0.029852773381835975 0.0605380313797594
0 0.5098992577334839 0.6475813424170593 0.02935115455777437 0.058345865819913474
0 0.5872093162676997 0.7216360697411215 0.02901234901747136 0.06068693622488781
0 0.6268621044095012 0.7966310900947784 0.02856244554957792 0.059902016744108354
0 0.47189432825173316 0.7260461827488729 0.02971683836532374 0.059871882236303645
0 0.7383561807877016 0.641315894021378 0.02897496099710488 0.05833140889090871
0 0.1952241420827093 0.5801977941165867 0.030542949921355558 0.05913293305213072
0 0.8106451406868646 0.4921715465337163 0.02845670479092405 0.058896785706033065
0 0.19329245471260836 0.8939879117413784 0.03137944170494445 0.05962694553659659
0 0.6971037232890268 0.420219442925997 0.02821704189249054 0.057487432308204835
0 0.2756423612306966 0.42603145224325945 0.03085283606030031 0.058087343247530614
0 0.8861341155743201 0.4902969025474806 0.02798459372975912 0.05899870999890243
0 0.3939894001696129 0.8061163922395695 0.02900257748617722 0.05968860003053796
0 0.8556643934932425 0.7891615333216513 0.028876984047955682 0.05959750980614925
0 0.2754730593828135 0.5783758666927511 0.030827556799453575 0.05888217240947869
0 0.7414164872505032 0.7923394233488409 0.029026191397029662 0.05959878962271591
0 0.5091168763922831 0.5729641047760808 0.029208903404828734 0.058153305206646404
0 0.6648530480728289 0.7951737074883934 0.029340890018995494 0.05949053950381002
0 0.8912740925469406 0.7129935354826629 0.02868630337666307 0.059384398609134754
0 0.8963383967038512 0.9401775283834343 0.028857330984292714 0.05950189771372773
0 0.1529168664428486 0.7374194266381222 0.03146596937462534 0.06225980478468687
0 0.5882295731853732 0.7985966923945296 0.029251014915507578 0.05959688785173583
0 0.8875485775586478 0.5642202107547027 0.027968494639502288 0.05799597235792401
0 0.8138046959967206 0.6393595909550428 0.02861159878299378 0.05884769686338006
0 0.47027817881491507 0.49912468680593924 0.02957997416624228 0.05970894454832014
0 0.1514866723989372 0.9720343670437243 0.03173882563599642 0.05560822334194324
0 0.776144088741248 0.6404157235614278 0.027166149701794026 0.057493871037343484
0 0.9287577775817873 0.7116077463283503 0.02769155777340904 0.05911610827298161
0 0.11543852663048813 0.35129784114593265 0.030662739347491405 0.06024901833967411
0 0.1948880676477899 0.6571068881169599 0.03070633287796849 0.060049813439197935
0 0.11191166780351215 0.7385733924442155 0.03112880813160461 0.06244705251873634
0 0.11113748299901616 0.8182435848379584 0.030729294783983695 0.061675804506877256
0 0.31509994005059144 0.8087715726567503 0.02955693836072829 0.061181729884253
0 0.6635500434610464 0.7195893765214695 0.02976957205826979 0.06160012573052682
0 0.23619386330908201 0.3508068988910944 0.030078065990303646 0.059267133829997515
0 0.11482900404345182 0.42829635611584016 0.03048810895648342 0.05943612517548654
0 0.07254374165673998 0.5831505739386073 0.03061582521766081 0.06099762596110354
0 0.706273947754602 0.9465332206594266 0.028918347858386706 0.059889403016621816
0 0.8153541591339939 0.714891838548998 0.029055170202555925 0.06029259554279952
0 0.1131932288908106 0.5820287599226798 0.03066312743531415 0.06003797562273883
0 0.15547776787829226 0.428002629667095 0.030843490938657334 0.059060740665809915
0 0.6623875814767187 0.6436348183142473 0.0294361642308528 0.05854036337150521
0 0.8170182075261764 0.7906732604358223 0.029443409826045697 0.06050279728855393
0 0.2750034105129748 0.8901310462510551 0.031141556799453556 0.05954767651724334
0 0.31520416100019427 0.7311529350148236 0.029556497303321026 0.06075437770440192
0 0.43089130657114977 0.42436587859871716 0.029328866104679815 0.05653739421682707
0 0.8956843845219365 0.8654155361753995 0.029445988659738076 0.058442146126546975
0 0.7403407729602843 0.7171662931485008 0.028961113059793916 0.06041261063666317
0 0.5496135016396816 0.7230130318875561 0.02836032390492689 0.060937572545285465
0 0.8587492698072927 0.9415198503765523 0.028218681334667376 0.060838617407094384
0 0.8204812528506727 0.9428919014268698 0.02925694282775841 0.059731507242388904
0 0.7019857312610186 0.7183955079460137 0.028971818149919535 0.06017519164595024
0 0.4336967784822355 0.9593587960464091 0.03039954981649627 0.06121906596811347
0 0.7035504939434201 0.7940236888066441 0.028876984047955682 0.058730987046447615
0 0.5900150766442099 0.9521143278546629 0.029407994162486826 0.06065334429067419
0 0.02930565011101923 0.74168031225137 0.030913420175165136 0.06401466654549083
0 0.8574029507346322 0.8666986898695787 0.028371066248258445 0.058697726155700736
0 0.07161742061070919 0.6603641869702868 0.030603252079762146 0.06164828033744314
0 0.2750745142087409 0.8107261209542652 0.03128376419098582 0.06148566388644996
0 0.8502044276757204 0.5648988130544542 0.027914633119103027 0.058005252664557534
0 0.23593164256992874 0.4265490719219333 0.029866948946916546 0.0582743090536236
0 0.1936076528647253 0.8141505206384955 0.030756540269500792 0.061124138069244674
0 0.2352131559175497 0.6557004158565654 0.030727688164900558 0.06020582634780071
0 0.5890986549814456 0.8758646256612049 0.029282164672305485 0.059314021318385604
0 0.5105523379214072 0.7240416228074567 0.029803808015947245 0.06087658763914906
0 0.932693392813282 0.8636343505026794 0.027881225977336603 0.05853842643318047
0 0.4731423600781849 0.8811467639795482 0.029810748017178527 0.059392856550580436
0 0.9348736825397617 0.9391347366969499 0.028638109555673887 0.0597270416999635
0 0.3541871633067843 0.5765566880007463 0.029713600578188056 0.059061046006116016
0 0.6276976044095012 0.8746087241280373 0.02881093402012183 0.05930550622452171
0 0.35407280522604273 0.6524542319784282 0.03021597476485006 0.0596513734503102
0 0.8191374667497412 0.8677666633958642 0.029319559582843668 0.05910062768886815
0 0.23551014924373928 0.5795549928257263 0.030172818555908566 0.05954387757291973
0 0.7049249203165942 0.8709184172287832 0.029349818347174348 0.05808683205055879
0 0.23466877963474722 0.8127983154750544 0.03057890890405376 0.06160075355956793
0 0.6287026789685464 0.9500459257062641 0.029208903404828807 0.06094543409901853
0 0.7793422661687402 0.7914990824289403 0.0281569607448461 0.05945859268905122
0 0.7812550230864137 0.8689510156956156 0.028189110501643917 0.058580923089365584
0 0.550130209012227 0.7994217833144304 0.028445397630380318 0.06047682723846911
0 0.1515518572034332 0.8963220036804468 0.031555870810069005 0.058993419719391045
0 0.27496459275186586 0.9677329992874502 0.031481687190461585 0.06015372787384468
0 0.35442763633477253 0.80745149482129 0.030298988112470896 0.06066225809146939
0 0.5129102404708323 0.955293202417791 0.030062410322502325 0.06046403256585089
0 0.4332380218084251 0.8831798836582221 0.030526451251940093 0.05985393331509543
0 0.23420050704771092 0.8925620420627044 0.03100010294796516 0.060168300384267764
0 0.1942254187779512 0.7349892321173331 0.03146986470442016 0.06206492027501012
0 0.5507850442671363 0.8767913150479377 0.028617058916634238 0.05904923334591393
0 0.3151971743478152 0.8883697726998002 0.029646965476869375 0.05814581329287063
0 0.5121870545175172 0.8792521522538256 0.030133384047291926 0.05877177119947946
0 0.5519344734289071 0.9537527175116547 0.029019235200901317 0.06007891133931689
0 0.511653688619813 0.8007151701176736 0.029730490965629276 0.059404949192882105
0 0.3938010983217299 0.7285059904940346 0.02925262266024982 0.060974266745980214
0 0.27506632940424497 0.7326004072752181 0.030536304233848694 0.062164843510495435
0 0.3543960462633972 0.8864946367904721 0.029922483534800908 0.05906104600611609
0 0.07109893721491038 0.7407417062366034 0.030534742632460775 0.06430055207165766
0 0.1526256164428486 0.8159710783836572 0.031405676766157645 0.061796296130176065
0 0.06992262025819072 0.8204825674001532 0.031184326486339904 0.062729829115293
0 0.6673475755187662 0.9487461415667116 0.029208903404828807 0.05950122949951575
1 0.8685673538914026 0.937602667412436 0.006959261432148336 0.005149053727784462
1 0.35813572239525626 0.19747552804286325 0.006463585090194275 0.004789372207589483
1 0.3982003028442548 0.35722621630127277 0.0036211181389782204 0.008056081943225032
1 0.039293427273695725 0.35592930697795605 0.0049910142653766774 0.0235552259355397
1 0.860342375919298 0.785500658730602 0.005580406207176415 0.005877544582595858
1 0.5156735177178553 0.644364587954467 0.003293016988580891 0.011247524256860491
1 0.5865284075206388 0.4281803880174097 0.004593063144318251 0.007466135081126936
1 0.029562160434643655 0.8200401156273964 0.008764538965881247 0.026448783749237995
1 0.03445672401871059 0.5768226282225236 0.003624007050369464 0.008882028080939184
1 0.9189661565540321 0.1290637510422343 0.00592713137273307 0.01396064446186048
1 0.5515940150608408 0.3517499312512075 0.007508972077521097 0.006471118613165573
1 0.8246609806481532 0.7956336059020789 0.005058947460959162 0.00756356015208448
1 0.7037164536218566 0.7961418555525814 0.006069382525678777 0.006161939624545243
1 0.9611999084855657 0.2550167170215879 0.0051981395436395145 0.011228146070704416
1 0.5233580309049609 0.9552165282865703 0.003002612826602712 0.013825151804401225
1 0.4379675913939949 0.351037997985816 0.0038407811295310536 0.007317303304147596
1 0.12154350927544766 0.6520546908467041 0.006110348688319506 0.009009592913522779
1 0.622986582934635 0.12458449695690044 0.0035609616048332647 0.012713440129375047
1 0.5947917138132034 0.3494499991118141 0.0039037455871320783 0.013189149637889789
1 0.9744205418565325 0.713623435108999 0.006732932881006328 0.008485062301060697
1 0.9505467837832263 0.11239648408855604 0.007347900351644787 0.013597071047484791
1 0.85729515823062 0.6353563696924678 0.006364131874563571 0.009622778227620797
1 0.16075662155787 0.6483067991309437 0.00925291868082056 0.0078105724446818564
1 0.7704796614043223 0.19723020813876688 0.0037933640785491993 0.016463932434331998
1 0.7091537602463505 0.7200776916810925 0.0029711656377168047 0.01695077722951516
1 0.8863358363213979 0.6426539068783291 0.006890250706593138 0.010817674143795397
1 0.7332376093996716 0.05512611103574502 0.004117200352213965 0.013949373485751483
1 0.9733894418433031 0.8699511913011062 0.00822612829568251 0.011628955674793414
1 0.2791854795407894 0.1995069753878015 0.0033153112505658936 0.010693691744957096
1 0.4380014496477189 0.8786481064413653 0.005796502046008593 0.0075284277673864156
1 0.6606284882142549 0.060197842227868524 0.007368792083343956 0.01632235096386215
1 0.8091255280542983 0.05237493366607807 0.0065416128359853465 0.007512970202528836
1 0.34148073437973253 0.037672803582259204 0.005830080671642246 0.006080171020430665
1 0.7108219491551603 0.9437882076617902 0.007885354690941659 0.0066423373843032645
1 0.31676465253251673 0.0514058643901756 0.003563712604375868 0.014029470169486146
1 0.8249093608364084 0.8628597624572275 0.008071048857106668 0.007325994488915214
1 0.7412306820640894 0.5619662791718095 0.0033045113375750586 0.012945302384991622
1 0.7384593801526924 0.34146649515998895 0.004769248775928846 0.009514974988301936
1 0.03953964832394872 0.04370814170262174 0.00798501860433726 0.006934099069733442
1 0.47559225885588735 0.5697421201928076 0.005596737000294754 0.00875469652575089
1 0.8925417438026065 0.4169556851247213 0.005005021062149495 0.013355328125538248
1 0.9545992984034838 0.04691581369022517 0.011191967958559972 0.013232073596024529
1 0.9404934976997987 0.930404743153026 0.007539311106116545 0.00914662913018444
1 0.7876461272195527 0.9438505813690545 0.003980045562886113 0.01826378737906369
1 0.9618869412741403 0.559571736572267 0.005531087801837281 0.010417084279929142
1 0.674076625351716 0.7961306665153461 0.00797440737790355 0.007532241991885363
1 0.8105292365797893 0.20480808896605224 0.0034496934791122657 0.016135338001323492
1 0.704944702630603 0.6431253265746162 0.003992220916040577 0.011222759044090518
1 0.8501178531045049 0.19500463870494003 0.002889930957612535 0.014560571064173395
1 0.11923868037044716 0.1992194341813948 0.003617985973481222 0.011268774157770424
1 0.9280589441007501 0.4104500721750876 0.007467049487753435 0.006725371471567446
1 0.6997898500815101 0.4929199563272529 0.005103018123745064 0.009120776096295635
1 0.6272840728973146 0.26731993433249823 0.008053087750468675 0.007418257681724269
1 0.23867438742253053 0.977925829692119 0.006319711192157744 0.011498291627964285
1 0.3202549738278124 0.8072691827606512 0.0025362342772528314 0.013926301764603929
1 0.7737412354703092 0.27242370429124535 0.003244764370290327 0.014156051731729666
1 0.27971360057818806 0.04484587379611597 0.006645611264639998 0.006578817739676299
1 0.7464951267253879 0.7285666879670798 0.008612917042920876 0.007290087961687994
1 0.5132132608001817 0.7222920893813412 0.006222014682689772 0.0075154058840746695
1 0.9655619845678282 0.4961984745184335 0.0065264021872700586 0.008147997498678635
1 0.2793093494094879 0.2732976520487927 0.004320869252846557 0.013892962158516937
1 0.631819659782422 0.8741371528483566 0.005999637525569569 0.009804093431372203
1 0.9034698607437887 0.9354415244835288 0.0066676444667902405 0.009471339585598962
1 0.6219415597376604 0.19642405379453523 0.005651007998782365 0.008255649846176162
1 0.6244374650607459 0.5025989185925936 0.00796142320381842 0.006708185533113661
1 0.7834789367416236 0.796904674181184 0.003305186832189979 0.016382499776629703
1 0.9314222459517691 0.5747443783329835 0.004628643966227883 0.013962468693495505
1 0.4368102522464939 0.7243031576065893 0.004836769542651942 0.012536394087716778
1 0.6306941951097846 0.7244611672639254 0.007776396361025816 0.007606144224048165
1 0.5839852956381212 0.2054752531297518 0.0040840748934933314 0.014030767220856166
1 0.36068080520985424 0.42028623520186786 0.004611105288498681 0.013842581362157649
1 0.3164563606787234 0.274714017539116 0.006478008834704633 0.016786077648840176
1 0.9216829245006746 0.19654946595143236 0.009787337471893478 0.008582507372183057
1 0.20010987243517842 0.34587929915639193 0.006162047220081175 0.008694803900361798
1 0.5550423080150696 0.9558662648513908 0.005828261777068856 0.007519102729817294
1 0.9795570686819387 0.9327111577514311 0.006132957630493899 0.012621345690589897
1 0.5994193578368057 0.8798207363402315 0.0041318677363004885 0.016537624094724254
1 0.6354878372099143 0.7960951135679171 0.003973992380553988 0.01723137855009537
1 0.8137586027946345 0.5714991194164643 0.004672523308483671 0.016794334874460113
1 0.3579473385789066 0.34271304926242613 0.006318145331361522 0.009937662380764432
1 0.4009583190446946 0.8797675833980142 0.00405825000156668 0.013348072591009156
1 0.7359205538374778 0.2086965006441152 0.004725859900316703 0.015868378562612046
1 0.5117216697805445 0.2090741669558285 0.003799652910031838 0.01376512164631623
1 0.8797939098220944 0.04812052054942676 0.00609876819004995 0.011143233181916477
1 0.770621912557268 0.059838210572733024 0.007112557647279713 0.01665649304759905
1 0.8091467734425157 0.12467484633679107 0.003748933102602092 0.016191393021667565
1 0.7480942557606974 0.8060392955266243 0.006552668195866499 0.011399939401175055
1 0.47461163102342746 0.42719082882805687 0.003669794484701514 0.015414632471110988
1 0.8190867133539692 0.7132275248162491 0.0074827446686638 0.007351276753890203
1 0.9588298050134996 0.18478138692969162 0.009274507774025621 0.01093699795629006
1 0.28047829567766397 0.342319272740695 0.003862923326010569 0.01963208771240216
1 0.7368103644348094 0.12739028899175903 0.0053170912547467275 0.011915871391333897
1 0.8120472642671902 0.41941902701252576 0.0038276657750041547 0.017093871946946355
1 0.3590365618836648 0.6541023762390095 0.007899591940877734 0.007459042782676523
1 0.5944241769504767 0.7946116551354951 0.007673510575424832 0.00922234045871789
1 0.620161614817544 0.06325442176791825 0.007788386309559315 0.009438949430694534
1 0.08456879068976599 0.039154741626833585 0.003538363108493027 0.01682748015065511
1 0.20068852502313378 0.425743504564772 0.00813798639336419 0.012683188475779593
1 0.32217585020585415 0.3439706836660686 0.007467565698911956 0.009967214227244035
1 0.9377321088773727 0.7813535564308505 0.007087540327253493 0.011283339983093207
1 0.11926999478784801 0.5011530172687287 0.007628574792631464 0.006706871944624547
1 0.47130177823424596 0.2718474457797453 0.0034614447216761482 0.01550112936799679
1 0.16067945934041028 0.04072003875125651 0.008258386854368886 0.01037705168530748
1 0.9271646338186627 0.7173283109513713 0.004419130851777802 0.016865280904213232
1 0.5535425466360921 0.6430567887210509 0.0037067430289823315 0.01655897130943139
1 0.47271731386491955 0.7984847477743422 0.006027239642016384 0.009440059404596763
1 0.7782424379741086 0.6554522472417638 0.003630935457100671 0.016800933992720958
1 0.5116744232393811 0.573944154806698 0.006170164439487772 0.008245612441918794
1 0.32040188839696954 0.6503976410700122 0.007151154619342171 0.007658187935005257
1 0.0708713949586953 0.9072030757084143 0.006721720963227672 0.021041118164120104
1 0.5921713722440075 0.9543565077026906 0.004307889525373673 0.01535263235889336
1 0.8848450748385686 0.5712200191235154 0.008544096244759334 0.006184019890869484
1 0.07897899566373225 0.42337576200027527 0.003677539435583052 0.01569513598017815
1 0.11220241676431944 0.9837654645453465 0.0046353283974290725 0.018268971661301262
1 0.9643112009506171 0.3428465597602235 0.0058036099549253215 0.015612633998116734
1 0.7453429470064938 0.9522659842102942 0.004184055241284311 0.01837831566408414
1 0.4710592963838334 0.19546751518484853 0.0036619061166099282 0.014790181783958571
1 0.6270498791905214 0.3450103726827738 0.006814461328707904 0.008011477727476592
1 0.9017043771983732 0.8595723609240599 0.006500081581036249 0.013323115715449441
1 0.3986771250007833 0.420628570686635 0.0051740693052761254 0.015278594270760362
1 0.0400576712362803 0.19703150352446716 0.004140446481214932 0.018852651810916547
1 0.8439480210327813 0.11970908191817328 0.007168696434143102 0.010910633410806884
1 0.812110318856262 0.49793868984790535 0.004175727106679594 0.017184006702092577
1 0.6631775343005464 0.49484911169333945 0.004831220663781796 0.014697935414207542
1 0.6917589053598338 0.05608498980921094 0.008457137903957794 0.00933576735308107
1 0.4798802602894967 0.9500108109756851 0.006636478190686084 0.019188805027121916
1 0.027684563758389236 0.8839790056633826 0.007774291331338362 0.013411819361689494
1 0.4311143652255831 0.5690305277067348 0.008082108276569378 0.006675619269381935
1 0.5898407368405829 0.6489003570001559 0.004606791641891322 0.013922183574772205
1 0.7851071130161701 0.8687841225417229 0.0053595439930656545 0.022628320790576906
1 0.7460224112822235 0.8779843651136973 0.004247638219281 0.020210366547792586
1 0.123988265520046 0.269893619618779 0.0073828834192039994 0.011582086342555064
1 0.5559145973341659 0.723825430420148 0.003419844425129934 0.020431254707625558
1 0.12258832846218279 0.04913586812527304 0.004020710314849291 0.015388436882085741
1 0.6721083211948053 0.8815253083333494 0.005367462656227231 0.01601688930749422
1 0.2803282708663629 0.8079220194031972 0.006251802514741955 0.01092408137700252
1 0.6982160757079602 0.2793573096971599 0.0054055438119325295 0.017041614274133136
1 0.8240788403518586 0.9545365667335083 0.007171569073185538 0.00863801405944567
1 0.633092124072641 0.6410107924350636 0.006773902513862369 0.01025269076498553
1 0.547490626439305 0.1256737916500583 0.004240822982981333 0.01958519956661027
1 0.11663149599884692 0.9025637875201996 0.0035058393230521533 0.015471051604721578
1 0.8474363251896919 0.3426506391462247 0.005218295524399438 0.011190459894438206
1 0.12240655176694094 0.42501291262570345 0.009501896142349565 0.008842662658574169
1 0.3942431850650775 0.1961379790179537 0.005268864998945184 0.015947205769956698
1 0.03384499398345875 0.7364821324651445 0.008624450763628609 0.007735005515898697
1 0.7024836102963281 0.345213039434488 0.00834540097280821 0.006065659317911818
1 0.9339736531897924 0.8717218962598952 0.0054055438119325295 0.01983374316650515
1 0.7736328952946162 0.5007538748009404 0.00403044933345847 0.015982530901164468
1 0.5472923371560959 0.26727368570208565 0.004068396937617283 0.016175982539566335
1 0.03658226560911122 0.656002657168702 0.006055279545212479 0.014917384421764683
1 0.583773463781671 0.06174738391435288 0.005361245524067404 0.017267040469501286
1 0.7383968398311289 0.649959232059609 0.004894329419055816 0.018351494306945375
1 0.12401893472355384 0.1248107976104134 0.0043971836196074155 0.018424364240180152
1 0.16032770677480537 0.5794462054741213 0.004575349896707363 0.01765452190666438
1 0.8553906938800233 0.420953511799633 0.007802208026663553 0.009788568880856956
1 0.47140317657208863 0.04942340260332321 0.0061036711049025786 0.015534199073976003
1 0.8916205465237138 0.3397912716337035 0.006942249721898957 0.010554694681668378
1 0.694377286052534 0.11880631390750458 0.006729238291215132 0.010405442072939817
1 0.5832417442643545 0.27358913184159833 0.00746785968030152 0.006818620686080627
1 0.28124105719841996 0.12433907561510432 0.007559474199821654 0.008128183676672063
1 0.7113918570307158 0.8825652174134487 0.006271368430011946 0.012781707467693217
1 0.6618481160966189 0.4247076179323033 0.0068262183578906245 0.010753023599265983
1 0.7733340657454009 0.4224118073190363 0.004912610737780863 0.01534464482580001
1 0.3186652077006791 0.4254040281160268 0.004253585835228933 0.017179372353916644
1 0.7809796371964953 0.7247383395002475 0.005079426455679695 0.01629470918822209
1 0.11736611124688502 0.7312075598138886 0.010078602656573444 0.009755145839430329
1 0.8175463297068774 0.639362709062095 0.007339152496080832 0.010467887698650237
1 0.35835621486170904 0.7267531624942212 0.007275897896966373 0.011453615293099854
1 0.6272939316568561 0.954445086233938 0.004903844866582595 0.016330838976001218
1 0.5102459981177802 0.2717996378382568 0.005138816502176894 0.016174427090774997
1 0.3977611316745938 0.05592087039122375 0.005961641174590662 0.012633920128683114
1 0.27213320875606023 0.8831865963066169 0.007915678294136436 0.012660030020401097
1 0.3955865250649104 0.2668125829717567 0.004148807173876249 0.016471749309717447
1 0.6648463095561322 0.5704914872666086 0.004623195517413256 0.017846796107836457
1 0.36071391557943083 0.5757703848203568 0.004440443071039091 0.015675154150390377
1 0.03825406509970268 0.4298468133640099 0.004454903783762843 0.016124909051579987
1 0.0792155737625536 0.6533633094409375 0.005625526598680995 0.01803298232159361
1 0.3592376630138259 0.8851694895365458 0.004886352722893732 0.013995953255885893
1 0.5508482470909639 0.20199921607033855 0.006060650856399368 0.014628341101870338
1 0.20371310343675128 0.12092775678300738 0.008668642699436237 0.006892222603945316
1 0.039125153219636444 0.5104800512555797 0.01113830643927288 0.008635004955459822
1 0.9739138946658663 0.7766023791024236 0.008315231874120947 0.0225187401593503
1 0.16091609064368637 0.8148305671018196 0.004651879898622893 0.019162098312382796
1 0.398099602413747 0.8073237758574985 0.005284699696284158 0.015513662673418933
1 0.5910911170288381 0.5684720903605119 0.005235556630183835 0.01514596845568316
1 0.6655598373045112 0.6481587243937709 0.005377324365820773 0.011746797135468412
1 0.5182834520630211 0.883145206033598 0.008030729004440988 0.008925881641656187
1 0.8605507964291168 0.7115242672693173 0.006301574411103875 0.01595692840596405
1 0.1967440014130932 0.9715062825896095 0.0038073806515894707 0.020520154852336873
1 0.7749354056120925 0.3453754725191935 0.005787797388837802 0.01209529338631317
1 0.9221188357869287 0.3390439231668711 0.006544662350292475 0.01185683100206622
1 0.24248065108704664 0.7330065588740245 0.004451465169980763 0.017184703885471216
1 0.8855678541079288 0.27346728182449254 0.0062450307883654 0.017075472610178354
1 0.658089829124675 0.19056617535869227 0.006945732348607604 0.010535936667777093
1 0.36367720921090285 0.804101250040293 0.009375769551966968 0.00881047426338038
1 0.08048202605150255 0.3450387310581479 0.010162360634145854 0.0071872027019056015
1 0.3996961701748559 0.6479737330090807 0.003971510783582548 0.018231850527838246
1 0.3534647071648943 0.1279260711616682 0.00546590919857879 0.017071390057385685
1 0.6240270445509273 0.4222520648659681 0.005652738858652671 0.013160841759464779
1 0.5884339419072371 0.7059655966904607 0.005713367673235791 0.0137875872482509
1 0.1168509018740979 0.8112563294143096 0.005364740095292376 0.01994852205299177
1 0.20277060869746855 0.7364660750870542 0.009195892960017688 0.00772085080564771
1 0.15580847365045944 0.5094850900018237 0.007765093360237493 0.00870474460604054
1 0.3559739622961042 0.9556412328775983 0.009116041635595318 0.009624508325804786
1 0.5466915673575805 0.055971319349260654 0.0077356231857050135 0.009370547659714583
1 0.2741890331909796 0.4990367011468658 0.0038040294242976834 0.020906718415594557
1 0.24250676145662323 0.2715371496243352 0.004399244430827568 0.014445009578040022
1 0.6625515581401009 0.27687198401939467 0.00617800708663622 0.010651189446908177
1 0.08057183594574703 0.5775279103740192 0.007077368812768142 0.011404368424675043
1 0.16236196857982566 0.11998692985413936 0.006877756463360883 0.011742833891073197
1 0.12279895731059016 0.3472317950740754 0.009552616881502768 0.007474290779690606
1 0.4364714114891989 0.2053442160703385 0.007876316060724212 0.007938341101870316
1 0.7382601336115292 0.49938333150561215 0.006874755693602219 0.018338496265286875
1 0.5496414521576181 0.5719458783329835 0.006767226887743821 0.019752029306762467
1 0.08005935858284852 0.2698632943603742 0.0053906429745356 0.02008305869435002
1 0.927579196406641 0.6517703380733733 0.009090383589717282 0.008182221428337516
1 0.35886752594900745 0.4950999295180109 0.010013168941402159 0.008845833218816362
1 0.16090106303617643 0.26217197009305554 0.008859594245901213 0.010059914368905727
1 0.2804348519750928 0.4207518826201473 0.0065608476888145235 0.011002671035275436
1 0.3990708886089857 0.49899267515788487 0.009190850090968549 0.008058598736920681
1 0.07563651858953871 0.5021630975556997 0.009684573442962698 0.010127229465321623
1 0.43659737001468985 0.4236039967057693 0.007529564907778539 0.012767705439067065
1 0.24272989397101125 0.8880967471890336 0.006564016359713193 0.013231079258439344
1 0.31726028880940893 0.732607130566265 0.00842116283575321 0.010137030151883462
1 0.15605978595763434 0.3521005241270204 0.009037973877097503 0.008128183676672007
1 0.5500377913896325 0.416701167109877 0.0062590507296061935 0.012901561088891773
1 0.43539994719898 0.27380099768494004 0.0066052169704677215 0.011208904331073261
1 0.4753527111921577 0.8852965001791978 0.012349449079557191 0.010136769377748859
1 0.8095281730008734 0.3496438817181991 0.006969166268363513 0.01742283914352884
1 0.07164711699482179 0.9713651564566341 0.006474845901820836 0.014864492259503856
1 0.7377098066206216 0.27945099244135396 0.009018584797018666 0.010692309161199594
1 0.20068892800117813 0.6535375814024507 0.006257233827759275 0.012405863436440883
1 0.6658253442221848 0.7305097145597004 0.009113845118841517 0.011876701760196576
1 0.4759591860395165 0.6432607926766423 0.005705542512903752 0.01493362792389289
1 0.28719267999862136 0.7291990963723581 0.009442503735871684 0.018225508866579435
1 0.39580709241190887 0.5765566880007463 0.008511980481976544 0.01134565874803305
1 0.8538216063192229 0.5687113176008103 0.008948867007026249 0.011779104776080927
1 0.07062108642755455 0.8155808651800285 0.00906240697967207 0.017275923269030373
1 0.3199098935380025 0.12259349665350354 0.0100150909467925 0.007377973843599627
1 0.19935389206652088 0.052274885222226466 0.010076161958444855 0.00995867623943369
1 0.042053297086854124 0.1251749212488992 0.009446385285311458 0.009575825604378472
1 0.19891758765303286 0.8100957823117997 0.0077110849579205 0.013362743969835602
1 0.585529475311127 0.4982808730731903 0.008677277806544021 0.009182336947375146
1 0.04028782552272485 0.2738088215051226 0.009684573442962698 0.020451104162979558
1 0.32225189096257445 0.5752545770751952 0.00794213305531015 0.010768854781929975
1 0.9622648588441808 0.4225170091196706 0.010939469289398674 0.012823513865326914
1 0.20229004761017008 0.5744366967538691 0.006188238958969124 0.014737367690532832
1 0.5057506513334149 0.04416559187114998 0.00853429805504741 0.01141521393002733
1 0.5104942976629084 0.42195132241290007 0.009668424815998115 0.008178068880856874
1 0.5536110927223836 0.5011138542653139 0.0060353375074562055 0.0160328144254857
1 0.31941520788737526 0.2077375214661927 0.009124515638530667 0.008865318347320067
1 0.19874843210938362 0.49772878436568213 0.0062738909140091625 0.015463953241041115
1 0.238087052141533 0.8090717640570677 0.0063455254927817 0.01753146435743693
1 0.47622703070788347 0.7197558668719488 0.006318709437540905 0.014208581983518008
1 0.6620021184025101 0.12109622590440908 0.008604563989310188 0.013142921383278388
1 0.15719570359926222 0.9026963602755617 0.008750526681664471 0.009904196398654665
1 0.2406331660180851 0.3462504188350659 0.009190850090968513 0.00837670131864124
1 0.23826437150930466 0.5823302632192828 0.005259796409093105 0.015703637396987758
1 0.19610695213081503 0.8831526711487321 0.009050255391791297 0.018241658419327032
1 0.4314322248381419 0.12634405556336495 0.007428104044864047 0.014971141314457263
1 0.5098577953570171 0.1294255972498493 0.009139581490469614 0.009385739781289643
1 0.766461424395725 0.1284709350929522 0.00936415144468694 0.007636412443010067
1 0.08278608949749887 0.1232656023376335 0.009428063119338293 0.008871623083173994
1 0.7002268984736926 0.4292524551381911 0.008306787723820241 0.011869061690643674
1 0.6964203834853997 0.205787439596624 0.008712425951162365 0.011095666927907233
1 0.15787597679623677 0.9779033532433737 0.00676333141787661 0.016420817445169725
1 0.3886006304087631 0.1294635093925089 0.008198656047057157 0.01102755616631251
1 0.16434095779780963 0.19435186998193177 0.007410761594570722 0.014429782534471747
1 0.4392547473873964 0.8087715726567503 0.008511980481976544 0.01685943683118933
1 0.2424632980973896 0.49690851081442744 0.007828298455101659 0.011802790648208147
1 0.9665254586888425 0.6385791337468251 0.009530827247354852 0.021277947766008075
1 0.43468543271148874 0.6463271875914545 0.006266488698387601 0.016647368443375554
1 0.24494137699822657 0.6436763327437831 0.008616421960283007 0.012830137462728992
1 0.7408057292429487 0.41821318980651506 0.00823228336429667 0.014691531027291588
1 0.2771092749745685 0.6494434830090807 0.008721018122685345 0.014019940200955906
1 0.7022132046845517 0.5768668771514636 0.008791378094397263 0.012605880255540823
1 0.44275828616286184 0.9566640812709682 0.007980274586046198 0.016273615439426795
1 0.3202199109840058 0.9561204338526887 0.0067840190971242935 0.014604021234407644
1 0.8528176028603862 0.4917138047940853 0.009629196497207514 0.011147957936096771
1 0.4713722630397595 0.1329704198968059 0.00872601892258156 0.008650594725188797
1 0.776222824497798 0.5765053245416576 0.008523669327395428 0.012558743022084793
1 0.6659487725148013 0.3497863539995802 0.008961822635572459 0.013864364155226907
1 0.2812553160404355 0.5747641112691021 0.0061732172978065415 0.014506675435694413
1 0.23984004553178467 0.049978645864878504 0.009732676280504731 0.011794265912551491
1 0.2389553088794056 0.42587415198305145 0.010248851845585364 0.010725346536711226
1 0.030000814643530792 0.9846292832512629 0.018016155007864444 0.011663761329753683
1 0.47642023995256394 0.5023325550318976 0.00678579786585339 0.01763918577092598
1 0.195451952130815 0.2740127610848146 0.009733606521952619 0.015219633128051148
1 0.19931617800117812 0.1994086222478825 0.009629382697598046 0.01407142384200057
1 0.2404405162709379 0.20765489387673738 0.00842729332389177 0.015392625160641812
1 0.5109390925962543 0.3462222945123113 0.009632341866980035 0.013482619212350187
1 0.6343629633203284 0.5628172768987613 0.0068875788734721055 0.005851609759610929
1 0.9019176932155543 0.7132224157228771 0.0036077628956169188 0.010249904139639337
1 0.8615642590107512 0.8453835460534038 0.002472801310523965 0.00530678954929041
1 0.9013598019750958 0.7807211202406238 0.0028268633372591865 0.00734907580533665
1 0.027494473357186834 0.0773941494807446 0.004183797022128452 0.015270497962979392
1 0.1200046293685259 0.5617533204607821 0.004488241978372288 0.007869725329024108
1 0.957985716956875 0.12112304278183328 0.0028069511183943267 0.011741363335560645
