0 0.423758351590106 0.2517821935610522 0.04142129681978801 0.0833396128778956
0 0.8224694726148409 0.6481084610325872 0.041582054770318115 0.08216607793482536
0 0.6712591375567895 0.055067118472713 0.04140772488642099 0.08191476305457401
0 0.22684250378596668 0.9373773066352571 0.041645633518425054 0.08036415390655685
0 0.3736230723119637 0.2518648262661955 0.041163358152448225 0.08350487828818215
0 0.42461497173144874 0.8426444525912838 0.04092605653710244 0.08230009481743226
0 0.47344563086824837 0.4470321519434629 0.04046773826350335 0.0824476961130742
0 0.47355363086824837 0.25221656026698075 0.04068373826350329 0.08359487946603851
0 0.17842030451792026 0.348141306046329 0.04071239096415952 0.08097538790734196
0 0.9227722825593133 0.6487238111503729 0.04216243488137304 0.08155637769925396
0 0.9229119040888438 0.941698215547703 0.040864191822311824 0.0779635689045936
0 0.03026020835436648 0.3476023226344719 0.04159058329126703 0.08112435473105616
0 0.5228151656991418 0.7449377234000786 0.041402668601716236 0.08258255319984295
0 0.922593159641595 0.5484839480761681 0.041173194598687346 0.08290723655280728
0 0.9223246610297828 0.34753107263447186 0.04284467794043424 0.08098185473105617
0 0.4733873822564361 0.3495436229878288 0.040982235487127684 0.0794857540243424
0 0.32513703470469457 0.4470619019434629 0.04104893059061086 0.08250719611307428
0 0.9703808201665826 0.15152223095798978 0.039890867995961594 0.08096947173144874
0 0.8203456066380617 0.2480280596780526 0.04143578672387684 0.08441988064389476
0 0.5228489129227663 0.3498656063996859 0.04020817415446751 0.07890278720062818
0 0.5227000252397779 0.5473657734589713 0.04085689045936393 0.08312475461327049
0 0.572360072059566 0.25187781026698075 0.041741850328117225 0.0823039126423243
0 0.5224037913932358 0.25199892697290927 0.04089541721352847 0.08254614605418137
0 0.17815680590610802 0.6433703603258735 0.040816388187783964 0.08189187887711036
0 0.17896942882382635 0.7417589230467216 0.04149514235234731 0.0817461539065568
0 0.4245010960373548 0.7434984899882214 0.040382807925290316 0.08093102002355716
0 0.22736046226653206 0.25198056026698074 0.03984207546693592 0.08312287946603845
0 0.820791853861686 0.34827143934040045 0.04106629227662809 0.08184912131919904
0 0.1784356816002019 0.5452836145465254 0.04168963679959618 0.08202777090694931
0 0.12903836446239272 0.5442984393404003 0.039752650176678436 0.08128435414212799
0 0.47287563364462387 0.15384739801727523 0.040589732710752155 0.07825820396544955
0 0.8729019434628974 0.8455106497840595 0.04085689045936393 0.08251128778955635
0 0.029882838213023722 0.5438531305457401 0.04335982079757698 0.08346107067137816
0 0.6212140333165068 0.2515213977228111 0.04196113074204949 0.08220455437769926
0 0.9227140339475012 0.44782765194346297 0.04267693210499753 0.08403869611307425
0 0.9726453090610802 0.2497003434432666 0.04063387910146393 0.08224324676089519
0 0.9224350075719333 0.8448971829603454 0.041487884906612746 0.08251128778955635
0 0.5730450678950024 0.7457581736356498 0.04058786420999496 0.08054265272870055
0 0.7728104492680464 0.7472025912838633 0.04038364462392729 0.08220455437769934
0 0.4742535023977789 0.9405872149587751 0.040505995204442154 0.08064930231645087
0 0.8716491317516406 0.44824286876717695 0.04182173649671879 0.08241526246564579
0 0.5723771949772841 0.3498202396937573 0.04019861004543159 0.07942552061248524
0 0.9724140590610804 0.6475099610325873 0.03985588187783955 0.08096907793482533
0 0.7733864377839474 0.844545152826855 0.04122012443210496 0.08242069434628983
0 0.6216246068904594 0.3488814061641146 0.041835786219081274 0.08061518767177074
0 0.2761272484856133 0.44698340194346287 0.04020250302877335 0.08235019611307415
0 0.5236571601463907 0.9403484151943462 0.04056267970721866 0.08078516961130727
0 0.7225230369762746 0.6478697110325873 0.04139892604745086 0.08168857793482528
0 0.8234477536597677 0.9425917746368278 0.04133013629480057 0.07791028661170014
0 0.8198606108026251 0.052909651648998815 0.04235877839475017 0.08005369670200237
0 0.42402897450782434 0.35021835639968585 0.041016050984351335 0.07960828720062821
0 0.37386069522968196 0.34934713957597163 0.04100760954063608 0.08031972084805651
0 0.1290361467693084 0.3476091727522575 0.04069470646138313 0.07929765449548491
0 0.4732743836446238 0.5463893479583825 0.041387232710752134 0.08301230408323522
0 0.772286690560323 0.649065811150373 0.0402826188793539 0.08224037769925403
0 0.3744799424533064 0.546460198076168 0.040984115093387175 0.08131360384766396
0 0.6723137590863201 0.5480070481939536 0.04193948182735992 0.08256690361209272
0 0.5223845280161534 0.05505864742834707 0.04085689045936393 0.08373822143698469
0 0.9724765590610802 0.5474952312524538 0.03966538465421528 0.08277020337652126
0 0.5225279156991418 0.44854628523753426 0.04082816860171639 0.08608942952493127
0 0.17833480565371024 0.8398360816647035 0.040856890459363956 0.08036415390655675
0 0.1783216802120141 0.25086784344326657 0.04083063957597172 0.0833513131134668
0 0.2763369984856133 0.9383393150765604 0.04062200302877338 0.07860736984687852
0 0.3254314076224129 0.3496226229878288 0.040691184755174095 0.07964375402434243
0 0.5727063351842503 0.44706394778170394 0.04054139323573957 0.08373822143698466
0 0.08068373485613325 0.5441272976050254 0.04084753028773346 0.08400940478994902
0 0.7704145759717315 0.34876117275225754 0.041270848056537086 0.0816016544954849
0 0.42432422311963647 0.6458246440910874 0.04097555376072692 0.08189271181782488
0 0.030778079883897025 0.9340178980172751 0.04104884023220596 0.0760992039654494
0 0.12923776968702677 0.741162072928936 0.04015146062594652 0.08239285414212806
0 0.27652999848561327 0.8410914857675696 0.04100800302877339 0.08164802846486068
0 0.178177057041898 0.9366104731056144 0.04148788490661282 0.08067088731841388
0 0.7712804461130742 0.5481179314880251 0.04079410777385165 0.08340213702394964
0 0.42423547311963655 0.44625693511974873 0.04079805376072691 0.08335112976050249
0 0.32468678748107016 0.25342801050255204 0.04141042503785966 0.08233697899489598
0 0.5225591698637052 0.15357319778170395 0.041521671378091846 0.08016367078916373
0 0.47364020696617865 0.84336351590106 0.04148788490661285 0.08251128778955635
0 0.3747864410651186 0.646132527385159 0.040966117869762744 0.083121945229682
0 0.1290212724634023 0.25030597673733807 0.04098045507319535 0.08284104652532392
0 0.8235285969207471 0.8449748862387122 0.041491822816759234 0.08205322752257545
0 0.67211075908632 0.4490857520612485 0.041848979050984524 0.08348756223007466
0 0.5724440720595659 0.6467979776207302 0.04127885588086835 0.0807720447585394
0 0.08029404341241797 0.3481424224577934 0.04069914184755174 0.08281802120141342
0 0.47340463086824836 0.6471711109148016 0.04038573826350331 0.08213177817039656
0 0.6233797242554265 0.8445420195327836 0.041875551489146845 0.08180096093443258
0 0.971021580010096 0.9405980074597566 0.03991039878849055 0.07760355319984293
0 0.9207786471479051 0.14876570475068707 0.041961130742049386 0.07975068708284254
0 0.8723498233215546 0.6476675991362387 0.04133013629480057 0.08067088731841388
0 0.42488646895507315 0.940272948370632 0.04146905098435134 0.08063423596387882
0 0.7708406988894497 0.4483755020612485 0.041176602221100464 0.08329399587750291
0 0.5735250665068147 0.9407636320180605 0.04091686698637044 0.07916173596387921
0 0.2271557136547198 0.05605448517864154 0.0400635726905603 0.08327602964271692
0 0.622435102725896 0.5477061648998822 0.04156379454820792 0.08135167020023558
0 0.2760859984856133 0.25140794356105217 0.04012000302877335 0.08259111287789557
0 0.9722835689045937 0.4475240478994896 0.03959490156486619 0.08220455437769919
0 0.7214632761231701 0.4489043482528464 0.04211887935386167 0.08251128778955631
0 0.6731072549217568 0.8450095029446407 0.04163349015648673 0.08150899411071855
0 0.6228098499495204 0.6468803609148016 0.04105130010095916 0.08155027817039655
0 0.7235184085058052 0.9415854821358459 0.04181218298838962 0.07896503572830779
0 0.2272368753154972 0.5453720062819002 0.04148788490661282 0.08159108755398511
0 0.12888061585058053 0.6424531311346683 0.040383644623927316 0.08189782096584222
0 0.7702374516658252 0.1496097807224185 0.04123209666834943 0.07959843855516292
0 0.4243540974255426 0.546452464664311 0.04071980514891464 0.08252507067137799
0 0.22730158796062594 0.7423306564585788 0.04003982407874813 0.08166268708284254
0 0.9721255715547702 0.8431662689438555 0.0408563929833418 0.08211679387514723
0 0.6717112604745078 0.3492749061641146 0.04136547905098433 0.08140218767177071
0 0.5231732710752145 0.6465940321947389 0.04085689045936393 0.08159108755398511
0 0.6221887298081776 0.4481163350019631 0.04233303760726902 0.08338912858264619
0 0.3258297576981322 0.9382975068708284 0.041172387682988386 0.07852375343541418
0 0.8232111307420493 0.7465891244601491 0.04148788490661285 0.08220455437769925
0 0.47317838364462383 0.054644251766784446 0.041195232710752094 0.0816824964664311
0 0.32530178748107014 0.6457103105614447 0.04074744169611303 0.08105057793482522
0 0.723425409893993 0.8452316362387122 0.04225718021201418 0.08256672752257563
0 0.6218506082786471 0.05560760188457008 0.042918783442705735 0.08176879623085982
0 0.9729145633518426 0.34737558892815074 0.04054139323573967 0.08128435414212795
0 0.6219487298081777 0.15325821436984688 0.04153754038364466 0.08198757126030622
0 0.3742639424533064 0.44675253523753433 0.04055211509338719 0.08250192952493131
0 0.9224356610297828 0.24776867638398117 0.04306667794043406 0.08328764723203773
0 0.6713108861686018 0.25109896014919514 0.04088022766279654 0.08320007970160977
0 0.6234225138818777 0.9416715744012563 0.04196113074204949 0.07791028661169995
0 0.7227799112821807 0.7461540735178642 0.0415971774356387 0.08317485296427178
0 0.7703097002776375 0.24906775991362387 0.04074559944472489 0.08281848017275226
0 0.972329060449268 0.7450313235178642 0.040316879101464004 0.08092935296427169
0 0.2762767484856133 0.74176728975265 0.04050150302877335 0.08114942049469961
0 0.8724366275870772 0.5481565481939535 0.04150374482584555 0.08286590361209267
0 0.7703693273599193 0.053894651648998815 0.04181134528016161 0.08202369670200234
0 0.17784106145885914 0.05586561847271299 0.04270887708228166 0.083511763054574
0 0.8714280074457345 0.3476834559285434 0.04169498510853111 0.08190008814291319
0 0.030207959742554268 0.44428925147232035 0.04211708051489147 0.08432349705535931
0 0.37433806675921255 0.05592593541421279 0.04038486648157499 0.0793381291715744
0 0.27571362556789497 0.15454653131134666 0.04032174886421005 0.08026993737730663
0 0.12896752107521453 0.44508395170789156 0.040241957849570915 0.08223209658421672
0 0.5733038165068147 0.8440764360031409 0.04047436698637047 0.08393712799371823
0 0.2272804636547198 0.3489027728700432 0.04031307269056032 0.08004445425991363
0 0.2271575907370015 0.6439660605614448 0.041013818525997 0.08124287887711033
0 0.02977008543664816 0.7388571392815076 0.041556829126703686 0.08269072143698479
0 0.5720749477536597 0.5476827981939536 0.040856104492680394 0.08191840361209271
0 0.8695797671630489 0.051599068119356106 0.04241546567390212 0.08049986376128777
0 0.9229221568652196 0.747175140459364 0.04214668626956097 0.08092271908127212
0 0.5721168248359415 0.15339943119356103 0.04188635032811701 0.07981613761287791
0 0.27622674987380114 0.5461953479583823 0.0410325002523978 0.08262430408323516
0 0.42378360297829376 0.15365744778170393 0.04210279404341242 0.08094563761287789
0 0.27622224848561333 0.6449465771495878 0.04039250302877337 0.08136351158225372
0 0.9197532811711258 0.05214468001570474 0.04180338213023731 0.0809776207302709
0 0.6731151306158505 0.7470038069297212 0.04196473876829886 0.08364738614055757
0 0.47364563086824835 0.7444044734000785 0.04086773826350333 0.08151605319984294
0 0.6727428820040383 0.6470988609148016 0.04185123599192327 0.08198727817039654
0 0.37477119106511864 0.8417985858853552 0.040935617869762755 0.0812218282292893
0 0.7206657953054013 0.15140186425206126 0.04147040938919732 0.08011527149587751
0 0.4242380988137304 0.055246101884570076 0.041118802372539114 0.08104579623085982
0 0.3753194355123675 0.7432392399882214 0.03950812897526496 0.08041252002355707
0 0.7222520191822311 0.5479792402826855 0.04148788490661285 0.08312475461327049
0 0.5235610372286723 0.8428237855319984 0.04163242276627953 0.08449916117000396
0 0.3253682847046946 0.742594822928936 0.0418269278142352 0.081577553199843
0 0.37394006953558806 0.15346068119356104 0.040850860928823805 0.07993863761287787
0 0.2271897150429076 0.8397872523557126 0.04076256991418476 0.08026649528857484
0 0.7208770453054013 0.34995368934040044 0.04189290938919734 0.08214628720062819
0 0.3253481603987885 0.546502714664311 0.041786679202423016 0.08262557067137807
0 0.12914214538112065 0.9355273814291323 0.04027570923775871 0.07789123714173543
0 0.12927498738011106 0.05628558107577542 0.04148788490661281 0.08189782096584217
0 0.87098251022211 0.24768732626619547 0.042065979555779925 0.0849653474676089
0 0.1780094329883897 0.1535077978994896 0.041468134023220596 0.07941940420102082
0 0.22708933934881373 0.4458116851197487 0.040246321302372524 0.08246062976050261
0 0.03089445557799091 0.24929212603062426 0.0419125860676426 0.0814268119356105
0 0.3250077860928824 0.05625356870828425 0.041421427814235245 0.08060686258343149
0 0.2268678773157968 0.1540964713755462 0.040118894459963174 0.0787563506819915
0 0.5716153262241291 0.05486100176678445 0.041514347551741486 0.0821159964664311
0 0.3748390653710247 0.9387138150765608 0.04075586925795055 0.0793563698468787
0 0.8219653510853104 0.5480300481939536 0.042151297829379174 0.08261290361209274
0 0.2761462484856133 0.3493366395759717 0.040240503028773335 0.08029872084805653
0 0.030557208354366486 0.8361954851786415 0.04218458329126704 0.08105802964271694
0 0.7202167980817769 0.25010999332548095 0.041834403836446245 0.08367601334903808
0 0.030693704189803127 0.6415165267962308 0.041511083291267035 0.08186501276010993
0 0.08032698624432104 0.9340937978994895 0.0407650275113579 0.07809140420102088
0 0.12881064954568397 0.15313118119356106 0.041505700908632016 0.07927963761287793
0 0.1291613967693084 0.8384351854142127 0.04094520646138314 0.08185662917157445
0 0.0799436161029783 0.44423750147232033 0.04220676779404343 0.08421999705535921
0 0.08043736193841493 0.25005749332548094 0.04130127612317012 0.08357101334903806
0 0.873224872034326 0.7477871570475069 0.041187250378596676 0.08153328543384367
0 0.6714848847804139 0.15305171436984688 0.040597230439172245 0.08157457126030622
0 0.87319974772842 0.9424543156654887 0.04082150454316005 0.07763536866902242
0 0.8199401080262494 0.14875154731056142 0.041255783947501255 0.07910890537887709
0 0.32542303609288237 0.8418697191794268 0.0422519278142352 0.08197756164114652
0 0.6740598182735992 0.9416715744012563 0.041014639071176105 0.07791028661169995
0 0.7737406891721353 0.9422547155477031 0.04098213553760733 0.07846310208087971
0 0.07984136610297829 0.7402817062230075 0.04200226779404342 0.08124558755398513
0 0.3251869090106007 0.15307558107577537 0.041779673649671875 0.07916843737730662
0 0.9683152028016154 0.05439486847271299 0.039861097173144955 0.08179719670200236
0 0.6233570999495204 0.7459461902237926 0.04214580010095921 0.08214561955241449
0 0.8703111386925796 0.14792996378091872 0.04230072261484109 0.08053307243816255
0 0.08077298346794548 0.1528890644876325 0.04039503306410904 0.079408871024735
0 0.8214759753912165 0.4487785020612485 0.040857049217566804 0.08409999587750297
0 0.08102060916203936 0.05577923517864153 0.04120578167592125 0.0827255296427169
0 0.08046086193841494 0.8382635687082842 0.04134827612317013 0.08212686258343144
0 0.031054084048460367 0.05637403494307026 0.04254734023220595 0.08146126187671768
0 0.17846492882382634 0.4461634351197487 0.040486142352347286 0.0831641297605026
0 0.030505209742554263 0.15335653131134666 0.042711580514891455 0.07788993737730661
0 0.7207970425290258 0.054241751766784446 0.04047091494194857 0.08087749646643108
0 0.2756072526501767 0.05649583529642717 0.041055494699646644 0.08231832940714566
0 0.08074485777385158 0.6421624598547311 0.04065427889954567 0.08131647840596794
1 0.36543262582029273 0.7388229787004319 0.004243279404341241 0.008784156458578588
1 0.8188207469712265 0.6367749657440126 0.0032595661282181863 0.010436130545739886
1 0.7636422399040887 0.24791291568511978 0.005085535335689124 0.004763096780526085
1 0.12537843084300856 0.0505607570671378 0.004795889449772847 0.004394779544562244
1 0.07022891544674406 0.4539676424224578 0.0034089030792529102 0.01042455025520223
1 0.22331112619888943 0.05829152542206517 0.003907782937910146 0.013471915783274432
1 0.2696454221352852 0.14327048625834315 0.003679877587077231 0.015898171574401244
1 0.6173256409641595 0.24384811533176284 0.004937309692074621 0.008598429721240721
1 0.07210391379444384 0.5390355964463032 0.0041872899517995015 0.007913921969090786
1 0.033907872917718324 0.6351743855516293 0.0025401350328117063 0.010569956811935535
1 0.7100963557546693 0.6365618158617982 0.0026997670368499728 0.010862430310168708
1 0.6179347541645633 0.9221311853160579 0.0068740555275113024 0.009020903808402122
1 0.6146891520696618 0.3392397775814684 0.00516233190307917 0.01228408833922259
1 0.4134630405098435 0.7363967618767177 0.002831617112569315 0.01056925598743626
1 0.8651554283190307 0.14757906978798585 0.003977381625441519 0.010961805457400874
1 0.035569945229681973 0.9266847196702004 0.0036329515396264548 0.012796638398115215
1 0.02497687645128723 0.14825038672948565 0.004311769560827863 0.008392237926972893
1 0.32213218475517413 0.05072032400863761 0.0034514305906107774 0.010210313898704365
1 0.471037354871277 0.4400090793089909 0.0031549722362442926 0.011962603062426346
1 0.36514812720848056 0.045694973301923826 0.006705259969712226 0.010445546132705145
1 0.3212003187783948 0.6293969817432273 0.00373767642604739 0.013536228896741281
1 0.6157424020696618 0.7471749798782882 0.005264312468450274 0.008643758343148653
1 0.46380007117617356 0.056528791421279936 0.004063159010600766 0.009635781900274833
1 0.17288459969712267 0.052550107773851586 0.0038017243816254264 0.01452581507656065
1 0.6617499480060575 0.54012482008245 0.0031659293286218876 0.01294823969375722
1 0.07224153975265017 0.9292455531998429 0.0047471072690560305 0.010742305457400883
1 0.5656068672387683 0.3350647769925402 0.005207265017667899 0.008364753042795442
1 0.9605140063099444 0.9325706373184136 0.005713532054517754 0.0163614736945426
1 0.3158034694598687 0.9262621527287003 0.004750961130742023 0.008734037691401674
1 0.6166697652700657 0.5444579539654495 0.007826547198384657 0.008576239693757376
1 0.414603780792529 0.9314100200235571 0.005913589348813783 0.00825377228111495
1 0.9154128277385158 0.3452492118178248 0.0050526887935384525 0.008853755398508066
1 0.7642888655981827 0.14177111896348646 0.006947256183745561 0.007854503337259504
1 0.4202460071933367 0.2539000501570475 0.003147561585058004 0.012419766195524169
1 0.9616867535335688 0.5363211198468786 0.003999032054518027 0.016261372398900638
1 0.17522671845027762 0.7256465604632901 0.0035344480060575173 0.010598319984295241
1 0.41640452385159005 0.3469582953474676 0.006413567137809193 0.006662521986650935
1 0.2743265283947501 0.6276636979780134 0.0034670845532559216 0.011481595013741635
1 0.11992758152448259 0.5314409693757363 0.004655185259969688 0.017433137809187153
1 0.46933641771832413 0.3400581608755398 0.005925852094901529 0.007579987632508839
1 0.024279278520949014 0.5343423509030231 0.004704442958101966 0.012908298193953546
1 0.6666696716304896 0.8264302233019237 0.004053387682988532 0.011475046132705261
1 0.5696497234982332 0.9388971544954847 0.00911044699646644 0.012910441696113118
1 0.8185862566885412 0.7457040965842167 0.0037285466935888475 0.01403939222614841
1 0.2672230561585058 0.9452846224970552 0.005054140080767309 0.011177908519827461
1 0.4676952961887936 0.15288993708284254 0.008577100706713735 0.007701672752257563
1 0.9137549575971731 0.14956777002355715 0.006790942958101961 0.006984404986258333
1 0.02394424936900555 0.2411424150961916 0.004799537607269058 0.010329029250098128
1 0.37354009111559816 0.4419853243031016 0.005380696113074228 0.01291784766391836
1 0.8128381518172642 0.045607706713780914 0.008283817516405735 0.010006612485276794
1 0.21827664424533064 0.9299689199057712 0.00861329404341242 0.008068638398115741
1 0.12429743500757193 0.4369190903023164 0.005064897778899535 0.013848313309776155
1 0.07854375643614336 0.634242048684727 0.009179523977788977 0.008753829603455028
1 0.31728295141342755 0.23954271486062031 0.00967942781423525 0.009234161955241453
1 0.5140127205956587 0.35323209628975266 0.004596971731448767 0.011905457989791923
1 0.1815660538869258 0.6515272844522968 0.009470113326602712 0.015285635257165234
1 0.8616229177183241 0.8333946800157047 0.006625441696113045 0.011042402826855202
1 0.17132710247349822 0.3455900785237534 0.005339232710752155 0.010012422457793423
1 0.5681202318273599 0.440956974185316 0.004912994194851044 0.014974547899489623
1 0.5699782221100455 0.7365046617589319 0.007191460878344153 0.00789958892815089
1 0.9595708847804139 0.7373083619945034 0.0069687806663300276 0.01181338987043576
1 0.7194509398031296 0.34575744522968194 0.006706399040888503 0.007837288574793858
1 0.6646509745078244 0.9273203535531999 0.004935809692074551 0.006617636042402668
1 0.5152630879606259 0.049964807420494695 0.003673723119636512 0.015402148017275227
1 0.4690827920242301 0.9318849702591284 0.006117606259464939 0.012211606399685868
1 0.9611157549217568 0.6348832157440125 0.004825532054517672 0.016060031016882605
1 0.5105883615598182 0.7399526623478603 0.004820248107016515 0.01327292422457788
1 0.717188950908632 0.7266626274047898 0.005866924028268475 0.012860453867294926
1 0.6183105485865724 0.14523213437377305 0.008705902826855245 0.013790731252453866
1 0.5619587526501767 0.14602873625834314 0.00903302473498227 0.00854127110325874
1 0.36739651691065117 0.8243460443659207 0.006625441696113045 0.008895268943855505
1 0.9154940686521957 0.8327812131919905 0.0042592125189298505 0.01472320376914017
1 0.9154610791267036 0.5373853366705929 0.0068491693589095345 0.016586806046328957
1 0.7657372357395255 0.8388031083627796 0.007205488137304375 0.013721816254416966
1 0.9183335436648158 0.6415329308990969 0.005836698637052149 0.01687033765213977
1 0.7149517092377586 0.8376621249509225 0.005293451792024127 0.01539031625441694
1 0.9144043277385157 0.4380798237141735 0.009909163806158514 0.010913379662347832
1 0.27174916102978297 0.44071187406753043 0.005151349823321486 0.0130108808402041
1 0.36779811055022715 0.3429632284059678 0.008346232205956535 0.01649305634079306
1 0.02612324659262999 0.33658779416961127 0.003912012619888938 0.013907254220651755
1 0.6162938055275113 0.6406753644483706 0.007827388944977339 0.013928271103258696
1 0.11973119636547196 0.34323468786808004 0.004416961130742056 0.014109736945425992
1 0.8635726810954063 0.6403395830388692 0.006511881625441772 0.01189543148802515
1 0.5154378393488136 0.643660883392226 0.004901706461383323 0.011387499018453163
1 0.7146532092377587 0.15445937073027088 0.00746793791014641 0.011310940518256787
1 0.21943642756183748 0.3469567769925402 0.008219144876325123 0.011738446014919468
1 0.7649161155981827 0.7347954952885748 0.006639247854618751 0.01622565645857864
1 0.27185231865219583 0.04318112141735375 0.006728362695608274 0.012132757165292501
1 0.8153106434881372 0.23936153180212016 0.003969828621908127 0.015117729485669399
1 0.5170619511610297 0.1504801710836278 0.006385941191317507 0.011907737926972898
1 0.2749616402069661 0.8363391249509227 0.009137799848561353 0.008834313898704297
1 0.7665276114336194 0.638048099627012 0.00467824507824324 0.018932265606595874
1 0.8166931351590105 0.933966820376914 0.00783028697627464 0.009274839811543126
1 0.3199478229429581 0.44139302453867296 0.006242668096920667 0.019010181782489154
1 0.2220566057285484 0.15284049373107278 0.009217746861392711 0.011564094277948566
1 0.9651952257698131 0.24346534874361994 0.011179462645128726 0.010590896544954868
1 0.16929649066128216 0.8178037724774244 0.003406009086320034 0.016458611307420372
1 0.8630294366481575 0.4435009747742442 0.004758895507319392 0.01724814860620332
1 0.8174001337708228 0.339267127699254 0.003892311963654598 0.012842854927365562
1 0.7624093725391216 0.34047632793482524 0.008497761736496807 0.01103792127993724
1 0.8145349570923776 0.843056782489203 0.005205704189803128 0.01625687082842554
1 0.715626577486118 0.5377036709854731 0.005205704189803128 0.004907734589713423
