0 0.918454567264008 0.7452883235178641 0.03857495986875311 0.07714908519827249
0 0.3773346794548208 0.45411881625441686 0.0388061585058052 0.07883048684727129
0 0.5745993185259969 0.1559739399293286 0.038648409893992916 0.0763766195524146
0 0.13031138982836948 0.6497279947978013 0.0375662425542655 0.0768166099332548
0 0.8703621331398284 0.35036535639968586 0.038616744825845574 0.07744841990577149
0 0.42666259742554263 0.45348783617981936 0.038080369005552735 0.07695505987436194
0 0.6236099728672387 0.45205011876717693 0.03823458480565368 0.07837389281507635
0 0.6234144756436143 0.7474556736356498 0.03879008202927829 0.07780298449155884
0 0.622870393740535 0.6495079996073811 0.03738642099949518 0.07760355319984293
0 0.6728208792276628 0.25377286062033766 0.03916775542655222 0.07689201099332552
0 0.475375441696113 0.8462774833137023 0.038648409893992916 0.07606988614055746
0 0.47598299406865224 0.6503867110325873 0.03923252019182237 0.07936097605025526
0 0.32784814512872285 0.8471616534157833 0.03826822362443209 0.0753843590498626
0 0.52569724886421 0.35397035728307813 0.03738642099949518 0.07791028661170005
0 0.5747946880363454 0.35326240675304277 0.0390391489146896 0.07833478602277186
0 0.17905705174154468 0.15750458166470357 0.03914641039878851 0.07882443619945034
0 0.9189281735234729 0.5480961814880252 0.03826018349318515 0.07661050196309392
0 0.5248122816759212 0.7474184899882214 0.038455961635537605 0.07711515037298788
0 0.6238758416203937 0.35303018992932855 0.038450825088339156 0.07848381919905768
0 0.6238024700908632 0.05760338564978405 0.03798858480565376 0.07655836140557518
0 0.6729555779909135 0.4519716823714174 0.039752650176678374 0.07699008637612881
0 0.8197476121908126 0.9421153654299176 0.038977808934881404 0.07757093502159407
0 0.4747444472488642 0.7485828916372201 0.03833291267036845 0.07821702002355715
0 0.5255653976527006 0.6482463437377306 0.03680722135285208 0.07508024146054183
0 0.5745204442200909 0.452431782489203 0.039437152953054014 0.07729681978798582
0 0.4754955037859666 0.9456640159010599 0.0392040312973246 0.07853356772673731
0 0.8205452267794043 0.35103107322340005 0.03836455754669359 0.0775529199057715
0 0.7222647841998989 0.4522247360620337 0.037727448258455254 0.07810966058107574
0 0.7222720369762746 0.2539209607381233 0.03805745103483105 0.07657474440518257
0 0.7706785884654215 0.7457068732822929 0.039590392478546274 0.07675925107970163
0 0.6233430943967693 0.5512769984295248 0.038016325088339284 0.07745093443266585
0 0.5255735233467945 0.4539717864153906 0.03776996441191319 0.07853642716921862
0 0.22881545393740535 0.45393571947389083 0.038650594901564896 0.07723735963879072
0 0.574282439424533 0.846596186592069 0.039276640585562864 0.07670729269729094
0 0.771075214538112 0.3510563898704358 0.037859666834931915 0.07576315272870045
0 0.7711282002776375 0.44979620170789164 0.03922762720848049 0.07938726010993334
0 0.8698075143866733 0.1529345644876325 0.039400490661282206 0.07704600372987827
0 0.5745669366481575 0.5515831489006674 0.039530137809187335 0.0768363017275226
0 0.7713907117617365 0.5493595406360424 0.039121655729429654 0.07791028661170005
0 0.5743626956082786 0.6498147330192383 0.038490661282180635 0.07699008637612871
0 0.4261278404846037 0.748832873871221 0.03795734679454823 0.07749005084413034
0 0.968096461130742 0.34869662239890065 0.039423613831398335 0.07656481919905772
0 0.4260152245078243 0.5515731986650962 0.037732114840989386 0.07558946760895176
0 0.47616637115093385 0.15724406507656066 0.038652782685512324 0.0783034030231645
0 0.12951161029782937 0.8471976835492736 0.038175164058556275 0.07852375343541418
0 0.5245930085815245 0.8462774833137023 0.037701918223119635 0.07729681978798592
0 0.42670999495204437 0.9462725755791127 0.03754416961130741 0.07791028661170014
0 0.7218576476527006 0.3522833235178641 0.038175164058556275 0.07760355319984293
0 0.031843821554770314 0.9398252487239889 0.03687037910146391 0.0705368343148803
0 0.3772558051489147 0.8468909501374166 0.038648409893992965 0.07668335296427169
0 0.7216210247349822 0.8452039163722025 0.038648409893992916 0.07699008637612881
0 0.47549737809187276 0.552319532194739 0.0382612882382635 0.076468667844523
0 0.6231489700908632 0.9446439323714172 0.03794357370015149 0.07833380113859434
0 0.5750679366481575 0.25479469414998035 0.03958564613831399 0.07770874440518251
0 0.47616418475517414 0.3541237239890066 0.03833291267036851 0.07821702002355711
0 0.47554650100959117 0.05808518541421279 0.038675031297324684 0.07813542775814683
0 0.9675029611307423 0.7441100901060069 0.03918310550227184 0.07785995249312913
0 0.9680243563856639 0.5478258735767569 0.03991039878849055 0.07484295249312921
0 0.6726528889449773 0.648316727031802 0.039147272084805604 0.07767487534354127
0 0.17936017163048965 0.5524268747546133 0.03880615850580514 0.07668335296427169
0 0.9189685464411913 0.25123484344326663 0.03865642655224641 0.07733717805261091
0 0.5256786532054517 0.25528766097369454 0.037664726905603324 0.0774677444051826
0 0.5247507571933366 0.944738908519827 0.038017415446743995 0.07668335296427169
0 0.7219926598939929 0.7479790071652924 0.03781419409389193 0.07823618472713001
0 0.5740471983846542 0.747969424813506 0.03880615850580509 0.07637661955241458
0 0.7710144516658253 0.15511328131134666 0.039315627208480614 0.07833610325873576
0 0.4265567147905098 0.3541622568708284 0.03786860373548712 0.07706715213977233
0 0.8204144795557798 0.05614556870828425 0.03810306309944481 0.0779369952885748
0 0.6233461041140838 0.846380453180212 0.03770684729934369 0.0762758258735768
0 0.3771769308430086 0.35427709069493524 0.039121655729429605 0.07729681978798587
0 0.5256754184755175 0.05780605212014134 0.03860474911660796 0.07819062799371808
0 0.5738105754669358 0.9438187082842557 0.03959490156486619 0.07852375343541418
0 0.7221001640585563 0.5499828817235964 0.03802920242301866 0.07670310149195132
0 0.6724823321554769 0.5502797408716137 0.039437152953054014 0.07791028661170005
0 0.7218124237758707 0.6481650777385158 0.03808471630489651 0.077371576756969
0 0.0805397320797577 0.6499896115037299 0.03740455249873804 0.07611290969768358
0 0.9190335533821301 0.053661284943070264 0.0384709432104998 0.07603576187671768
0 0.3273072749873801 0.7481000237534353 0.03876396945986877 0.07725128425598744
0 0.1797142989651691 0.7493172737534355 0.03856792150429078 0.07845885060855916
0 0.8205169823321554 0.4500869191205339 0.0392545603230692 0.07874176128778955
0 0.7218576476527006 0.15536047310561443 0.037228672387683 0.0763766195524146
0 0.771460328748107 0.25282176050255206 0.03926088970217074 0.07683021122889679
0 0.3282548909641595 0.5522435653710247 0.03876621807168097 0.07570326737338037
0 0.4756909389197375 0.45319861601884565 0.038332912670368556 0.07821702002355711
0 0.3276438667339727 0.05812598154691795 0.03785966683493187 0.0788304868472713
0 0.8202243580262494 0.8438464194149979 0.03866931171125693 0.07611549293286214
0 0.27795305401312465 0.45319861601884565 0.038490661282180684 0.07699008637612881
0 0.8695970171630489 0.7452544734000786 0.03992598788490663 0.07646791813898712
0 0.5750725643614336 0.05797261484098939 0.038648409893992916 0.07729681978798586
0 0.42677108493185256 0.05861696917942677 0.037981846794548246 0.07797206164114645
0 0.7709963402322059 0.056285581075775415 0.038332912670368556 0.0763766195524146
0 0.030433452801615347 0.35359215675304273 0.03783560827864715 0.07838081919905769
0 0.9680062083543665 0.05292728168994334 0.03955860550227166 0.0776416623478602
0 0.8204721038616859 0.15389218119356105 0.03853380893488136 0.07712083667059286
0 0.3273750820292782 0.6499461890459363 0.038712733467945425 0.0761137074990185
0 0.5251962816759211 0.5517098319591676 0.03827746996466429 0.07770313466823708
0 0.4261578748107016 0.846737583431488 0.037701918223119635 0.07576315272870045
0 0.22871082963149927 0.5521344154888104 0.03844134628975271 0.07671190125638007
0 0.32795152082281676 0.35394015675304275 0.03942146668349322 0.076622951904201
0 0.2783689943210499 0.9456712155477032 0.03900704467440685 0.07854796702002373
0 0.6728701306158504 0.057314285531998424 0.03989725265017664 0.07782056164114644
0 0.7713272127713275 0.6478970611503728 0.0399411494194852 0.07744901040439729
0 0.12986226968702674 0.748907357283078 0.03824548838970218 0.07763901766784444
0 0.8202522281675921 0.7463438898704358 0.0380940575466936 0.07741981743227327
0 0.12927498738011106 0.25566229878288177 0.03896390711761737 0.07760355319984293
0 0.5260267747349823 0.1565984483706321 0.03772997551741548 0.07762563643502157
0 0.2784627387682988 0.847163170003926 0.038248041898031306 0.07600085904986256
0 0.3766248107016658 0.6492012661955241 0.038648409893992916 0.07699008637612881
0 0.9191021749116609 0.4488939357086768 0.03860818626956087 0.07880966175893213
0 0.6729846292276627 0.35320192334118566 0.03886426097930331 0.07821381919905769
0 0.6238054673144876 0.15567614801727522 0.037679082029278076 0.07823490302316452
0 0.1298271075214538 0.5519667746368275 0.038490661282180726 0.07637661955241458
0 0.1791685489651691 0.45419130300353355 0.03905390762241294 0.07897546034550441
0 0.2286464553255931 0.25664374450333727 0.037681603230691606 0.07772604416961133
0 0.32789314651691065 0.4544596862976049 0.038673723624432145 0.0788987601099331
0 0.4261834661786976 0.6506243111503729 0.039015089853609346 0.07799577581468409
0 0.37750755565371025 0.1578249151943463 0.03820541923271077 0.07762470278759327
0 0.1791676732710752 0.3543810566352571 0.039052156234225144 0.07811821849234392
0 0.9680782083543663 0.4486324019434628 0.03844061660777364 0.08012699469964657
0 0.12952851829883896 0.45338695288574793 0.03915547173144876 0.0773667601099333
0 0.8691692685512367 0.9415000153121319 0.03970148510853103 0.0787941020808797
0 0.3774135537607269 0.05812598154691795 0.03801741544674404 0.07576315272870043
0 0.07950530035335689 0.4528918826069886 0.03880615850580514 0.07821702002355706
0 0.27818967693084296 0.5530403415783274 0.038648409893992965 0.07545641931684334
0 0.0796751147147905 0.7488428406949352 0.038830290005047945 0.0787369181389872
0 0.12927498738011106 0.9451990086376129 0.03896390711761737 0.07699008637612871
0 0.030760979303382126 0.45273851590106 0.03754416961130742 0.07729681978798587
0 0.8208491135790004 0.647589527385159 0.039287828369510336 0.078674343345112
0 0.27795305401312465 0.7484295249312917 0.037228672387682946 0.07729681978798592
0 0.3279392694346289 0.15709484825284648 0.03813497501261982 0.07739150255202196
0 0.9187985450530035 0.15274631448763248 0.03800092655224643 0.07666950372987827
0 0.9680602069661786 0.15129678072241853 0.03840461383139829 0.07806470396544954
0 0.3276922722110045 0.944874532489203 0.037956477788995455 0.07634113407930895
0 0.030531828495709235 0.8459235361209264 0.03834785689045936 0.07413505810757758
0 0.3773346794548208 0.5524268747546132 0.038175164058556275 0.07545641931684334
0 0.12935386168601717 0.057819248135060855 0.03785966683493184 0.0763766195524146
0 0.229172962266532 0.9452892990773458 0.03810362266532048 0.07778413407930923
0 0.9186427992175668 0.6463515107970159 0.03800493210499768 0.07865217746368271
0 0.27809186585058054 0.058493752355712594 0.03782179328621906 0.07833909481743227
0 0.17928129732458353 0.05873944837063211 0.03801741544674407 0.07760355319984295
0 0.1797801732710752 0.6504832945622301 0.03743768122160524 0.0771002758146839
0 0.9683393312720848 0.24994090979583827 0.03990935411408389 0.07720317805261093
0 0.3278016153457849 0.25581566548881035 0.038490661282180684 0.07545641931684334
0 0.030595704189803126 0.5519543657243816 0.03847560827864714 0.07635180172752262
0 0.4763219333669864 0.2553555653710247 0.0380174154467441 0.0763766195524146
0 0.9192546679707216 0.34917140616411463 0.03891317238768274 0.07751438672948573
0 0.3772118056537102 0.7490172074008637 0.03950690257445737 0.07785871790341581
0 0.03055320418980313 0.7475632571652924 0.038390608278647154 0.07801815155084421
0 0.07986074318525997 0.5520558989006674 0.038255055275113595 0.07778180172752257
0 0.9677767166834932 0.6451154604436591 0.040046113831398195 0.07802047722811147
0 0.8699648873043916 0.2518096603847663 0.03908424204946996 0.07725987828818215
0 0.8207999809439676 0.5484812650176677 0.037927574204946926 0.07676720219866508
0 0.3775589271832408 0.9450715324892032 0.038623659515396265 0.07796206772673761
0 0.7226562800353358 0.05636556870828425 0.0385104399293286 0.07715006164114643
0 0.030274952801615344 0.25557867756183744 0.03814960272589601 0.07682284393404006
0 0.8697585171630489 0.054991318708284255 0.0389869989904088 0.07562849528857479
0 0.12933314260474507 0.3542887402826855 0.039395714790509864 0.07916051943462893
0 0.08013885916203937 0.8466806865920691 0.03881128722867239 0.0750358922261484
0 0.9184468019939426 0.8432883027090694 0.03855942932862218 0.07622619316843338
0 0.27780836862695607 0.35471439016489986 0.037885793286219126 0.0769444850804868
0 0.2291207039374053 0.7490636232822929 0.037999106007067115 0.0773380828425599
0 0.6730172535335689 0.15601924813506088 0.03892950959111567 0.07830763643502162
0 0.07988573902069661 0.05796125235571259 0.03925153861686017 0.07727409481743225
0 0.6725483806158505 0.8451255029446408 0.040200244321049995 0.07560632587357682
0 0.030524452801615348 0.05867720259128386 0.03738661383139828 0.0762521279937181
0 0.22907047059565874 0.6499589610325872 0.0382141365471983 0.07605160875539842
0 0.6726048820040383 0.747155573517864 0.03968225265017681 0.0765893174322732
0 0.7707009544422008 0.8449718530624263 0.03963512443210492 0.07713942658029063
0 0.42664733632004037 0.1576616817824892 0.037418852347299386 0.07729823596387907
0 0.9184339221352851 0.9415126320180606 0.0391646640585564 0.07881933549273669
0 0.8204529823321556 0.2522544269729093 0.03786457142857143 0.07876287828818215
0 0.3773341785714286 0.2556778943855516 0.03880515673902073 0.07579434393404003
0 0.9677382152953053 0.8416565687082842 0.03996911105502282 0.07664352610914804
0 0.7214561668349319 0.9425436817824892 0.03831869409389209 0.0765871672555948
0 0.4266863363200404 0.25560052767962305 0.03781234957092384 0.0780934778170396
0 0.22833270810196868 0.057940785531998426 0.038000600454315955 0.0778466279937181
0 0.17959679454820798 0.9447389085198272 0.038963907117617345 0.07606988614055746
0 0.6233717187026754 0.2547370768551237 0.03807357370015154 0.07820697663918334
0 0.1287924009338718 0.15712333166470355 0.03926072311963655 0.07744846937573614
0 0.17909805312973245 0.846705203180212 0.0382819215042908 0.07692532587357684
0 0.2775896214033316 0.15724659825284648 0.0383947905098435 0.077695002552022
0 0.030696463907117614 0.6491047779740872 0.03773063604240282 0.0767971099332548
0 0.8700172643866734 0.6475551778563016 0.039504493437657724 0.07737871063996869
0 0.9676299848561332 0.9413648409893992 0.04038364462392719 0.07913722025912841
0 0.07974192327107521 0.2550488319591676 0.03801741544674407 0.07699008637612878
0 0.07963173763250883 0.35431087357675695 0.038428038616860186 0.07797785237534358
0 0.8700480116102978 0.44937893570867693 0.040196982332155476 0.07855272811150381
0 0.22837745949015648 0.3545701733411857 0.038405600454316006 0.07788298508048684
0 0.6727125146390711 0.9439273156654886 0.039582020696617905 0.07690056772673731
0 0.2780319283190308 0.6496613663133097 0.0380174154467441 0.07606988614055755
0 0.22913645254921758 0.15804228190027483 0.037715106007067234 0.07744596937573618
0 0.2288293296314992 0.8471913032979975 0.03867834628975267 0.07789752610914795
0 0.030806198637051998 0.15712118178248918 0.03763460827864715 0.07744416961130741
0 0.1789404302120141 0.25665711120926576 0.039228664563351855 0.07775277758146838
0 0.08008673624432104 0.9437366657832744 0.038707041393235726 0.07467886749116617
0 0.07926867743563856 0.15643404004711425 0.03896390711761737 0.07791028661170005
0 0.8692521428571428 0.843140652237927 0.040182730943967675 0.07715782587357692
0 0.7706144544422009 0.943119748723989 0.039777621655729484 0.07835276796230871
0 0.8698892629984855 0.5486848485473106 0.03987948510853089 0.07778783608166476
0 0.278189676930843 0.2565824990184531 0.037701918223119635 0.07760355319984295
1 0.08294748422513881 0.46161799430702777 0.009521487884906626 0.023956787200628226
1 0.5213070629732457 0.14714710355319982 0.0035746675921253814 0.00691800333725951
1 0.3286144139323574 0.9548367066156263 0.003106861181221581 0.011704678641539148
1 0.3794823064109036 0.7597392482332155 0.005485160020191872 0.01050776187671766
1 0.23208358732963147 0.04403873989006674 0.0040307051993942414 0.010077212014134269
1 0.6806007404088844 0.05179459118570867 0.003639508581524353 0.013582980957989783
1 0.22840784565875819 0.6582491185708677 0.00759622185764763 0.01043050255202191
1 0.031680837582029275 0.8451574258932076 0.008571691822311973 0.012055584020416078
1 0.7713218392226149 0.44843085865724375 0.0029772200908630402 0.013523049077345866
1 0.09132550733666664 0.02520014840900572 0.007818442340241306 0.013199502075905123
1 0.7718172079757697 0.1511922534354142 0.007034438162544327 0.006189305457400854
1 0.5784563019939424 0.5481304711425206 0.009796128975264955 0.00859280722418533
1 0.37774857029278136 0.2521496170985472 0.004220173902069746 0.018374499607381255
1 0.8729281380615849 0.15103510355319985 0.00641530388692593 0.0083440056929721
1 0.2333539505300353 0.8586747274244209 0.007484426047450806 0.005878852964271609
1 0.08372735853104493 0.15606453778955634 0.008592733720343254 0.017302608755398487
1 0.6270058493185259 0.3593505305261091 0.003875731953558922 0.013164859638790745
1 0.8235758560070671 0.7476623134079309 0.005422745330641021 0.010736425402434295
1 0.28473722980817767 0.5505194385551628 0.004730487380111065 0.016084208873184142
1 0.8740210095911155 0.25515168345111894 0.007069035840484616 0.006235698665096261
1 0.03159508897021706 0.5512337880840203 0.007165702927814231 0.009134308402041607
1 0.9234841701161028 0.6362401493914408 0.003738373548712762 0.01580003101688248
1 0.6770392515143866 0.3466545619356105 0.006345525239777925 0.007269988810365113
1 0.5266737879858656 0.6516826179819396 0.0045146148409893425 0.013748034550451432
1 0.5281667768803635 0.8435362256576364 0.008154078748106842 0.011003716725559541
1 0.6204177486118122 0.9519605899096977 0.006009530540131079 0.016229978405967748
1 0.769848337834427 0.5407910700824499 0.009394692327107634 0.0073214719277582396
1 0.772520956587582 0.047237273655280715 0.007204427057041787 0.00981481272084806
1 0.038673929959616354 0.7510463803494307 0.010044871024734978 0.009489492932862139
1 0.48215123510853103 0.5492467714958774 0.004905000757193331 0.01494874204946988
1 0.9660322243816253 0.8467313761287789 0.00887447097425544 0.007680749901845294
1 0.8694694047198385 0.05191060777385159 0.006076334427056906 0.014577881429132305
1 0.37879193210499745 0.6526835848056536 0.007181405855628447 0.014813435021593947
1 0.8207156143361938 0.8433452256576364 0.008303753659767819 0.011999183549273576
1 0.42647460512367485 0.8509333269532783 0.004572243563856608 0.017067386140557497
1 0.4239153648409894 0.6530511517471534 0.004642768551236744 0.018986035728307763
1 0.9216152971983848 0.4536002093639576 0.005898633266027227 0.014840217314487505
1 0.7266506578748106 0.8470272931880644 0.004611354618879407 0.018131318610129434
1 0.33111426741544675 0.4598173100706714 0.009780551489146866 0.01038108460934427
1 0.8742531352852095 0.35212521299568117 0.005973790005047874 0.015346158225363213
1 0.08256874394245331 0.652784535041225 0.0042845212014134175 0.018905802316450584
1 0.6735827681726402 0.8522311438947782 0.0037935752145379807 0.01815255319984289
1 0.9681548459111561 0.5440110712603062 0.006206714033316375 0.022352808402041603
1 0.3826067953054013 0.45218855889281506 0.007754607269055975 0.01030191637220263
1 0.8265124650429077 0.9460063724970555 0.0064904661786975735 0.017096010404397195
1 0.38008492932862187 0.8513727600117784 0.008065880868248344 0.01128078543384387
1 0.576600817264008 0.8478936764821358 0.00593516506814739 0.016398552021986625
1 0.9202961798334176 0.05206204083235178 0.0075903763250881945 0.00814034707499019
1 0.17747519623927308 0.9482948055555557 0.008817906360424033 0.00883834334511155
1 0.5228973046441191 0.2603520513349038 0.004811145381120545 0.01607936808009421
1 0.6778748716557295 0.6463813839811543 0.006251771075214459 0.01453503337259517
1 0.03604406675921252 0.4497171418335297 0.009625647400302879 0.011563949548488345
1 0.972114076476527 0.0536266243619945 0.007753169611307393 0.008078514134275615
1 0.5300713997980817 0.5578930226737338 0.004344832912670325 0.01606024440518262
1 0.6273848423775871 0.6534686013937966 0.007850204189802971 0.012629935021594027
1 0.8708376463907117 0.9351866213191989 0.007756812216052517 0.019718041224970524
1 0.7280539009338718 0.5520647051433057 0.0068528240787479435 0.014220609344326698
1 0.27724801173649666 0.8525937606007067 0.005827045683998021 0.017427319787985753
1 0.6746667570671379 0.4488645251276011 0.008882033568904595 0.008974915194346294
1 0.570991593639576 0.06172239271692187 0.0039027289247854924 0.017652584020416157
1 0.6217012472236244 0.745469813407931 0.004073527763755586 0.016348359049862437
1 0.6783833702675417 0.14984777061248525 0.006181265522463214 0.01685333981154301
1 0.32672291670873294 0.049398857184923435 0.007520850075719362 0.010399380251276007
1 0.9662853556284704 0.4460464250098154 0.005528733467945252 0.01522458225363173
1 0.4243862363705199 0.1467160863761288 0.007171494952044455 0.009620438162544159
1 0.47539338440181717 0.755069864350216 0.008009293791014675 0.011871460934432636
1 0.9168700680212014 0.8435655923635649 0.007817158253407541 0.011558450137416482
1 0.7255861620393741 0.343472678641539 0.005162860171630561 0.017314556340793114
1 0.13218777460878345 0.1576828215547703 0.004743582534073708 0.018360308990969753
1 0.3285594042150429 0.6481065006870828 0.009842322311963666 0.012925200431880748
1 0.4250094849823321 0.3550553137023949 0.006555992175668887 0.021141826462504877
1 0.13087457458354365 0.7456956777581468 0.01155985083291269 0.016003644483706343
1 0.918576313856638 0.9417254388496271 0.005982152700656229 0.02136360993325464
1 0.6254083507067139 0.8544697606007067 0.007701723624432028 0.015515720259128408
1 0.13150089752650176 0.26661380192383194 0.008956811711256993 0.012757869257950588
1 0.7692789704694598 0.7491437138790734 0.005800968702675391 0.016975626815861844
1 0.03040208897021706 0.1491060200235571 0.010498194598687536 0.00974830545740082
1 0.08041087518929833 0.3589337805261091 0.007969264260474519 0.01461182646250488
1 0.7195069411913175 0.7457659135257165 0.005647904593639501 0.01943695975657632
1 0.9671872229934375 0.6475261511582253 0.006564473750630993 0.02083403455045148
1 0.9687538403584048 0.23648134815469177 0.008163697375063146 0.013516494895956003
1 0.8207018726653205 0.054455475068708285 0.00517626476526993 0.018690149195131515
1 0.5746338242049469 0.16259675520219866 0.007660670620898457 0.011599775814683915
1 0.576816067264008 0.7560564478798586 0.006766653962645006 0.014806028464860689
1 0.1357253808682483 0.9501643559089122 0.007764281171125705 0.010620444051825828
1 0.08443485853104492 0.8501645271888496 0.006231242049469975 0.022285786611700033
1 0.5288680282685513 0.4535385926580291 0.004858592629984822 0.01680385119748716
1 0.3786169293286219 0.3444530785237534 0.010686383644623883 0.011059488810365151
1 0.9713952035588087 0.7430291131723595 0.007928926552246196 0.01877589222614833
1 0.1359168836446239 0.5607422732626618 0.004541800605754658 0.02079067923046719
1 0.7256644050984351 0.6426545498625834 0.010369826855123623 0.009105898311739283
1 0.8678539878849065 0.843056782489203 0.005521201413427487 0.018097271299568122
1 0.6759240084553255 0.25595301756968974 0.0047900446744069064 0.01874276737338048
1 0.8238093490661282 0.4437104244208873 0.008741725896012095 0.009467647428346973
1 0.6721668349318525 0.9464259422850413 0.008518425037859701 0.01012220259128386
1 0.2300862130237254 0.5429140374950923 0.00865644825845536 0.015958340400471036
1 0.3243570535083291 0.5493514385551629 0.005311637556789504 0.020874076168040722
1 0.2286753456587582 0.4565185932469572 0.007692216304896502 0.018818918727915128
1 0.3282934056032307 0.35476627993718096 0.008165838970217061 0.014971758932076954
1 0.5773646915699142 0.9426864554377697 0.0044074164563352065 0.018214643109540733
1 0.18038553760726903 0.0615000490773459 0.008360676426047446 0.008895268943855518
1 0.08010149810701667 0.2588003510993325 0.008588018425037853 0.01672890125638007
1 0.821545112948006 0.5343919196113074 0.007906745330640976 0.015212038280329724
1 0.37931717655224634 0.5534136553788771 0.010863375315497185 0.013976576168040919
1 0.47706637607269053 0.2579098007459756 0.00908027158001009 0.011148400078523775
1 0.72912477385159 0.1554020046132705 0.0059730671378091975 0.018014208284255963
1 0.28190735966683494 0.26214931792304663 0.006604260979303384 0.009417500785237534
1 0.4270893440181726 0.7576489312917157 0.009337213023725408 0.009167194346289776
1 0.3338096389449773 0.7491377808205733 0.0050208028773346715 0.020054827051432886
1 0.2783319978546189 0.15766203778955637 0.010284515143866711 0.009199874165685079
1 0.9673907188288743 0.34756176217118173 0.008681459868753093 0.010363322928935985
1 0.08088499255426553 0.7484288803494306 0.010806996214033315 0.014111026109148087
1 0.0368058098182736 0.9396433713191987 0.011257133518425036 0.010804541224970678
1 0.28186961521958603 0.4568586767766 0.00573325820292782 0.02243301943462889
1 0.13664849823321554 0.3588126804083235 0.009704013124684505 0.013627093050647835
1 0.6268079708480566 0.15005945367098547 0.007110963907117451 0.013362639575971736
1 0.9215118027511358 0.5456319213780918 0.004843633266027122 0.02095150863761298
1 0.4277904641595154 0.9371752042599135 0.010774447753659797 0.011446607577542246
1 0.5265242838213023 0.7466196131723595 0.00891508707723371 0.009141024931291713
1 0.18297717402826855 0.4616506276010993 0.006332375820292745 0.025731921083627735
1 0.13169651766784451 0.6558230682175107 0.010774051993942432 0.009147935021594044
1 0.5248516720090863 0.05378359177463682 0.005950366229177258 0.020033915783274445
1 0.7211834286976274 0.043797956713780915 0.007973879606259462 0.01301264566156262
1 0.03173508480565371 0.35582902993718096 0.010356180716809691 0.011619325284648546
1 0.9225466673397273 0.7414342127012171 0.009083848561332632 0.012763690812720736
1 0.5744837026754165 0.45421500971731454 0.006383427561837505 0.020358751668629733
1 0.18156955249873802 0.3594827307616804 0.008201127208480534 0.01780819375736156
1 0.82400497614841 0.34751451217118173 0.008350471731448803 0.01291169022379273
1 0.23170682900050474 0.2587356508637613 0.009832177435638606 0.01133710031409501
1 0.07839575088339222 0.5595096393796624 0.011684015648662298 0.0116000773458971
1 0.9172554423271074 0.3498834795838241 0.007677404088844192 0.019829625049077333
1 0.27972774924280663 0.056610642127993716 0.004338040131246856 0.020514483313702387
1 0.7653092343513377 0.2519228167451904 0.007114999242806671 0.013306898900667422
1 0.12806340863200402 0.8466038761287789 0.011099331145885927 0.012843484491558735
1 0.4783726653205451 0.054138447192775815 0.00836067642604742 0.01073566941499804
1 0.17800719901564865 0.7552132316450725 0.005229923018677418 0.020173261876717714
1 0.18114868096920747 0.5559823893796623 0.008096378596668353 0.021721911464467978
1 0.43093745583038867 0.058995092363564976 0.005111458859161999 0.01881291696113073
1 0.5282545268803635 0.3651743812328229 0.008925070418980344 0.008265293286219055
1 0.921611295810197 0.15092282037691399 0.00906160827864722 0.011635906164114645
1 0.27661388326602726 0.3586513468786808 0.00930378319030797 0.010268959167648164
1 0.4776006232963149 0.6557627021005105 0.0092737660272589 0.018470669611307302
1 0.17900831360424027 0.8596213613074204 0.00859114664310953 0.016254921672555944
1 0.9252279090106006 0.2554431840400471 0.0062453430085814225 0.016081633490380783
1 0.2780138006057547 0.7571218459952885 0.0108483987884907 0.014317308009422842
1 0.3313058958859162 0.25537338427561834 0.004980333417465893 0.020515500785237586
1 0.7218320474507823 0.4461050583038868 0.009516117112569385 0.01510731566548884
1 0.5804746762998485 0.25282731733411856 0.005443883139828236 0.023153767373380447
1 0.8205533685007572 0.1536142042599136 0.007681753659767716 0.013614740282685512
1 0.23362532483594142 0.7492200142324302 0.006941677435638585 0.02234422752257566
1 0.33080577296819785 0.16298637249705533 0.00534958480565376 0.021249477228111522
1 0.48050524204947 0.3510979464075383 0.004726517415446705 0.01924109187279151
1 0.37394432862190813 0.054917758244994105 0.010251171125694063 0.014084781900274826
1 0.529576891468955 0.9472356059089123 0.010381805148914732 0.0158644772281114
1 0.23071625605754667 0.9540973707302708 0.009640487884906611 0.02178425853945814
1 0.27972624646643107 0.9518805733215548 0.007496017920242234 0.018843878877110143
1 0.8725830026501766 0.7477879301138595 0.01278452473498228 0.012325592461719577
1 0.42973546554770314 0.5523199557322339 0.005306958859162033 0.021685176874754474
1 0.9726539438414942 0.1492043037887711 0.010459401564866003 0.016913339811543006
1 0.18162166708732963 0.6471855338633686 0.012513859162039382 0.010472866313309816
1 0.12669816418475516 0.055499108362779735 0.010674847804139326 0.01598941578327443
1 0.47963323510853095 0.8514031598939927 0.010887492428066687 0.009379585198272483
1 0.13464788225643615 0.460266943953671 0.009919278394750134 0.01991075284648601
1 0.5739683240787481 0.3518232234000785 0.009938162544169618 0.012269336474283458
1 0.3783454793033821 0.9439292528464859 0.00864704139323571 0.02046549430702783
1 0.17979080249873802 0.16019197143698466 0.012074124432104988 0.00904774146054183
1 0.6274451034830894 0.5556475755791127 0.011515648662291815 0.013189536709854701
1 0.6272064680716809 0.0465706243619945 0.005682975012619806 0.02219051413427562
1 0.6239730277637556 0.45353919042010205 0.010565944472488655 0.015097619159795843
1 0.6750851842503786 0.5492061739301138 0.007098687531549785 0.02239153906556732
1 0.23090733455325588 0.16120507214369842 0.008276194093891956 0.02113127699254025
1 0.37619424596163553 0.15580921908127207 0.011916508076728961 0.013473561837455812
1 0.3284461458859162 0.8512553435414213 0.01322381120646138 0.015196419316843209
1 0.47926973510853105 0.9463371722614842 0.01224548687531554 0.012140143109540504
1 0.030955084805653715 0.25355363427561833 0.011285186269560826 0.02660886808009419
1 0.4765834302120141 0.1583506361405575 0.012354139575971803 0.01242172771888497
1 0.03707230843008581 0.06676779318806439 0.009777644623927311 0.016150318610129572
1 0.7198040599444725 0.257646484393404 0.008208639323573914 0.017809701020808845
1 0.4300360843008581 0.4552440434825284 0.008176190812720816 0.026889219670200165
1 0.7719363225643615 0.35347609687868076 0.01215966178697617 0.021846392815076547
1 0.23346794548207978 0.3571910581075775 0.0028394750126198836 0.005827934825284665
1 0.28095027763755676 0.6464406654888103 0.004732458354366489 0.007668335296427149
1 0.43286219081272087 0.2628705339615234 0.005994447248864177 0.006134668237141729
1 0.7706808430085814 0.6357049960738124 0.0042592125189298505 0.00705486847271302
1 0.6740598182735992 0.7421414899882214 0.004416961130742131 0.01012220259128386
1 0.7700498485613325 0.8554794856694149 0.0033127208480565732 0.007361601884570135
1 0.7274577233720342 0.9560880447585395 0.0036282180716809315 0.0055212014134276505
1 0.9752807925290258 0.9387576069886141 0.0048902069661786686 0.01012220259128386
1 0.08045823039124383 0.06345556679321013 0.007515742607342827 0.006651719520924396
