0 0.32359591317516406 0.0583737523557126 0.0385976819787986 0.07687216117000394
0 0.27422400681474 0.7421189734000785 0.03765800858152458 0.0744911859049862
0 0.3228325340737001 0.15674077345897133 0.038963907117617325 0.07361601884570082
0 0.5220474156991419 0.4509071359442481 0.03860517970721854 0.07608792716921862
0 0.4719049722362443 0.5488994405182568 0.03896390711761742 0.07453621908127209
0 0.6219643555022716 0.7446365569297212 0.03936031120646147 0.0758455520219867
0 0.9205579193589096 0.844386902237927 0.038364702927814215 0.08026379269729093
0 0.47227263503281164 0.6462489942088732 0.03875274103987881 0.07783367746368292
0 0.17601881145885914 0.2527464773262662 0.038117885411408384 0.07545271122889678
0 0.07792781423523472 0.5435316058107578 0.03722867238768299 0.07484295249312921
0 0.0783282404088844 0.34846313957597175 0.037714027511357905 0.07487091990577152
0 0.4720463989146896 0.9405713156654888 0.039562257698132285 0.07509630231645086
0 0.4721415951539626 0.4502846486062033 0.03849066128218073 0.07484295249312915
0 0.7695454558303887 0.2531162107381233 0.03795512165572938 0.07680564487632506
0 0.8690492657748611 0.25243874391440907 0.03946147955577989 0.07606417805261088
0 0.5223845280161534 0.6470541323125244 0.038648409893992916 0.07699008637612881
0 0.6208196617869762 0.4501312819002748 0.038648409893992916 0.07760355319984293
0 0.8189354892730942 0.25336294414998034 0.03830005477031792 0.0766856448763251
0 0.6217307270318022 0.6473398277385158 0.03857755704189815 0.07817494405182579
0 0.472025014891469 0.06013276953278367 0.0385729979808178 0.07548246093443266
0 0.8688720213276123 0.15474813142913232 0.039422487884906585 0.07637886984687871
0 0.7706019687026754 0.7459756576364349 0.0388061585058052 0.07545641931684334
0 0.22471289752650175 0.44875098154691795 0.03896390711761737 0.07606988614055751
0 0.7710856961130742 0.8444123358853552 0.03882712165572956 0.0784742595210051
0 0.12702240232205955 0.4469283355908913 0.03761370923775873 0.07610539517078942
0 0.5223056537102473 0.8427500490773459 0.038490661282180635 0.07760355319984293
0 0.6209774103987884 0.35243669022379265 0.03927940434124184 0.07484295249312915
0 0.6708856431095406 0.4502635524146053 0.03845225542655218 0.07602769375736153
0 0.968875578495709 0.2514531935610522 0.038457870772337185 0.07470654416961128
0 0.32300779164563354 0.937861214958775 0.03962991948510859 0.07519730231645066
0 0.2742827582029278 0.059285686003140936 0.038406505805148886 0.07624216117000392
0 0.5717598435133769 0.9418249411071846 0.03927940434124173 0.07576315272870045
0 0.8202927814235234 0.5490528072241853 0.03754416961130746 0.07606988614055746
0 0.028552498738011103 0.6404593639575972 0.03817516405855628 0.07852375343541418
0 0.4218986622917718 0.9395244405182568 0.04022589601211506 0.07545641931684323
0 0.5220690307925289 0.940751374165685 0.03896390711761737 0.07545641931684344
0 0.07834661471479051 0.2520872439144091 0.03711978167592127 0.07597464487632512
0 0.9701470757193335 0.6461401109148017 0.03879238465421488 0.07700244405182567
0 0.9196744068652196 0.5478258735767569 0.039437152953054014 0.07668335296427169
0 0.4221777314487632 0.4506625192383196 0.03826005653710237 0.07682562740479011
0 0.7705230943967692 0.4502846486062033 0.038648409893992916 0.07606988614055755
0 0.02973561332660273 0.44537691401649 0.038017415446744064 0.07484295249312921
0 0.6225827270318021 0.8432574857675696 0.03965056259464907 0.0780049597565765
0 0.9693254569661787 0.5480406483117393 0.03809563881877835 0.07649943561052217
0 0.9699929500252399 0.8433262861209265 0.03816863604240309 0.07691562681586174
0 0.5223056537102473 0.5487460738123282 0.03975265017667847 0.07545641931684334
0 0.9691180743311458 0.4492596691205339 0.03768087354871292 0.07647379446407533
0 0.6210758555022716 0.2552193943855516 0.039160797324583586 0.07610427758146834
0 0.819188541140838 0.3509030231645073 0.037544169611307354 0.07484295249312915
0 0.6714173889449772 0.6471550943266587 0.03856925542655227 0.07841894405182565
0 0.6708259717314488 0.7449020906949351 0.03707092377587072 0.07269581861012961
0 0.27434350403836444 0.44870183559089116 0.03758150580514891 0.0784254615233608
0 0.5719644449772842 0.6475786944444444 0.039057612821807294 0.07681227699254034
0 0.1761263250883392 0.057819248135060855 0.03833291267036851 0.0763766195524146
0 0.7202801615345785 0.3522833235178641 0.038175164058556275 0.07453621908127209
0 0.4719049722362443 0.8418298488417745 0.03927940434124178 0.07944395367098551
0 0.8681771442453305 0.05658328553199843 0.03803273372034316 0.07758549528857478
0 0.9696069500252398 0.7442747068119355 0.03771213326602744 0.07573531861012966
0 0.7197549279404342 0.45072086935610517 0.0380711885411408 0.07632886081664707
0 0.22447627460878344 0.7416813898704357 0.03849066128218073 0.07422948566941498
0 0.3727761966178698 0.6459577442088731 0.03789212064613834 0.07725117746368276
0 0.8201273524734982 0.4503098693561052 0.03847530060575457 0.07673379446407536
0 0.9191222867238767 0.25213486454652534 0.038648409893992916 0.07545641931684335
0 0.9202461679707219 0.6465791109148018 0.039003189045936484 0.0772669772281115
0 0.02971420557799091 0.2505356603847663 0.038921091620393734 0.07655227875932459
0 0.6699176417213528 0.05935583588535531 0.039040230439172166 0.07699592775814681
0 0.5222340372286723 0.05957430270906949 0.038031931095406334 0.076819394581861
0 0.029972236244321045 0.15398017275225756 0.03880615850580515 0.07668335296427166
0 0.8708490116102978 0.9422766486062034 0.038013015648662316 0.07666656772673756
0 0.7210411709994953 0.7448810403415782 0.03843519409389212 0.07510758519827249
0 0.27337834427057045 0.9376840400471143 0.03785966683493187 0.07422948566941517
0 0.4713921405855628 0.2545039275618374 0.03888473548712774 0.07712721122889668
0 0.2243347275365976 0.8388869354142127 0.03883856158505789 0.07601199411071856
0 0.8179265522463401 0.05751251472320377 0.038175164058556275 0.0763766195524146
0 0.4719637648914689 0.7446642903415783 0.038765995204442204 0.07528755202198667
0 0.22471289752650175 0.5459854731056144 0.0380174154467441 0.07729681978798582
0 0.1269876325088339 0.25198149784059676 0.03817516405855629 0.07514968590498625
0 0.6208967325845532 0.15691156507656065 0.039433545936395725 0.07579800255202196
0 0.771182071807168 0.9423943322536318 0.03933537026754154 0.07567500137416595
0 0.22431852599697122 0.6432199646643109 0.038175164058556275 0.07791028661170005
0 0.9193589096415952 0.3504429230467216 0.03849066128218073 0.07453621908127209
0 0.9180070478293791 0.056873902237926974 0.03831091544674418 0.07632632822928936
0 0.3232141673397274 0.44959030241460546 0.03909617920242303 0.07713506105221832
0 0.2740200040383644 0.3508034067530428 0.03819649469964662 0.07464371967020024
0 0.32340691595153964 0.6457093609148017 0.039166179202423025 0.07798134452296818
0 0.9195966679707219 0.44935078582646254 0.03896617794043422 0.07665602787593255
0 0.7702864714790509 0.5492061739301138 0.038175164058556275 0.07514968590498622
0 0.12676252940434124 0.34928670651747146 0.03867144952044422 0.07406418649391434
0 0.870299091367996 0.5482859736945426 0.038175164058556275 0.07576315272870045
0 0.12764765232205957 0.05791635247349823 0.037602220343261 0.07718429505300353
0 0.1753360642352347 0.7410912399882214 0.03769888263503281 0.07427611955241462
0 0.22463402322059564 0.35013618963486454 0.03785966683493187 0.07453621908127209
0 0.9666834931852599 0.05628558107577542 0.037544169611307354 0.07514968590498626
0 0.670332140333165 0.15582573154691792 0.03797624432104994 0.07608020278759323
0 0.8704781345280161 0.6469983443266588 0.03884874760222122 0.07687851040439724
0 0.2743248359414437 0.5472124067530427 0.03849066128218073 0.07606988614055755
0 0.47179076072690557 0.1571050319002748 0.03873548409893992 0.07495800255202201
0 0.86973726022211 0.4495161857086769 0.03894448510853101 0.0769868276403612
0 0.820452853861686 0.6480806612681587 0.038179811711256964 0.07720274381625458
0 0.5711288490661282 0.1568941401648999 0.038332912670368556 0.07699008637612878
0 0.4219775365976779 0.5490528072241853 0.03880615850580514 0.07422948566941498
0 0.27383600681474 0.2540264109736945 0.0378285002523978 0.07617217805261091
0 0.5223056537102473 0.7447487239890066 0.039437152953054014 0.07484295249312921
0 0.920315416582534 0.7452530071652924 0.03851069182231188 0.0752380520219867
0 0.07721794548207975 0.7389207891637221 0.03707092377587077 0.07361601884570085
0 0.6714585146390711 0.9425003156654885 0.03865150681474014 0.07650043502159379
0 0.17565307925290255 0.6427598645465252 0.03801741544674407 0.07760355319984293
0 0.5715232205956587 0.4505913820180604 0.03817516405855638 0.07484295249312915
0 0.8708216345280162 0.8453034863564978 0.03858925593134787 0.07902962681586187
0 0.37263907231196364 0.44997076923831947 0.03793336925795059 0.07666906105221817
0 0.721595291140838 0.8441807695327836 0.03859694270570435 0.0767841931684335
0 0.3233146659515396 0.2542751609736945 0.03898167920242303 0.07605621122889672
0 0.621563352725896 0.5498959154888103 0.038242808430085824 0.07530223537495098
0 0.22508547337203433 0.25281901050255196 0.03813157269056031 0.07621124440518257
0 0.6701161029782937 0.2539752650176679 0.038175164058556275 0.07606988614055751
0 0.918516797829379 0.1541181480172752 0.038383923775870694 0.0751189030231645
0 0.7702864714790509 0.6478209658421672 0.038490661282180635 0.07668335296427169
0 0.1261988894497728 0.739227522575579 0.03785966683493184 0.07300255202198672
0 0.27419288112064616 0.6444926606792304 0.03854224886420999 0.07677487769925406
0 0.5219112821807168 0.15750760698861405 0.03833291267036845 0.07576315272870045
0 0.7698704530540131 0.3510118066352571 0.03860511610297834 0.07628745308205727
0 0.5724715665068147 0.5499574154888104 0.03817887253912165 0.07603870219866514
0 0.7191759212518929 0.05843271495877502 0.037544169611307354 0.0763766195524146
0 0.17549533064109032 0.5450652728700432 0.03707092377587077 0.07606988614055755
0 0.37282258480565367 0.7439116066941499 0.03830039424533064 0.0750091183745583
0 0.9688919737506309 0.35013618963486454 0.037228672387683 0.07576315272870039
0 0.7687089853609287 0.05812598154691795 0.039121655729429654 0.07514968590498626
0 0.17574981284704694 0.3498951733411857 0.037895385411408376 0.07405418649391438
0 0.9692541972488643 0.9411940153121318 0.037637622160525144 0.07511476796230848
0 0.12656290509843512 0.6420530771495877 0.03764120646138314 0.07803037887711027
0 0.5217487913932357 0.25447667756183745 0.03926991998990427 0.07645924440518256
0 0.42207798283695097 0.059286819297212405 0.03995354265522459 0.07563096093443265
0 0.6711025090863201 0.5495306820769532 0.03825499293286216 0.07579870219866515
0 0.8210026501766784 0.7453621908127208 0.03864840989399301 0.07422948566941498
0 0.1269087582029278 0.5449119061641146 0.03801741544674406 0.07576315272870045
0 0.7201224129227662 0.25366853160581077 0.03849066128218073 0.07668335296427169
0 0.8707142588339222 0.7456540071652924 0.03805900731953551 0.07542658519827238
0 0.22523434628975264 0.15633119837063209 0.03842931852599702 0.07402380231645068
0 0.6222008638313982 0.9427166823714171 0.03983332786471487 0.07509276796230836
0 0.17557420494699646 0.44737068119356094 0.03691317516405854 0.07637661955241458
0 0.028522335436648154 0.931781214369847 0.03779934023220596 0.07530663761287787
0 0.22392710323069157 0.9365172149587749 0.038969804644119095 0.07557663643502167
0 0.029301835436648153 0.5426900144287397 0.03841184856133265 0.07561363702394974
0 0.3232535416456335 0.35126127345897135 0.0388594305906108 0.074332519434629
0 0.921093536723877 0.9433621491951314 0.03880494321049984 0.0720894338437379
0 0.6705893488137304 0.3522833235178641 0.038175164058556275 0.07514968590498622
0 0.3715768551236749 0.9390643404004709 0.037701918223119635 0.07637661955241448
0 0.5217171670873296 0.3523352734589713 0.03857567693084302 0.07402665213977233
0 0.3725233467945482 0.3515164899882214 0.03801741544674404 0.07545641931684334
0 0.720674533064109 0.6472074990184531 0.038648409893992916 0.07791028661170005
0 0.42228235436648154 0.3526410068708284 0.03910029681978797 0.07463811896348647
0 0.5712865976779403 0.05965964860620337 0.03864840989399301 0.0763766195524146
0 0.27421950681474 0.15647106507656064 0.037649008581524514 0.07614393619945033
0 0.32291140837960625 0.7421414899882214 0.038175164058556275 0.07514968590498622
0 0.42181978798586567 0.7438285237534353 0.03849066128218073 0.07484295249312921
0 0.8691948510853104 0.35059628975265017 0.03912165572942956 0.07668335296427169
0 0.4220731085310449 0.15710916519434626 0.038997302372539115 0.07619320278759321
0 0.37260222110045427 0.05873944837063211 0.038175164058556275 0.07699008637612878
0 0.42245078243311457 0.6469007656065959 0.039437152953054014 0.07791028661169995
0 0.8211888510853104 0.9419441154299173 0.03902081171125695 0.07661496819787987
0 0.07690244825845531 0.9335431389870434 0.037701918223119635 0.07453621908127218
0 0.7200450439172136 0.15674979848841772 0.038335923271075246 0.07608793619945033
0 0.32328366733972735 0.5476463817235964 0.03891968197879859 0.07571090243423631
0 0.12740915093387178 0.15529209825284646 0.03807170923775873 0.07439946937573613
0 0.37276994800605756 0.5485949818413821 0.03787962342251388 0.07576770219866515
0 0.1260605321807168 0.83642610188457 0.038529443967693096 0.0772249952885748
0 0.3720969507824331 0.8410742357675697 0.038111115093387174 0.07793272752257567
0 0.42181978798586567 0.2538218983117393 0.03880615850580514 0.0763766195524146
0 0.02831587582029278 0.834314880251276 0.03801741544674407 0.07668335296427169
0 0.029668331272084805 0.3470763226344719 0.039144840232205956 0.07393768649391437
0 0.5716533220595659 0.2543673108559089 0.03843536698637057 0.07685397781703966
0 0.17601881423523474 0.15576369837063211 0.03717139929328623 0.07595613643502161
0 0.8209349781675921 0.8443330195327837 0.03914406032306914 0.07892909363957606
0 0.07745456839979808 0.8364620141342756 0.03785966683493185 0.07668335296427169
0 0.47182609793033825 0.3525900569297212 0.03849066128218073 0.07453621908127209
0 0.5717655720595658 0.35232404004711426 0.03897536420999492 0.07461765213977228
0 0.12612001514386673 0.9344633392226147 0.037701918223119635 0.07330928543384374
0 0.9679592111307422 0.15498694837063212 0.038202622160525224 0.07317570278759326
0 0.3724376993942453 0.15690129848841775 0.038161617869762764 0.075164002552022
0 0.6712992175668855 0.8438236160188456 0.03738642099949518 0.07975068708284253
0 0.1749432104997476 0.8378423144876325 0.038175164058556275 0.07699008637612871
0 0.07893598763250884 0.15499846495877503 0.037667533064109054 0.07565260325873581
0 0.720674533064109 0.5492061739301138 0.038648409893992916 0.07514968590498622
0 0.7213644196113074 0.9436797990773458 0.03908169131751649 0.07579206772673726
0 0.37258169800605756 0.25419042756183746 0.03750312342251385 0.0746598107577542
0 0.8193418608026249 0.15605234825284647 0.03785080893488139 0.07469303572830781
0 0.6207876110550227 0.059150219179426776 0.03889980565371027 0.07719816117000393
0 0.32304604442200907 0.8410665858853552 0.03970642503785966 0.078530894581861
0 0.572006453306411 0.745339840106007 0.0388261322564362 0.07663865155084407
0 0.0782446161029783 0.4462107354731056 0.0375467788995457 0.07467019493521793
0 0.7698122072185763 0.15602911484098939 0.039119618879353724 0.07587350255202199
0 0.5726274608783444 0.8424433156654887 0.039437152953054014 0.07883048684727138
0 0.4216620393740535 0.8412163820180605 0.039437152953053965 0.07883048684727129
0 0.17510095911155982 0.9350768060463289 0.03754416961130741 0.07514968590498622
0 0.2251861433619384 0.058892815076560655 0.038648409893992916 0.07545641931684334
0 0.02885733682483594 0.7377966226933647 0.037207354114083796 0.07443502002355708
0 0.27373113667339727 0.840235885649784 0.03824975441696112 0.07748296093443278
0 0.07765312026754165 0.6420124438555163 0.037310278899545676 0.0773356454652533
0 0.07915748624432105 0.05735461906164113 0.0374795358404846 0.07667429505300352
0 0.03002982988389702 0.057413219179426773 0.03860584856133265 0.0743376279937181
1 0.4276915995709238 0.2437240152139772 0.004977729681978766 0.00639276266195532
1 0.27225865825340734 0.8258361901256379 0.005394344270570477 0.011436178837848409
1 0.375731094851494 0.9250504944326022 0.0032732064797764944 0.007608187922919482
1 0.42772084957092377 0.7342149787004317 0.004288235234729904 0.016159755987436242
1 0.4737086441191317 0.34388384511189635 0.007592807672892527 0.009744088339222627
1 0.03362132925290257 0.5167335173733804 0.0037442168096920737 0.014334300157047508
1 0.42420923498233215 0.4373390405378877 0.007525497728420051 0.014848813309776165
1 0.47909886913175165 0.2434610655673341 0.004068793791014664 0.013053330192383169
1 0.38141467238768295 0.5399102033765213 0.00666838364462394 0.010310138987043594
1 0.6764012542907621 0.2498088493325481 0.006044033568904439 0.004652030427954479
1 0.7266537849570923 0.8344800580094228 0.003343111559818165 0.013779381429132265
1 0.08259273422513881 0.338376127699254 0.010230987884906614 0.010944053985080495
1 0.5755700769813225 0.8294480574204947 0.0035796845027764083 0.014027913427561697
1 0.8269723379606259 0.8312242908323517 0.005570720343261014 0.01108891342756192
1 0.32969315282685513 0.8302209904789948 0.008521316759212536 0.008187779544562327
1 0.5260916203937405 0.8381490478994895 0.00978041393235744 0.009508735767569634
1 0.27591527006562344 0.9275080034354141 0.004391065118626969 0.018511672752257426
1 0.8752218755678949 0.3457493119356105 0.008137773346794473 0.009080488810365099
1 0.0299094688288743 0.6299674651550843 0.008959457092377582 0.013622195720455544
1 0.17607920734477536 0.5358253532587358 0.004668945229681982 0.01725290557518634
1 0.9250037777637556 0.9405178215547703 0.008902086067642756 0.008442173930113877
1 0.42840059818273596 0.8418063423635649 0.004506224129227628 0.01630388378484494
1 0.5750123172640081 0.43403978994895953 0.007850176173649612 0.009791444837063215
1 0.18194317958101966 0.44125834089124455 0.00492989525492177 0.008850613074204983
1 0.3751330800100959 0.8303278074204945 0.006927176678445233 0.0159492143698469
1 0.03055734591115598 0.8291245236552807 0.007663702927814236 0.007313379073419569
1 0.9228664173397273 0.6408757998625833 0.0074978568904595835 0.013276865135453538
1 0.22847783871781926 0.8263124567137808 0.007771732963149905 0.008643245190420146
1 0.8779063616860171 0.9279159199057716 0.006239270570418906 0.013401572045543769
1 0.8739641297324583 0.24511641568511974 0.009075778899545587 0.010356096780526118
1 0.7728979524230187 0.04664437377306635 0.007712424280666243 0.01345447978013349
1 0.9269292763755678 0.43859012406753045 0.005682083291267149 0.013573579897919075
1 0.575175698510853 0.24383643227326265 0.005945927561837497 0.012916063604240295
1 0.980544154972236 0.9385365217903414 0.007298868248359724 0.014858640753827935
1 0.6219284888944977 0.929956003435414 0.007720508329126829 0.011161805457401048
1 0.4289625926299848 0.5369732199646642 0.006852704694598748 0.01373023851590105
1 0.33133564033316504 0.6372627826855124 0.009337805653710214 0.01436823125245369
1 0.42969920860676425 0.6391249995092264 0.009165439424533111 0.011870731252453895
1 0.4241697377587077 0.9359331876717706 0.005711508833922301 0.016384508048684607
1 0.32849978685007575 0.3410308782881822 0.005229098687531522 0.017290422457793417
1 0.980476418854114 0.33915614487632506 0.004279368248359511 0.01858602198665101
1 0.7247872932862192 0.24717091627404789 0.0051831115598181396 0.011768297016097346
1 0.6282872055779908 0.7380415954063604 0.010462438919737492 0.010346923046721714
1 0.3273911680969207 0.7327346285826463 0.003975866733972718 0.01789352257557909
1 0.47149165106007057 0.9332482202591283 0.008871821554770369 0.0070312391048291305
1 0.22488461509338717 0.7344501119945033 0.007386246845027803 0.016916423046721658
1 0.1284799114083796 0.7263471439929329 0.009004336698637034 0.011651020219866304
1 0.7721167079757697 0.14791180319984293 0.006435438162544216 0.012136739104829214
1 0.0802441279656739 0.6349368158617982 0.00514778647147904 0.015952830781311413
1 0.6826903425037859 0.44247120759717307 0.010502707218576494 0.00887874695720445
1 0.7794358909641594 0.8384557813113466 0.0053634528016153074 0.018097271299568122
1 0.4273830981827359 0.14865065331762856 0.0074877158001010104 0.011272505692972137
1 0.9245317819283189 0.34477991205339614 0.008899586067642774 0.015313556340793096
1 0.6748072542907622 0.8328323240086376 0.009863028016153562 0.007872847074990079
1 0.8243763504543159 0.05036570730270907 0.008554214790509869 0.007238746368276402
1 0.9736105709237758 0.24192636592069097 0.0057066723876829425 0.02041699725166864
1 0.5300706414689551 0.5428094705535924 0.009078807925290176 0.011873206517471441
1 0.5741013200403835 0.9391164210836278 0.011880651186269782 0.009404574401256404
1 0.5238541706208986 0.34641709570082446 0.00889186067642608 0.01510652316450726
1 0.5254321692327107 0.7468205971731449 0.005420366229177124 0.021621860227718948
1 0.527143910903584 0.9397568049666274 0.005151855123674766 0.01793927581468403
1 0.36909497930338214 0.6366916328032979 0.00796097526501767 0.01673746466431098
1 0.829561955325593 0.9419502220259129 0.004808446744068716 0.016006308990969564
1 0.6267730979303382 0.5471973384373773 0.004656731953558843 0.023955342756183776
1 0.42654984957092373 0.33934534452296816 0.008838715800100922 0.012072954456223002
1 0.5733859568399797 0.3455743954652532 0.005423946996466355 0.015564989988221435
1 0.8751596200151439 0.5404925369061641 0.010155267794043356 0.010372405575186544
1 0.17755519762746086 0.7230940438751472 0.006449423018677436 0.017543753631723606
1 0.3257510410146391 0.5400309202002355 0.00914910424028267 0.011909105810757954
1 0.47385714689550734 0.6337686659795838 0.004771824331145881 0.020129531016882554
1 0.7256436143361938 0.43985571260306244 0.007571933366986424 0.015950137416568526
1 0.6780753730439172 0.7408197796427168 0.005535271075214609 0.01951375834314886
1 0.725964287733468 0.1533600046132705 0.005353100454315905 0.021484741460541835
1 0.9291393235739523 0.24047899489595603 0.00820292781423514 0.015336670592854347
1 0.8786493658505804 0.4439825583038869 0.005384256688541151 0.019965782489202923
1 0.7243076648157496 0.934375604142128 0.008035351842503908 0.014591940518256604
1 0.2772586332660273 0.5315734024342362 0.007698785966683478 0.011033603455045239
1 0.08281411130742049 0.8295307570671377 0.009788233720343252 0.0077278458971339085
1 0.039555923018677434 0.9133035680212013 0.011435857142857143 0.013793335100118043
1 0.1777374392983342 0.83285697447978 0.011448392478546156 0.014571681193561127
1 0.8747369970974255 0.14481323625834314 0.011316010853104581 0.013426138398115399
1 0.47748174899040885 0.44194865783274434 0.0076185312973245396 0.011150780133490417
1 0.4789846205199394 0.7393001457597173 0.006505771580010032 0.012737556929721153
1 0.7255645391216556 0.050413007656065954 0.006152597677940414 0.015119214369846867
1 0.131547527385159 0.6287525818610129 0.004131093639575972 0.017892362779740857
1 0.924128156234225 0.5411671038476639 0.01033783190307917 0.011477138987043585
1 0.2784291193841494 0.7376478288182176 0.01198325542655222 0.008680588928150712
1 0.3777246890459364 0.7403002624656458 0.00900039475012616 0.012577723989006707
1 0.22920873296314995 0.24262612877895565 0.007256436143361913 0.010428936003140925
1 0.5255351692327106 0.24305533274440516 0.005214366229177207 0.021839864546525273
1 0.1297725357142857 0.923312769434629 0.005472596415951538 0.014632804279544349
1 0.08215648977788995 0.2391954316843345 0.008264001766784457 0.011155661955241461
1 0.623974730565371 0.8327541913034943 0.008675980565370927 0.01784458166470346
1 0.5761556901817264 0.5460588710247349 0.008718402574457279 0.01273600745975667
1 0.9749269396769307 0.6390265836277973 0.005282415446744031 0.020042631723596414
1 0.5223011831145886 0.14762943708284254 0.004741399545683781 0.020676540047114254
1 0.27888624646643106 0.15301948743619945 0.009807012367491146 0.011736839811542967
1 0.9735468167592125 0.1467669364939144 0.008358158505805185 0.01197260522182961
1 0.27832400340737 0.3436142118178249 0.007461029025744535 0.013964155869650509
1 0.0295138445229682 0.7260649941107183 0.010066202927814231 0.014669187279151981
1 0.8743587512619888 0.750269080585002 0.008917530287733452 0.01349795975657633
1 0.1790994434628975 0.3427762284059678 0.005569411913175136 0.015640122693364726
1 0.07934413074204948 0.9284386373184138 0.00600128924785462 0.0246254736945425
1 0.03165084591115599 0.05018269130349431 0.0045302112569409365 0.022327982135846098
1 0.824228343513377 0.2504935163918335 0.0113742064613833 0.010644298193953676
1 0.8230137330893488 0.6430024669218688 0.005915996718828811 0.016385132901452555
1 0.826993586572438 0.7379054958775029 0.007421206461383179 0.016140323517864194
1 0.5720100839222614 0.6364642329210836 0.00849119005552745 0.02025959854731053
1 0.030479100075719336 0.3378789446407538 0.004665222362443206 0.01868655516293681
1 0.22905296580010095 0.63309506527287 0.008514462140333124 0.009207395956026647
1 0.2291059699646643 0.921635202493129 0.0077774593639575885 0.014920604043973402
1 0.625144223624432 0.43794349077345895 0.008860972236244281 0.01609378013349034
1 0.9759930528773346 0.5453855209069494 0.010091127965673609 0.009788439929328577
1 0.8244227261484098 0.4467662751276011 0.008776960625946474 0.017465682960345428
1 0.22913809288238263 0.3405293611111111 0.009290699646643091 0.009091454456223008
1 0.6724818980312973 0.34211181193561047 0.0037868349318525164 0.020036289752650184
1 0.8246768449015648 0.5317356192579504 0.009215214790509865 0.012549570278759444
1 0.37828193488137307 0.3510357959363957 0.009778886420999403 0.012003790930506507
1 0.032284336193841495 0.43744197418531605 0.0045252195860676385 0.020164147428347056
1 0.5244741650681474 0.44339794100903024 0.010806844018172614 0.009479147428347002
1 0.7714627051993942 0.2466745495681193 0.009320929833417323 0.01705529819395367
1 0.27689726590106006 0.24590018286219084 0.004635554013124629 0.019217498429524926
1 0.67362776817264 0.05044507459756576 0.004650066885411417 0.019962815076560655
1 0.726632149545684 0.7363867618767177 0.011273812973245815 0.009362322340007839
1 0.5267226148409894 0.048923979191205336 0.006940938919737505 0.01441647035728308
1 0.9235875347046946 0.1450782196702002 0.009526091620393475 0.012896171574401273
1 0.6264368451539626 0.6328509657440123 0.009430701413427604 0.018897597369454386
1 0.37545132862190805 0.4443263083038869 0.005028690560323109 0.019278282489202946
1 0.5752909485108532 0.14954975402434234 0.00476893589096414 0.02113017393011386
1 0.3260945354618879 0.243626832155477 0.010986093134780411 0.007814062426384025
1 0.13164164752650176 0.047649740478994895 0.008990808934881375 0.014511080486847275
1 0.9780799285714287 0.4437409084216725 0.004970884906612736 0.02044908225363177
1 0.9233189173397274 0.7389003294071457 0.006277359666835025 0.017831457400863608
1 0.12926391002019183 0.5311452193757361 0.006805345027763744 0.016797704161758926
1 0.9240330347046946 0.047874940714566154 0.009897080514891497 0.015287613663133099
1 0.6270520923775871 0.3425318451118963 0.008515704189803179 0.016128889281507637
1 0.771617075340737 0.5428606038476638 0.01090517289247858 0.009317072634472012
1 0.7736288211761737 0.3583232135846093 0.009405659010600686 0.01276562622693373
1 0.6281824639071176 0.14914553720062818 0.007516950025239716 0.018871273458971327
1 0.8758119984856132 0.046842190714566155 0.008535013629480049 0.014285779544562227
1 0.8776622373801111 0.8380041918924225 0.00862050252397779 0.01470618237141726
1 0.37690506612821806 0.1519231373184138 0.009693148914689483 0.015769940518256753
1 0.7761586857647652 0.6426318668040832 0.008447393740535094 0.014058999018453101
1 0.08080149255426552 0.4348728900667451 0.010027504543160022 0.011806045543777078
1 0.7246154162039373 0.3441358954652532 0.007419849066128238 0.016601589517078942
1 0.27716375340737004 0.634927099038084 0.011043517920242251 0.012904930310168754
1 0.9765756771832408 0.8352649916568512 0.008925879353861684 0.014663381429132174
1 0.9739231841241797 0.05263222447978013 0.012337882130237126 0.01190771436984687
1 0.5802146749116607 0.05051014095013741 0.00754137203432614 0.013698014134275627
1 0.927023399293286 0.8412678423635649 0.006440329126703911 0.017380883784845085
1 0.08149124810701665 0.7253095610522183 0.006124015648662289 0.019247387514723137
1 0.1806985538869258 0.1554957712014134 0.008996632761231714 0.016599741460541835
1 0.12943273599192326 0.1456983706321162 0.008676173649671881 0.01656360424028268
1 0.8777597332155477 0.6417495664507263 0.010949488642099985 0.010302398311739402
1 0.6729590112317012 0.6366223496270121 0.010720039121655641 0.019329898311739292
1 0.4779061205199393 0.8378229916568511 0.009293766027259055 0.010774315076560705
1 0.9751218098182737 0.7366428122300746 0.008678641847551408 0.013757956223007363
1 0.6756643799848561 0.9284994702591282 0.005940296062594744 0.018369139575971576
1 0.7761583045179201 0.9390504548488418 0.010656636799596188 0.015057708284255886
1 0.1804716865219586 0.6237679977424421 0.00692638970217061 0.0168191281900274
1 0.4774054962140334 0.1537606373184138 0.011557003533568835 0.012094940518256757
1 0.13022378293791015 0.2381164820376914 0.004570101968702669 0.02067516313309772
1 0.37827318210499744 0.04954587377306635 0.010742883644623901 0.008878413427561842
1 0.2275586012115093 0.5332327193757361 0.008032721857647626 0.013236170985473014
1 0.3270510340737002 0.9320749868472712 0.010019587582029236 0.008764239104829288
1 0.623122611812216 0.2441174002748331 0.006909748611812257 0.034438933254809574
1 0.8283180837960625 0.3448273119356105 0.007927184250378616 0.013991822928936068
1 0.3248202965673902 0.14297856978798584 0.007540123674911671 0.01586853769140162
1 0.13286413919737505 0.8359444916568511 0.009700797829379125 0.016985182371417353
1 0.3243080396264513 0.4433543077149587 0.013612593134780429 0.011406814487632576
1 0.4751225156486622 0.5419821376128778 0.005080561837455885 0.020889474283470752
1 0.7769971774356385 0.4450028746564585 0.011502868753155074 0.009950081075775477
1 0.27875961938414945 0.4424194410090302 0.011006758202927815 0.009595746957204554
1 0.676229124432105 0.5458710546721633 0.007650282180716772 0.0180193747546132
1 0.4273520155224634 0.04783667177071064 0.00948696895507319 0.01592265645857872
1 0.03579218828874306 0.14096261896348644 0.011706890459363952 0.010698436984687889
1 0.22667652410398786 0.14688460119748722 0.009763951792024246 0.01464179760502551
1 0.4808966431095406 0.04217584413034942 0.005836698637051946 0.01687033765213977
1 0.3261440368500757 0.0484340070671378 0.010887090358404907 0.009875213191990577
1 0.2301269519182231 0.4356383568904594 0.012360937152953026 0.01456937966234781
1 0.2800102409136799 0.05392465812720848 0.009767504038364449 0.01484404848841775
1 0.0813327855880868 0.14890173449155866 0.00838742882382634 0.0192895310168826
1 0.7786647906360424 0.7346419283470749 0.01006062569409382 0.009784655280722513
1 0.08110886686017163 0.5345214361994504 0.010359247602221101 0.010658737338044627
1 0.5254606259464917 0.6358583627797407 0.009464916708732878 0.02392520612485279
1 0.03202320633518425 0.2352510478013349 0.010726429328621905 0.01168282783667059
1 0.12968640585562843 0.3391210945229682 0.00879982836951034 0.012521454456222977
1 0.12883515724381625 0.4362267407734589 0.008293845027763754 0.021367680604632885
1 0.6733488813730439 0.15098483755398506 0.011517784957092252 0.020100407341970924
1 0.17827392958101967 0.053102808598350995 0.014792373043917171 0.02630321672555949
1 0.17940293235739524 0.23822913191990572 0.010641384149419508 0.017382529250098224
1 0.17683619384149418 0.9266416372202589 0.004101463907117621 0.009202002355712618
1 0.5806726400807672 0.7369270219866508 0.005047955577990848 0.008895268943855604
1 0.8239998738011106 0.1383367687475461 0.002997223624432012 0.011655869650569306
1 0.7261957344775366 0.5263545347467609 0.004574709742554209 0.01165586965056933
