0 0.7720116415343915 0.35706502160493825 0.03674815079365083 0.0743409485596708
0 0.033369191696113076 0.3574793072241853 0.0386591304896517 0.07633965096191596
0 0.4779301114336194 0.55346429937181 0.037763302120141465 0.07446393443266587
0 0.8683862433862433 0.06655092592592592 0.03703703703703708 0.0739454732510288
0 0.033254947248864214 0.6534947453867295 0.03906163604240284 0.07637504240282686
0 0.032934820166582536 0.1610583488417746 0.03873687910146391 0.07734343502159399
0 0.28166014639071174 0.16103504122497053 0.03801741544674404 0.07729681978798585
0 0.13242995961635537 0.3585713584609344 0.03833291267036851 0.07484295249312915
0 0.08304410083291265 0.3586505909893992 0.039573814992428055 0.07561488437377302
0 0.47812398435133757 0.6503031446800157 0.036889059061080226 0.07612650922654109
0 0.42981520090863196 0.25838179485669416 0.0383911287228672 0.07568094346289755
0 0.7229142103174603 0.846395836419753 0.037098261904761946 0.07435031481481481
0 0.9172293033821303 0.06518085001963093 0.03612443210499744 0.07392275225755791
0 0.5767574283190308 0.846838436592069 0.037601176678445314 0.07596485904986257
0 0.8213830410052909 0.6492024537037037 0.03694597619047611 0.0754110802469138
0 0.6738217486772486 0.8450975761316872 0.03613556084656082 0.07625482304526768
0 0.03257508833922261 0.5544206419316843 0.0383329126703685 0.07514968590498632
0 0.4294613266027259 0.3561110904004711 0.03831437455830391 0.07667055143305854
0 0.3314447597173144 0.16028798213584608 0.03915150832912662 0.0770296352571653
0 0.47821185865724375 0.847549936592069 0.03801129934376581 0.07493399175500591
0 0.47856098435133765 0.06377839863795931 0.036816567390206854 0.07482345975657637
0 0.47738586698637053 0.7494272909305064 0.036043818778394764 0.07622501766784465
0 0.18286166216557292 0.6518095451511582 0.038552703432609775 0.07668544287396933
0 0.5271728934881372 0.7487995741067923 0.03749823523472985 0.07558305084413043
0 0.18274966355376074 0.45530848665096185 0.038328706208985354 0.07568862622693359
0 0.08281510360928823 0.8489077701217117 0.038484826097930344 0.07826312563800553
0 0.5264370261231701 0.4540596531213191 0.03697299217566885 0.07625829328621897
0 0.33071751665825344 0.35696544051825674 0.037381524987380135 0.075925384373773
0 0.6744322645502645 0.25893369958847734 0.038017968253968346 0.07612357201646093
0 0.42868185259969704 0.8485779839026304 0.03833291267036851 0.07392275225755786
0 0.8701769722222222 0.45431733024691345 0.03731161640211655 0.07658733539094648
0 0.13278925441696116 0.2598890448566942 0.039051502271580066 0.07746850981546921
0 0.4279719838465421 0.7496564585787199 0.03754416961130741 0.07361601884570085
0 0.03303870141342756 0.7506352909305064 0.03894464159515396 0.07741408402041619
0 0.032811711256940934 0.9467326756968981 0.03817516405855629 0.07208235178641548
0 0.7718458597883596 0.2599312098765432 0.03773933862433866 0.0749035720164609
0 0.9665404639071178 0.8444046196505692 0.03599612216052504 0.0735510924617197
0 0.5274182705704189 0.8471731700039262 0.037042497728419985 0.07540739222614846
0 0.033154193084300856 0.4560173699450334 0.03886012771327612 0.07587945916764828
0 0.9184721874053509 0.6490763780918727 0.036401719586067874 0.07612684334511192
0 0.033050320166582534 0.8500130704750687 0.03833688465421503 0.07617945857872015
0 0.23208295116102984 0.9464129163722026 0.03792915320545186 0.0738967004318807
0 0.18212077233720342 0.8491914507263446 0.03927940434124181 0.07760355319984293
0 0.33091127637556783 0.6514099782096584 0.03871553609288238 0.07527284216725573
0 0.9171504290762241 0.26118350019630937 0.03596668349318536 0.0714688849627012
0 0.7715464219576719 0.06400583127572015 0.03680977513227514 0.07528532510288066
0 0.4293923266027259 0.5542687661955241 0.037229882887430676 0.07423246760895176
0 0.5278531448763251 0.16106018237141734 0.03822774356385657 0.07550670160973696
0 0.6745325925925926 0.06401032613168725 0.03755724867724877 0.07143629012345679
0 0.03331119308430086 0.25932617815076553 0.03917412771327612 0.07695624322732625
0 0.5278268551236749 0.3561174911660777 0.03849066128218073 0.07545641931684334
0 0.08291834944472487 0.6519173117393011 0.03900681499242808 0.0762875092265411
0 0.47781048851590097 0.9441168826069885 0.03752405628470459 0.07421236749116605
0 0.23197356852599696 0.25894681144483706 0.038341382382635 0.07619750981546922
0 0.3795431600201918 0.9448922752257556 0.037228672387683 0.07269581861012951
0 0.9183536776880363 0.4526157194738909 0.036795694598687485 0.07643776010993328
0 0.38050529316002024 0.160533498723989 0.03725995532559315 0.07752066843345114
0 0.3797379174659263 0.45463613653317614 0.03698719283190306 0.07434392599136228
0 0.9179175547703179 0.8447219531802119 0.03560795153962632 0.07479922634471926
0 0.08226590106007066 0.9470394091087553 0.03801741544674407 0.0726958186101297
0 0.7230349603174602 0.06391783230452674 0.037339761904761966 0.07382331893004114
0 0.08265397513881877 0.7515045912838634 0.03816256915699141 0.07608535060855903
0 0.1822374218828874 0.7509132743423635 0.038881708985360953 0.07797005084413033
0 0.7718253968253967 0.8452289094650205 0.03703703703703697 0.07651748971193416
0 0.6252247552910053 0.35611401131687237 0.03715585978835989 0.07501094444444446
0 0.3802530287733468 0.3573444248135061 0.037386420999495226 0.07484295249312915
0 0.7233796296296295 0.3562242798353909 0.03703703703703708 0.07330246913580248
0 0.5279295150176678 0.9439603660188456 0.037433992175668805 0.07267240066745195
0 0.23228819283190305 0.6517816280918727 0.03865513377082284 0.07540267510797023
0 0.1828306410903584 0.3570376914016489 0.03880615850580514 0.07606988614055751
0 0.03265396264512872 0.061039948959560254 0.03849066128218072 0.07729681978798586
0 0.9665257445734479 0.3567309579897919 0.03691317516405844 0.07300255202198662
0 0.9664462152953055 0.7473998241067923 0.035807624936900595 0.07462395131527286
0 0.8204590251322752 0.3576892695473251 0.03642069576719586 0.0736604320987654
0 0.1326907571933367 0.9469227830781312 0.03853901060070671 0.07307603337259531
0 0.18227852094901564 0.9455057420494698 0.03833291267036851 0.07330928543384374
0 0.9667329694598688 0.6493764782096583 0.036696630489651584 0.07488664310954056
0 0.4291550984351337 0.06288034943070278 0.03738642099949518 0.0736160188457008
0 0.8196640555555554 0.06491708641975309 0.03648419576719582 0.07324981069958848
0 0.6256291468253967 0.45430482716049386 0.03697257936507928 0.07720533333333342
0 0.5283001009591115 0.2571959658421672 0.038175164058556275 0.07699008637612875
0 0.13257762872286724 0.5537129658421672 0.037997256436143365 0.07557473419709461
0 0.8697293465608466 0.648759438271605 0.03707774074074085 0.07645406172839515
0 0.47879335726905603 0.3564475406360424 0.03696581600201908 0.07550305143305848
0 0.33066451110550227 0.5529964658421672 0.037591011105502246 0.07659560149195134
0 0.9184885506057546 0.9415302824892029 0.037380937657748546 0.07210650137416587
0 0.6736373412698412 0.7482075174897119 0.03642812169312169 0.07537594032921824
0 0.47826860865724374 0.45422301982724766 0.036862810449267966 0.07658502669807622
0 0.08234477536597677 0.06196014919513152 0.03912165572942958 0.07606988614055751
0 0.1824166635537607 0.5542061826658815 0.037978203432609804 0.07533423419709459
0 0.5764134275618374 0.9432052414605417 0.03659767794043408 0.07177561837455847
0 0.6747153888888888 0.6505697016460904 0.03792284126984131 0.07557355967078185
0 0.5765711761736497 0.6501214664310954 0.03596668349318526 0.07514968590498632
0 0.6255119431216931 0.8471898302469134 0.03739954761904767 0.07658130658436214
0 0.28150885613326604 0.3569889073419709 0.03739933770822818 0.07597231802120143
0 0.965907592377587 0.06747957047506871 0.03567687077233716 0.0723855249312917
0 0.5764923018677436 0.06334044954848841 0.036439929328621896 0.07514968590498626
0 0.33091601249369 0.45588433676874757 0.03809401388187784 0.07622685963879074
0 0.8698743386243386 0.8444251543209875 0.03670634920634918 0.07555298353909458
0 0.9183745561585057 0.7465703738712209 0.03715294876325085 0.07480545131527272
0 0.9176236749116607 0.35657759128386335 0.0356511862695608 0.07453621908127209
0 0.8212268068783067 0.5524108971193415 0.036964195767195715 0.07408619753086418
0 0.2317459539374053 0.8487354200039261 0.03914814209994947 0.07730495857871991
0 0.7721560846560847 0.942483281893004 0.036375661375661394 0.07105195473251018
0 0.6258695833333332 0.06285832613168724 0.037122764550264566 0.0742763230452675
0 0.7234026322751322 0.258945195473251 0.03774441798941796 0.07550355967078186
0 0.9661313730439173 0.25964983313702394 0.03612443210499744 0.07330928543384374
0 0.281605224886421 0.06263335306242637 0.03822306966178698 0.0755758934040047
0 0.8694070806878307 0.35682276954732506 0.037094584656084756 0.07321344032921809
0 0.6744565608465608 0.3562595164609053 0.03740518518518527 0.07530195473251029
0 0.38002054177183237 0.7495078075186493 0.03660594977284204 0.07577258402041614
0 0.2318898226905603 0.4553343533568904 0.038804885159010614 0.07574035963879068
0 0.1327454568399798 0.7511901256380054 0.03833291267036851 0.07606988614055755
0 0.52761026362948 0.6498411612681586 0.037426483846542166 0.07581600922654107
0 0.3305451423523473 0.062118002944640746 0.03861426249369002 0.07638559363957596
0 0.18237541355376072 0.25947181144483705 0.03915769232710754 0.07724750981546918
0 0.3804334174659263 0.0623356196505693 0.038693690055527544 0.07559389340400471
0 0.5762500540131247 0.16087268237141733 0.03721742251388207 0.07574516843345114
0 0.42884582660272585 0.9442894661366313 0.038029866229177194 0.07333060090302308
0 0.2814694734982332 0.9454313328425599 0.03795156688541143 0.0731604670200237
0 0.7230489417989417 0.9420010288065843 0.036375661375661394 0.07330246913580257
0 0.5765711761736496 0.2578094326658814 0.037859666834931915 0.07699008637612875
0 0.72364107010582 0.7486935185185183 0.03789060582010565 0.07570493827160489
0 0.0824236496718829 0.16103504122497053 0.03896390711761736 0.07606988614055751
0 0.6741662645502645 0.9428183960905347 0.03616321693121703 0.0723651872427984
0 0.3801089160777385 0.5532833325480957 0.03772919005552749 0.07594240125637992
0 0.132576630111055 0.06250335306242638 0.03831075643614334 0.07592936022771887
0 0.4786092882382635 0.1605749411071849 0.03691317516405854 0.07699008637612875
0 0.9662102473498233 0.4542721829603455 0.0356511862695608 0.07300255202198667
0 0.6256939894179894 0.2583492006172839 0.038755703703703605 0.07688358641975308
0 0.8690562208994709 0.16175039506172836 0.03672355291005301 0.07401519341563786
0 0.870145626984127 0.747394269547325 0.03757961375661389 0.07567845679012346
0 0.7722930476190476 0.7481555185185185 0.037641650793650935 0.074628938271605
0 0.38048965169106513 0.25842289948959557 0.037228672387682946 0.07514968590498627
0 0.2813813519687027 0.2588900780329799 0.03840631827359918 0.0754705761680408
0 0.13298175441696114 0.4553192532391049 0.03785901615345787 0.07509669257950537
0 0.13259075996971229 0.8481515864742832 0.03802351892983342 0.07552382469572026
0 0.23225206991418473 0.5541071992540243 0.03858288793538619 0.07574973419709469
0 0.6753632023809524 0.454178324074074 0.03789571693121699 0.07566631893004105
0 0.33008897021706207 0.7499631919905771 0.037701918223119635 0.07484295249312911
0 0.1330127558051489 0.6524511452689438 0.0385520133770823 0.07674170946211234
0 0.5765251824835942 0.35593724028268553 0.03650569056032314 0.07570938437377306
0 0.7235994298941798 0.4535115730452674 0.03648457407407396 0.0762618292181069
0 0.3316243895759717 0.25831724450333726 0.038564276375567884 0.07493837593246959
0 0.23193731713780916 0.06245098635649784 0.03858437682988389 0.07643809363957597
0 0.6247519841269841 0.7482960390946501 0.036871693121693125 0.07490997942386832
0 0.4283663553760727 0.4542721829603455 0.03707092377587077 0.07484295249312921
0 0.9666524625189297 0.5518411323125245 0.03590462216052483 0.0736714676089517
0 0.6253306878306878 0.5513760288065843 0.03670634920634918 0.07523148148148144
0 0.8693523769841269 0.2595647047325103 0.03731586507936514 0.07545656995884774
0 0.08301685083291266 0.25930856144483705 0.038888320545179204 0.07630754299175499
0 0.917071554770318 0.16241534157832743 0.03580893488137308 0.07330928543384371
0 0.6255867248677248 0.6501922057613169 0.03754911111111119 0.0761045761316873
0 0.9667623674911661 0.9413648409893992 0.03580893488137308 0.07116215155084404
0 0.28131685196870265 0.750387657636435 0.03796182104997478 0.07630535060855909
0 0.8211658849206348 0.4538323230452674 0.037834415343915344 0.07626032510288061
0 0.7711593280423279 0.1615028888888889 0.03636627513227505 0.07352018106995888
0 0.082919473750631 0.5539718325480957 0.03806257193336699 0.07670593443266593
0 0.7725880013227512 0.6490887006172839 0.037239494708994715 0.07582657818930046
0 0.9182151749116607 0.5516236323125245 0.03588769459868745 0.07323646760895178
0 0.527653889323574 0.5529794326658813 0.036882740787481084 0.07472113466823711
0 0.6744378306878306 0.551858281893004 0.03703703703703708 0.07298096707818925
0 0.4284452296819788 0.650888299960738 0.037228672387683 0.07484295249312911
0 0.7725028293650793 0.5506941368312757 0.03673846296296302 0.0764397139917696
0 0.527878520570419 0.06341130329799763 0.03764750050479567 0.07406445975657636
0 0.5760463040131246 0.453513452885748 0.03617892806663302 0.07700629328621912
0 0.5769787970721857 0.749295407636435 0.0374129197375063 0.07596125107970171
0 0.18222041771832406 0.06322846976835493 0.039163197879858634 0.07553919316843345
0 0.08305772375063099 0.45601426982724763 0.03833907193336699 0.07587325893207689
0 0.1826209149419485 0.16096709884177465 0.03870220343260977 0.07777440184530825
0 0.8204365079365079 0.8449074074074073 0.036044973544973505 0.07458847736625508
0 0.23232881852599693 0.35685229063604235 0.03873638515901059 0.07753948508048683
0 0.232205956587582 0.16026820769532782 0.03849066128218071 0.07760355319984293
0 0.28138585474507827 0.8483271700039261 0.039046318273599265 0.07771539222614827
0 0.38001640585562846 0.8476577836670591 0.03659767794043413 0.07514968590498632
0 0.8702876984126984 0.5513760288065843 0.036871693121693125 0.07651748971193416
0 0.5762110540131246 0.5521770991362387 0.036192930843008495 0.07434340125638005
0 0.47917623296315 0.25760309462112285 0.03804706461383134 0.07657741028661169
0 0.3800589174659263 0.6504828449155869 0.03826018727915199 0.07709937652139774
0 0.820591884920635 0.2590864516460905 0.03701710317460325 0.0738570596707819
0 0.9658035923775872 0.1623034157832744 0.03609986521958624 0.07431236749116604
0 0.7725819854497353 0.45350707510288063 0.03722746296296303 0.07753884156378597
0 0.2812412290509843 0.5539241826658814 0.037179580767289264 0.07415676737338057
0 0.23218369699646643 0.7508056576364349 0.03907713654719842 0.0771413506085591
0 0.3306640138818778 0.8490037037691401 0.038852005552751125 0.07477419199057718
0 0.28169572627460876 0.6508771446800157 0.038088575214538116 0.077274509226541
0 0.2812657748611812 0.4545789163722025 0.03691317516405854 0.07545641931684334
0 0.8204141812169312 0.1619046430041152 0.037323071428571504 0.07110866872427982
0 0.7229179761904762 0.16078813888888888 0.03677510582010594 0.0746626975308642
0 0.821296369047619 0.7476122417695473 0.03743400793650804 0.076114401234568
0 0.625 0.9432870370370369 0.036375661375661394 0.07137345679012341
0 0.13277237872286723 0.16126361542991752 0.03901775088339226 0.07591356772673731
0 0.8210152116402115 0.9411972736625512 0.03720238095238092 0.07298096707818935
0 0.7235806640211639 0.6502386934156378 0.03710841798941808 0.07555454732510292
0 0.4298160738263503 0.16091696554770318 0.03807737733467944 0.07706066843345111
0 0.6744040608465608 0.16056213888888887 0.03796156084656092 0.0754967057613169
0 0.8691054602052833 0.9414619732364873 0.03582996802961468 0.0715813538803821
0 0.7239641018518518 0.5515493899176953 0.037213917989417866 0.07622120781893008
0 0.33015150971731444 0.9450204661366312 0.037826997223624405 0.07233873360816645
0 0.6253959113756614 0.16110538271604938 0.03749817195767205 0.07401117695473251
1 0.13365175378596666 0.8384436918924224 0.00497059641595151 0.015667582842559844
1 0.4286763467945482 0.5485879047899489 0.004901218576476499 0.016879942285041315
1 0.7273871164021163 0.5397567561728395 0.004881851851851898 0.014236487654320937
1 0.6773744828042328 0.6479040977366255 0.005700769841269805 0.007561146090534857
1 0.6269371283068782 0.15645778189300408 0.0034008756613757335 0.010515506172839497
1 0.9625727340989397 0.9324802706124851 0.008852512619888842 0.014088339811543251
1 0.627090316137566 0.5415150123456789 0.004417251322751322 0.012005983539094581
1 0.6783159510582011 0.8396179629629629 0.00613264814814808 0.006720864197530929
1 0.5312260157748612 0.5498819883195917 0.006452562089853586 0.006930173341185804
1 0.7744144986772487 0.6455280977366255 0.0034196798941798483 0.015528166666666602
1 0.3785177940434124 0.05689904789948959 0.00899167087329629 0.021164605418138988
1 0.8703474378306877 0.3450588868312757 0.0050061825396825145 0.008827699588477313
1 0.1306521614083796 0.6499935344522968 0.003397847804139304 0.012831933843737708
1 0.6784739669312168 0.5451015174897118 0.007139367724867794 0.007404989711934126
1 0.7260921005291004 0.3546169104938271 0.008463947089947103 0.007715767489711873
1 0.5314413928571428 0.6388037329210835 0.005390813478041321 0.013740198076168022
1 0.726709708994709 0.15386177263374484 0.00458322751322748 0.01313550823045268
1 0.2806096207723372 0.542678820671378 0.003836285966683509 0.013974906753042778
1 0.3307199646643109 0.8439769827247742 0.0048902069661786686 0.014416470357283056
1 0.4297633398536093 0.6447322838633686 0.004620215800100879 0.0172197667844523
1 0.8273060410052909 0.4445634598765432 0.005110140211640157 0.0181518868312757
1 0.2809991096668349 0.2560021674519042 0.00400379984856133 0.014350199842952518
1 0.7284756640211639 0.8459849876543208 0.0076650740740739865 0.008132905349794346
1 0.07999637796567391 0.3432580951118963 0.005012292024230178 0.014062922457793477
1 0.5747886943462898 0.3551020631134668 0.008612919232710781 0.008165524342363579
1 0.9173870519939425 0.7495030918727915 0.0048902069661788715 0.013189536709854701
1 0.8734908624338623 0.5466912757201646 0.008309280423280439 0.010012510288065712
1 0.631306787037037 0.7425781522633744 0.007558383597883684 0.005970238683127466
1 0.626927753968254 0.9376710257201645 0.009041317460317394 0.009946014403292125
1 0.2822784881373044 0.16021015508441305 0.0033380262493689574 0.01453257557911268
1 0.3285240354618879 0.5427633538476638 0.006127093134780383 0.009511572634471912
1 0.7780289854497354 0.2537595905349793 0.007764780423280371 0.008813123456790133
1 0.42951608846542144 0.15576763790734194 0.007638696365471986 0.006240538869257954
1 0.2811468666077738 0.8440459424813505 0.004339280413932351 0.015505484491558776
1 0.332492127839475 0.2532295833333333 0.008286819535588056 0.009466432076953326
1 0.5270146234225138 0.3601513480565371 0.007303413427561825 0.007268956811935586
1 0.8246990238095238 0.15758479012345677 0.0043717936507935715 0.018549555555555534
1 0.8222730079365079 0.24743157201646088 0.005255571428571264 0.013110106995884774
1 0.6753851838624338 0.15165052263374482 0.006041801587301571 0.019487020576131695
1 0.4788459111559818 0.16486920887318413 0.008045179202423062 0.008281802120141327
1 0.4315977086067643 0.8418514590694934 0.0053684394245330225 0.014986716725559387
1 0.6293267235449735 0.839393470164609 0.006888880952380865 0.016171907407407322
1 0.7758729999999999 0.3471283847736625 0.0071164338624338285 0.009189732510288096
1 0.775049603174603 0.7441165123456789 0.0051256613756613945 0.013181584362139946
1 0.3299099028268551 0.9408400715547705 0.004617347299343777 0.013932342167255423
1 0.42947921415951534 0.9367169708480565 0.007081450530035381 0.00990920710639958
1 0.2767051388187784 0.6462952506870828 0.003757819283190246 0.013480366313309844
1 0.7744924060846561 0.5498820442386831 0.008885558201058175 0.011347022633744824
1 0.7256337407407406 0.9366967746913578 0.006735164021163951 0.00867949588477342
1 0.9248177833165069 0.548079888201806 0.006119102725895889 0.01728250863761301
1 0.18437479278142352 0.5481199047899489 0.007007607773851581 0.015975541813898805
1 0.37553632862190817 0.5475276713780918 0.005489685007571866 0.014092674519041972
1 0.5227213032559314 0.061200858951707904 0.007056131499242671 0.013174450137416556
1 0.18182317541645635 0.7461738797605025 0.009586864714790469 0.008805558107577561
1 0.3313417729681979 0.15617522143698467 0.005224076476527019 0.01646777463682763
1 0.7210682539682539 0.642147576131687 0.00826031746031737 0.008143119341563754
1 0.3797831807168097 0.7409906623478602 0.007407389197374974 0.007516123282292872
1 0.28249385272589594 0.4475639250098155 0.008901744321049978 0.009735714958775095
1 0.5776245589348814 0.45472609265802905 0.008935637304391772 0.010748050255202202
1 0.2806876179959616 0.9430196219081272 0.007466258202927786 0.011413641931684518
1 0.38080417655224635 0.25718080074597566 0.008204872539121614 0.013833333725952092
1 0.4815934837203433 0.45063465901060074 0.004127520191822295 0.016477050255202196
1 0.47806525315497217 0.35088577934825277 0.005505031297324641 0.013530757754220671
1 0.22804872274103985 0.6429976997447977 0.008314467693084256 0.007806131723596405
1 0.8717568915343915 0.6512683641975309 0.006155529100529122 0.014335699588477307
1 0.379550434881373 0.6377175492736552 0.007557383644623933 0.010391363957597259
1 0.6783084828042327 0.44745370987654315 0.009123775132275013 0.010442374485596595
1 0.2296968428823826 0.9385423547310561 0.006280216304896489 0.016687375343541155
1 0.9682914604997476 0.4483728918335296 0.009403954316001821 0.01118511542991755
1 0.17704357332155474 0.15246653720062817 0.007472671630489686 0.011002339811542984
1 0.8278699629629628 0.5449762839506171 0.004974359788359806 0.01987253497942386
1 0.8202686005291004 0.6451645905349795 0.008272322751322747 0.01175415226337437
1 0.38374266822311964 0.4468629753631723 0.00453636976274606 0.018499216136631278
1 0.6760085978835978 0.06413966049382716 0.008432539682539694 0.012538580246913579
1 0.6317103492063492 0.06103773353909464 0.005428507936507896 0.02002844238683127
1 0.3296176556032307 0.3524982129956812 0.0052018417465926545 0.01521362504907733
1 0.4260790005047955 0.05597884766391832 0.005678950025239767 0.015643404004711425
1 0.3312240188036345 0.6429535504515115 0.009245551489146868 0.018936833137023927
1 0.9739716896769309 0.3506400962897526 0.0046689376577485776 0.019543325284648586
1 0.23217670747097424 0.7412343791715744 0.007945928823826368 0.008255623282292863
1 0.03177821466431095 0.06034304259913624 0.0055374626451287195 0.021024751079701604
1 0.08098149255426552 0.15216147084805653 0.009983001766784457 0.017747140753828005
1 0.9201120527511357 0.3502783131134668 0.007643133266027137 0.015359157047506873
1 0.5262545338213023 0.24912953297997642 0.008823592629984894 0.00723759678052607
1 0.22909359288238262 0.26077723439340394 0.009064202423018664 0.006640466431095356
1 0.3273926528268551 0.06392480918727915 0.0118603278647148 0.010793883784844928
1 0.08307198700151439 0.06501327601099333 0.007694996214033293 0.012297751079701595
1 0.7259408809523809 0.4544719979423868 0.0054595079365079915 0.022125962962962948
1 0.4803846108026249 0.8385604750687081 0.009384741039878821 0.008072414605418052
1 0.6257094087301588 0.6389663281893003 0.005194939153439191 0.018363639917695528
1 0.7730959365079364 0.9336700123456789 0.010686433862433984 0.00830297942386831
1 0.1792544379101464 0.8406737588339221 0.007783400807672892 0.016728650372987885
1 0.7729704986772488 0.15268101748971194 0.008291806878306777 0.013568006172839472
1 0.9669989904088843 0.16026820769532782 0.0066254416961131464 0.01932420494699648
1 0.38148404252902574 0.936536337553985 0.011577598939929348 0.01027047369454258
1 0.2821613666077739 0.7386945628190028 0.0042032637556789305 0.021923791519434525
1 0.9191889270570418 0.8361549413034943 0.009804881877839478 0.00920268119356107
1 0.37764568626956085 0.8418543755398507 0.007580914184755169 0.011913549666274214
1 0.5313803873043917 0.8498384602473498 0.00898329404341242 0.02048405319984297
1 0.47849774621403335 0.9445980721436985 0.008110514639070995 0.01377794287396937
1 0.3802641779404341 0.15833825520219866 0.008022880868248348 0.019503308990969723
1 0.03196158202927814 0.5436294379662346 0.010218683493185263 0.013914072634472023
1 0.33525438061585056 0.45245720936395756 0.004970794548207991 0.0195800846093444
1 0.8724109074074075 0.7421136625514403 0.00484749735449727 0.019759300411522355
1 0.03439882508833922 0.7492545136435022 0.009761158505805152 0.011232825873576718
1 0.5821181693589096 0.8397706924813505 0.005627366481575027 0.021602117196701996
1 0.4263902266532055 0.45898792677659994 0.00663398384654213 0.017561052610914746
1 0.9214846715042906 0.15605535473105614 0.006475381877839733 0.016707508048684705
1 0.7722133425925926 0.8314939372427983 0.011128870370370286 0.010108833333333183
1 0.7738042962962962 0.4523439835390946 0.0072855873015871195 0.016093925925925893
1 0.4333956947248864 0.3531515802905379 0.007135919989904035 0.02249542599136234
1 0.23133833922261482 0.4516649489595603 0.006152195860676457 0.018097271299568073
1 0.9716818209237758 0.7362943785826462 0.011457155729429555 0.008933622104436661
1 0.5302998942453306 0.9414778387318412 0.006727319030792447 0.019404942873969468
1 0.47824136774356374 0.6370270326855123 0.011147249369005558 0.013612797605025564
1 0.7775423915343915 0.05552671193415637 0.008407280423280383 0.016261390946502054
1 0.6279221296296295 0.455350732510288 0.010690132275132365 0.01200944032921806
1 0.8727021428571428 0.05775221810699588 0.0075719047619047936 0.016311407407407403
1 0.8266193068783069 0.3482178919753086 0.009459798941798932 0.011511746913580269
1 0.230464708859162 0.8446083091872791 0.00947694270570416 0.01008648331370231
1 0.026968608404846033 0.3552124298193953 0.008531233467945484 0.01039865822536311
1 0.5797796679707218 0.9434670721436984 0.010935363705199461 0.01542647605025513
1 0.48232610524987385 0.538041303494307 0.008656724381625378 0.014661405575186432
1 0.0836838599192327 0.5501352383195917 0.00804873649671884 0.015625675696898333
1 0.43459819472488637 0.25097361709854726 0.005361914437153002 0.021953433254809546
1 0.132403896138314 0.9395975383784844 0.007150814487632471 0.018257808990970008
1 0.8702483597883597 0.9340315257201646 0.008841904761904726 0.01915402674897098
1 0.08284098561332659 0.8391359584805653 0.009103490661282175 0.01060224872398901
1 0.727281742063492 0.25749210185185184 0.012367732804232645 0.009707154320987676
1 0.3795395508581524 0.35207024617196697 0.012627107269056026 0.011775290930506492
1 0.6758486534391535 0.7380696399176954 0.00941380423280417 0.012415246913580287
1 0.6270472843915342 0.35439917386831277 0.005495378306878353 0.019725314814814727
1 0.5240290490913679 0.151215854142128 0.005702628722867128 0.020865307813113427
1 0.03156971605249874 0.6464955178641539 0.006900951539626449 0.024122234786022722
1 0.580997423523473 0.06293535954063605 0.005660377587077241 0.02074785178641538
1 0.8737924404761904 0.16153754629629627 0.01233575396825403 0.010001039094650183
1 0.03355437367491166 0.4505281234786022 0.00968825265017668 0.013369753042795491
1 0.1347263850328117 0.24949503356890457 0.006607300605754673 0.019389398900667435
1 0.2260599796819788 0.34711526217118177 0.010083473245835403 0.008802455634079305
1 0.7224971150793651 0.7434589104938271 0.013008415343915251 0.01513979218106994
1 0.07857625643614335 0.7479659301138594 0.00911452397778899 0.010742658814291496
1 0.8752178465608464 0.4419509526748971 0.007500814814814711 0.019518876543209766
1 0.23016359149419482 0.5337406530231645 0.005346719081272054 0.01774150510404413
1 0.821827648148148 0.059249471193415636 0.0074690423280423645 0.01781793004115226
1 0.13554100795053003 0.7461683963486454 0.00907951867743567 0.008203058107577476
1 0.4819128552498738 0.25383155015704745 0.00885222993437651 0.010716365724381689
1 0.2313865790005048 0.15423010414212798 0.009526185764765265 0.010542540047114263
1 0.13333363780918728 0.4598306098351001 0.009708292276627947 0.009127551433058458
1 0.9233026249369004 0.06548758343148803 0.007887430590610985 0.01809727129956811
1 0.08620710020191821 0.649562234687868 0.0071037198384654434 0.01676186749116611
1 0.9240965263755677 0.9363818375539851 0.012609572185764811 0.010579473694542645
1 0.9688919737506309 0.540771005104044 0.01325088339222609 0.018404004711425236
1 0.07897512518929833 0.44985034206910085 0.01115626148409892 0.01436488319591664
1 0.17471945873296316 0.2540029672163329 0.00770393967693084 0.0171216666666667
1 0.18156918513377082 0.9454956390851984 0.004100398031297305 0.018117477228111214
1 0.530114209994952 0.4519716823714174 0.010253659767794078 0.018097271299568122
1 0.9696886320040383 0.6382551470357283 0.010742735991923219 0.02074370592854338
1 0.5791740282685511 0.16103504122497053 0.010253659767794078 0.01349627012171184
1 0.6783258267195766 0.35096540843621393 0.010411838624338645 0.018876796296296326
1 0.18130293096920747 0.35914073076168035 0.006210392478546187 0.016651793286219154
1 0.1778446948510853 0.45949045995288573 0.007763411913175133 0.01226171849234387
1 0.43081145885916206 0.7458222909305064 0.007256436143361913 0.01932420494699648
1 0.6797731084656085 0.2600351141975309 0.008509338624338624 0.011051170781892968
1 0.7266190383597884 0.058600477366255135 0.010055574074074005 0.022973942386831276
1 0.5792529025744573 0.6422997644287396 0.010095911155981798 0.012882803297997587
1 0.5746686998990408 0.7460760136435021 0.00695992478546188 0.020043693168433425
1 0.8701970780423279 0.8401027232510287 0.005306902116402057 0.017968421810699315
1 0.18235739525492173 0.6458271986650962 0.010095911155981822 0.01871073812328235
1 0.9672356133266027 0.8432101491951315 0.00899167087329634 0.01779053788771101
1 0.8223897883597884 0.9336737746913578 0.005022010582010442 0.021155537037037122
1 0.6772606851851851 0.9346432829218108 0.006259052910052735 0.02307454526748959
1 0.2792103777132761 0.3518088966431095 0.0056882804139323385 0.022113459167648248
1 0.23203112619888946 0.06362700706713781 0.010061747602221135 0.016829985865724383
1 0.48048135802624936 0.7475474301138594 0.010137738263503287 0.013420059285433932
1 0.07948800643614337 0.940364938849627 0.0050825434124179706 0.024698076756968765
1 0.03191721744068651 0.15788402179034156 0.004943959868753163 0.020411775814683907
1 0.9223024145633518 0.6488386008048685 0.009256856890459225 0.011461000196309258
1 0.03008458897021706 0.9362277712014134 0.011764189045936404 0.01702227463682762
1 0.628304832010582 0.2545256111111111 0.00562578571428572 0.023999189300411474
1 0.5299564613831399 0.7439818904593639 0.007729681978798603 0.019937671770710607
1 0.2824171513124685 0.0640542404789949 0.008612697375063151 0.016457519042010205
1 0.032683076476527004 0.261200234393404 0.01256166128218071 0.010702201020808754
1 0.1328243311458859 0.5462922065174715 0.00662544169611307 0.017177071063996883
1 0.9201544242806664 0.2529052338044758 0.009766870772336997 0.018090199842952494
1 0.968720457723372 0.25662580074597563 0.011069937657748392 0.01494333372595206
1 0.027670524356385662 0.841593690125638 0.00959395128722867 0.014557619748723974
1 0.1299947857142857 0.15937338849627009 0.004712599192327106 0.01927344287396937
1 0.5772298158758202 0.2501493836866902 0.005939156739020644 0.022374966431095412
1 0.08461847450782434 0.258746234393404 0.011227462897526484 0.015610201020808715
1 0.9245150249873803 0.4562236595995288 0.012403569409389295 0.014501051433058501
1 0.13177264336193842 0.3485825625245386 0.010306303382130238 0.014456390459363977
1 0.5767289247854618 0.5484393404004712 0.004101463907117671 0.010428936003140975
