0 0.04967779217660218 0.9044180096326742 0.03487341564679564 0.07238598073465204
0 0.5616334099552572 0.06565798814722396 0.04720418008948554 0.0870240237055521
0 0.3157487827345703 0.06309401489853583 0.04424924332148966 0.08637297713845363
0 0.100224 0.9078600000000001 0.03847900000000001 0.07423599999999991
0 0.43821911136333735 0.2897637449910095 0.04606580530332951 0.08505022309273055
0 0.379195 0.721834 0.043400000000000015 0.08122299999999996
0 0.03482352342413476 0.49781664192139735 0.037734953151730505 0.0786027161572052
0 0.19686025966762544 0.0624726419213974 0.04296948066474915 0.0829147161572052
0 0.377405 0.508297 0.04518999999999999 0.08384299999999999
0 0.1392135708692873 0.06529561166562697 0.041929858261425375 0.08076277666874607
0 0.2555728667305848 0.0631238303181535 0.043744007670182154 0.08499688084840921
0 0.497697235425714 0.935781859812484 0.04263752914857232 0.0760332803750324
0 0.949441 0.924454 0.03937400000000012 0.07598300000000001
0 0.6184692709238058 0.6234264339840739 0.042702458152388434 0.08065713203185203
0 0.37683247795762603 0.1763935399434883 0.04633504408474802 0.08564092011302336
0 0.498881 0.062882 0.04742700000000008 0.08559
0 0.6158933059613106 0.8335920537503211 0.042485388077378575 0.07779289249935789
0 0.6758290564547965 0.7293539686617005 0.04161731806816686 0.07995119445157982
0 0.5593203875180944 0.5141665137426149 0.04646022496381111 0.08433097251477015
0 0.25973812343729435 0.5060364757256613 0.041781813396499536 0.08155664012329822
0 0.32413804447953676 0.9284292319547905 0.04063034609817079 0.07674030310814292
0 0.02773114787137302 0.17537704752583608 0.040287704257253955 0.08068690494832785
0 0.25842216081063296 0.3970267146159774 0.041781813396499536 0.08187772925764192
0 0.6148964743387288 0.9364118233367583 0.041426948677457574 0.08068264667351652
0 0.26116284201868667 0.6134857578345749 0.042328315962626685 0.08132548433085023
0 0.49839122841821293 0.8332004374518366 0.042709552506908784 0.07829401643976368
0 0.437808 0.619214 0.04518999999999999 0.08384299999999999
0 0.4981741018555072 0.7275879784228101 0.04293328069482829 0.08027228358592342
0 0.31806829549940785 0.39773955869509375 0.043953409001184385 0.08137688260981246
0 0.4985030925121727 0.29010403287952735 0.04457823397815507 0.08444644233239147
0 0.3810763891959469 0.9319036467377345 0.042321221608106335 0.07855170652453133
0 0.5568360186866693 0.8330720891343437 0.043848000000000095 0.07947599999999996
0 0.4395805599749967 0.8312739026457744 0.042537880050006596 0.07893619470845117
0 0.4983454924332149 0.4025625489339841 0.04426303382023957 0.08460108040071929
0 0.026398 0.067249 0.040268000000000005 0.078603
0 0.9741413343861034 0.0821988183919856 0.039149888143176735 0.082840996660673
0 0.5589783781747599 0.6221872111482147 0.0444602436504805 0.0813895777035705
0 0.4383108333333333 0.40001282609812483 0.04328833333333337 0.08207034780375033
0 0.19772338465587577 0.17643847932185974 0.043097776023160936 0.08508862060107887
0 0.09150547690485591 0.6049897327896223 0.038913046190288195 0.07910353442075516
0 0.43828795499407813 0.06123157346519394 0.04525590998815629 0.08752914693038787
0 0.621253 0.179476 0.04519000000000009 0.08821
0 0.6172227872746414 0.7292448911507834 0.04251242545071722 0.08037521769843314
0 0.561074 0.177293 0.046532000000000094 0.08733599999999997
0 0.154362 0.914847 0.03937400000000001 0.07598300000000001
0 0.086353 0.3934500000000001 0.041163 0.08122299999999996
0 0.438255 0.725764 0.044295 0.08209599999999997
0 0.09411770354651927 0.7101657616876444 0.040847592906961445 0.08010547662471099
0 0.37691472562179235 0.28871046018494734 0.04551256744308463 0.08551236655535582
0 0.3229832067377286 0.825648439571025 0.04128158652454275 0.07796012085795022
0 0.3216542254243979 0.7210699552401747 0.04125554915120413 0.07751108951965067
0 0.7887715986642979 0.8308825363472899 0.042143802671404086 0.07622692730542013
0 0.9644295223713645 0.5154573957744669 0.040808016712725284 0.08133796981762136
0 0.957685440419792 0.7244219009118931 0.04078211916041593 0.07779319817621372
0 0.09631284552314824 0.8101304125599336 0.04050069104629647 0.07964982511986707
0 0.43845233566916697 0.5108594517724121 0.043900328661666044 0.08221209645517599
0 0.8966277976707462 0.9291226021705626 0.03940640465850776 0.07363179565887504
0 0.785748133701803 0.9342215478422812 0.04103173259639434 0.07740790431543818
0 0.03798551401500198 0.6010791782686874 0.03668899999999999 0.07947599999999996
0 0.04349240429661798 0.8059720155407141 0.03829419140676406 0.07713796891857187
0 0.6738585047703645 0.8342344820190085 0.04261107454928272 0.07907774903673268
0 0.6775266823595208 0.6229450502825584 0.04270963528095795 0.08162089943488321
0 0.5559119621002764 0.9366170048805548 0.04227529938149747 0.07706139224248652
0 0.5595308688314252 0.4033647717698433 0.04457825299381495 0.08363681299768823
0 0.7414427947427293 0.29522866349858723 0.044538438544545485 0.0850630295402004
0 0.04077550467166732 0.7037371587464681 0.038030999999999995 0.07685599999999994
0 0.3167523328727464 0.28781131672232213 0.044611390314515095 0.08435625789879275
0 0.3776776975917884 0.3986576923966093 0.043748604816423224 0.08128661520678143
0 0.5585076351822609 0.7295659802851271 0.04450572963547841 0.07973303942974574
0 0.8474270000000002 0.725328 0.04116299999999992 0.07772899999999995
0 0.3808293962034478 0.8297138406755715 0.042814207593104385 0.08031131864885693
0 0.6723154977628635 0.937092359812484 0.04149900447427288 0.07865428037503239
0 0.6203645115804711 0.4051117717698433 0.043532023555731 0.08584645646031343
0 0.21022502960915912 0.920723092730542 0.0388208974865114 0.07609812483945542
0 0.729796434892749 0.9327961369766247 0.04197213021450195 0.07327272604675074
0 0.5605078664955916 0.29063699499100953 0.045874267008816964 0.08422801001798103
0 0.9540564335438874 0.8253146356922683 0.037866867087774495 0.07683027138453616
0 0.25704716442953024 0.2862507547521192 0.04429567114093958 0.08251949049576164
0 0.4982563495196736 0.5132609812483945 0.04408474799315698 0.08444644233239151
0 0.3160808328727464 0.17508353994348833 0.04524233425450717 0.0830209201130234
0 0.6212166074483484 0.29315437965579244 0.043591262008159 0.08540970973542251
0 0.08472849532833267 0.2857438913434369 0.04026800000000001 0.08122299999999996
0 0.083532890088816 0.06765070174726939 0.03875121982236802 0.07954559650546122
0 0.4379688116857481 0.177241202157719 0.04457823397815497 0.0834831749293604
0 0.7315107250954073 0.8324235807860262 0.04145282273983413 0.07738248137683022
0 0.144743 0.500873 0.04071600000000001 0.08122299999999996
0 0.49889798308988026 0.6212688274466991 0.04471003382023958 0.0814793451066016
0 0.1498454023555731 0.712047162792191 0.039459195288853784 0.07808867441561781
0 0.26631793657060143 0.9260210634472129 0.04079484142650347 0.07770357051117392
0 0.498658 0.176419 0.04698000000000007 0.08558999999999999
0 0.3791946672259508 0.6179168817749808 0.04250566554809853 0.08119723645003855
0 0.028622187129885512 0.2848060621628564 0.04013686011317278 0.07834574877986128
0 0.4396960126332412 0.9337272026714615 0.0424397947098302 0.07770357051117392
0 0.31966726279773655 0.6156436143719497 0.042545474404526926 0.08050377125610073
0 0.843795330175023 0.8304711798099152 0.04033444242663506 0.07733074903673268
0 0.14699945140808002 0.607744883894169 0.04067609718383998 0.07883423221166205
0 0.622819 0.064629 0.046532000000000094 0.087336
0 0.2003443435539764 0.39617903930131004 0.04077290871605913 0.08275109170305682
0 0.9674230409264377 0.4077253685461084 0.03920191814712489 0.0788722629077832
0 0.900224 0.828821 0.04116299999999992 0.08034899999999998
0 0.8416768395183577 0.9316723250064218 0.041032320963284706 0.07552034998715654
0 0.376957 0.061571999999999995 0.046979999999999966 0.08821
0 0.08989349091985788 0.49981395389160027 0.037663018160284265 0.0781020922167994
0 0.7997234655217792 0.29619168090161824 0.04167617173312288 0.08313599473413817
0 0.20111900000000002 0.50262 0.04250599999999999 0.082969
0 0.7434893766943018 0.0703697767788338 0.044472753388603764 0.0865915535576676
0 0.14261744966442955 0.3946185461083997 0.04079484142650349 0.08155664012329822
0 0.26345605230951435 0.718751804135628 0.04132189538097118 0.07865439172874394
0 0.618792 0.5139740000000002 0.04563800000000007 0.084716
0 0.6824088762995131 0.2932316015283843 0.04457824740097393 0.08427979694323148
0 0.7394195704368995 0.4054521011430773 0.043781896499539445 0.08395840213203186
0 0.15115423654655757 0.8153052505914702 0.039525526906884864 0.07768649881705954
0 0.7978780052309514 0.4061909500385307 0.04292011100144764 0.08286738684818906
0 0.7959928938018159 0.5153480606216285 0.04178181339649949 0.08348317492936042
0 0.25604667377286483 0.17492299537631648 0.043610652454270274 0.0833420092473671
0 0.6792206660086852 0.5147381648471616 0.04346567732596399 0.08226338338042642
0 0.31864402914857215 0.5075072561006935 0.04280194170285564 0.08192948779861288
0 0.2039278978813002 0.6108462675956845 0.0413602042373997 0.08311046480863092
0 0.14072575338860377 0.2856087849987156 0.04260429003816293 0.08187772925764192
0 0.7383509253755194 0.5162509784778541 0.043656149248961454 0.08365604304429199
0 0.26487700000000003 0.822271 0.04205800000000001 0.07947599999999996
0 0.7364783531385709 0.6239080676855896 0.0438212937228583 0.07969386462882093
0 0.20734636136333726 0.820061649113794 0.0412883274115015 0.07898792704854872
0 0.7344201298338128 0.7287586704616345 0.04346474033237475 0.08134765907673118
0 0.7422851691011975 0.18366298484459284 0.04424924332148961 0.08540970973542257
0 0.19846361363337278 0.286250963267403 0.04293328069482826 0.08251990752632932
0 0.20589211751546255 0.7158361084639095 0.04101176496907489 0.07924478307218084
0 0.13967282053559676 0.17584137907783198 0.04280135892880642 0.08325224184433602
0 0.8528391876891697 0.515129531145646 0.04197262462166091 0.08240393770870796
0 0.9627778656731147 0.61959285461084 0.040439268653770205 0.08133829077832008
0 0.6808461639689434 0.4048933984073979 0.043097776023160915 0.08605188800410997
0 0.9079316481773918 0.6208772111482147 0.040958703645216685 0.07876957770357058
0 0.031991 0.389083 0.038925999999999995 0.07598300000000001
0 0.08290564547966837 0.1765990238890316 0.04013686011317278 0.08219881839198562
0 0.8028391524542703 0.07277782301566917 0.042643695091459516 0.08326435396866173
0 0.914271557079879 0.2988763048420241 0.04080788584024222 0.0833678164654508
0 0.972578628766943 0.1921718469047007 0.03898539281484411 0.0825199075263293
0 0.9097345315173049 0.5142628066401232 0.04228906303460981 0.08180061328024656
0 0.855481 0.4065500000000001 0.043848000000000095 0.08296900000000006
0 0.790828 0.727511 0.0442949999999999 0.08209599999999997
0 0.903356 0.725764 0.041163000000000026 0.08034899999999998
0 0.9696935082247665 0.30050714397636785 0.03913698355046725 0.08020771204726435
0 0.9192390000000001 0.077729 0.0416109999999999 0.08209599999999999
0 0.8614159612449006 0.0746401061520678 0.04318992248980116 0.08639921230413562
0 0.682630141019495 0.18144091484716157 0.04445528203899012 0.08689982969432314
0 0.6837248322147651 0.06758926277934756 0.04490722463482043 0.08701515540714101
0 0.8590405032899066 0.18723348182635502 0.04201900657981302 0.08276396365270998
0 0.7943942715817871 0.6231504785512457 0.042532456836426 0.0794630428975083
0 0.8571851559415713 0.2973285384022605 0.04046585076983806 0.08219881839198562
0 0.8506512180550071 0.6228296394169022 0.0418735638899855 0.08010572116619578
0 0.913647 0.40698700000000004 0.04205800000000001 0.08384300000000003
0 0.8004342676667983 0.1852684305163113 0.042110804053164946 0.08348317492936037
0 0.917308198447164 0.18992422296429487 0.04063034609817089 0.08059337272026712
1 0.7360739770693512 0.4034164003981505 0.009296972825371877 0.03698944425892626
1 0.7225916312343729 0.9264128959029028 0.014877271812080635 0.012702078731055784
1 0.6758025492828004 0.1937449707808888 0.013706126595604598 0.009376228487027979
1 0.7289907948085275 0.8203377235422552 0.011290683050401233 0.01935537747238634
1 0.8053695059163847 0.4925777227427948 0.00857773641368564 0.018554703248691407
1 0.8983288935715226 0.41249688299511944 0.011803852546387578 0.013691052915489327
1 0.679076051618634 0.61728760165682 0.00683013126727192 0.020883311970202975
1 0.5505886399197262 0.7270612022861545 0.004231326556125842 0.008759691497559733
1 0.6108174672654297 0.8267020355124584 0.01438296256086325 0.013690714487541689
1 0.608978436899592 0.6165874832391472 0.023324873799184152 0.04540196647829423
1 0.19997005918541913 0.7122975358977652 0.01425911837083825 0.010673358720780858
1 0.4343795320107909 0.9212175296044182 0.0060270920515857135 0.02566152440277425
1 0.8558559962166074 0.39497831550218343 0.012199048493222725 0.015977096198304674
1 0.10143099805895513 0.6958063597482661 0.007692024147914195 0.024390362959157523
1 0.15652066416633767 0.8072310397508348 0.012659421766021821 0.015386366426920041
1 0.7874027436175812 0.6191436092987413 0.009613515265166437 0.03001486206010789
1 0.967242414857218 0.2802978910223478 0.012810867087774677 0.0591062472386334
1 0.5513260745163837 0.9358916785897764 0.013284158376102069 0.02071600064217815
1 0.31419295446769313 0.6229128147315695 0.009197983682063433 0.020549916388389506
1 0.6168871401829188 0.5180129912663756 0.014087280365837588 0.02035726945800154
1 0.9525628657389132 0.6284933941048035 0.01453475016449525 0.018379253403544755
1 0.26029744726279774 0.5046942259825329 0.013685931898934058 0.023876382352941063
1 0.03143169407158837 0.6060879624325712 0.015107397486511376 0.015026746596455134
1 0.615436 0.41048 0.010290999999999922 0.01572099999999999
1 0.5480686352480589 0.837304130169535 0.009600326556125706 0.020742368995633212
1 0.6703939020594816 0.7254688436295915 0.009060860178970754 0.024787974184433514
1 0.012366731379128833 0.28736207141022346 0.011126518818265561 0.02250164705882353
1 0.3652749780234241 0.4150909895324942 0.011323974733517556 0.012998087721551482
1 0.19866432086458746 0.622617369059851 0.014896651072509513 0.014076846776264987
1 0.25832325332280565 0.8356281573336759 0.009738544018949863 0.022809958129976732
1 0.09328857046979866 0.6031466232982275 0.014765140939597304 0.016414176984330762
1 0.4946934014015002 0.5160415727587979 0.010086812146334953 0.01723614551759564
1 0.9595867933280695 0.40868254386077574 0.010027624029477272 0.020035374646801943
1 0.31624226871956834 0.8277677883380427 0.008389261744966443 0.026971487284870276
1 0.7326817153901829 0.5147059292961726 0.017397458810369682 0.023760502054970285
1 0.1424298673838663 0.4057922416516825 0.015179744111067239 0.012972413691240657
1 0.3750493485984998 0.5060364757256615 0.009540729043295192 0.029540200359619774
1 0.5530565698447164 0.41655513087593116 0.00916518640610602 0.02419772694580005
1 0.9028553094815108 0.6250447778063192 0.013936703053033173 0.024634307731826205
1 0.15716867117383862 0.6089136407012586 0.011363407751019888 0.010017568327767712
1 0.9167356249506514 0.1933279610197791 0.013482296617976054 0.018558565502183363
1 0.3756480668509014 0.7341059230028255 0.012949161731806819 0.0171464894682763
1 0.8447294097249638 0.72838428930131 0.012738838136596787 0.024094508990495693
1 0.8055959493025397 0.406961187323401 0.014350935978418258 0.017056305034677526
1 0.4300138170482959 0.8342922638710506 0.008507699499934117 0.028050458129976856
1 0.8551617532241085 0.2965518116491138 0.014574506448216869 0.020176623298227527
1 0.026881785169101197 0.4044053112638068 0.009073645084879591 0.033085087721551484
1 0.09246634382813529 0.5113344933855638 0.012790696999605193 0.01637545196506539
1 0.7980688114225555 0.3014191855895197 0.013942650875115014 0.01686365810428971
1 0.1548396992038426 0.7002826173901876 0.014376398407685217 0.025070521705625317
1 0.19961508093170155 0.4077832006164911 0.009047243058297131 0.026971487284870276
1 0.6196375747795763 0.29246076708194196 0.015495214962494994 0.02065257320832261
1 0.6254277874062376 0.1768624283329052 0.010165612185813879 0.02323378705368609
1 0.09099561017897093 0.3986257068456203 0.012442257731280415 0.02216805715386585
1 0.6809051988419529 0.29278160621628563 0.0156734817739177 0.023863964551759535
1 0.19831258721542305 0.508643716221423 0.011981221147519384 0.023683541099409136
1 0.36433424203842607 0.6258092701643976 0.011889484076852204 0.014114827254045783
1 0.25761624164363733 0.7250769773311072 0.0124685300039478 0.028140419856151917
1 0.13605419680221081 0.2967572399178012 0.01411347769443346 0.01719705368610323
1 0.30504006191604155 0.29657105188800414 0.010396254638768294 0.0239912124325712
1 0.2668148701802868 0.6198560647315695 0.011836768390577759 0.02858995119445145
1 0.48221805500723774 0.623876188029797 0.012666140281615978 0.01990752632930898
1 0.5524213315238846 0.1717442424222964 0.009448691077773371 0.02191095003853069
1 0.3212825666535071 0.7279670295402003 0.017061133307014077 0.03327734600565113
1 0.7979995824450586 0.17307348266118674 0.011449183576786317 0.023747717441561764
1 0.1357659051552243 0.18649489137216826 0.009708202473188366 0.027855853909160438
1 0.9139823959731543 0.2978554084253789 0.015369857349651182 0.02270685589519645
1 0.3639466059520502 0.05490133007487323 0.011351230590769732 0.028631947074996934
1 0.5526913175088828 0.6205687701643976 0.011869635017765421 0.027164540328795225
1 0.08028446663825857 0.186459740607888 0.013288529171549313 0.020717449539058713
1 0.3716999289709172 0.3034418910223478 0.005053885971838445 0.012818247238633416
1 0.3082282722068693 0.5125480727587979 0.013889553757073304 0.02293878898022089
1 0.08543958124401732 0.08039580820217061 0.022896334287856913 0.04406325130693541
1 0.24858185843532044 0.2965000247238633 0.013100791617318029 0.026059801566914977
1 0.3071950642518752 0.1856795425122014 0.009376156533754476 0.022938371949653213
1 0.4280363287274641 0.5158938652067814 0.011475704171601452 0.0355125521448754
1 0.5575369997697065 0.29360381929103524 0.011718999539412953 0.032494390701258626
1 0.49398613972233185 0.7313448686745441 0.013146288787998384 0.027806024274338488
1 0.19189043064876957 0.2951194975597226 0.01034994538755099 0.03331610377600812
1 0.01425520094749309 0.07571278949396353 0.021601598105013817 0.031980421012072956
1 0.18989710076057434 0.18485785055616497 0.0051234988327931935 0.016670012784300938
1 0.08660690222397684 0.28548017030567685 0.01233692591130412 0.025623270999229307
1 0.9190878399131465 0.0808435929874133 0.014041717199631341 0.032250651168764445
1 0.37453286123174107 0.1731181163627023 0.007941778523489871 0.02686934138196759
1 0.7376001710093434 0.07416534510660158 0.01479834201868654 0.028910511944515792
1 0.965814622812212 0.08329664519650654 0.018627367087774637 0.035692864243514005
1 0.24957418408532792 0.18081870695228724 0.0176959534506101 0.024311725576545467
1 0.7974997576983812 0.07021560486771128 0.02133158080010521 0.030388209735422545
1 0.554125289478879 0.5177303826098125 0.011304625674430654 0.03440823041356278
1 0.43281353201079087 0.1761946066015926 0.009488082708251149 0.029064678397123032
1 0.4283558450782998 0.29020698991780114 0.009191718186603505 0.032866266760852816
1 0.7437755845834978 0.18957724582584123 0.012975215883668763 0.031197422039558186
1 0.8611496784774312 0.0749421744798356 0.01213938498486637 0.0357051706909838
1 0.49030494344650616 0.1835411762137169 0.012283914923016108 0.027857282815309557
1 0.436021190913278 0.403371516696635 0.013271475259902599 0.032583963781145614
1 0.550628537143045 0.07422281582327253 0.018627121002763463 0.047418740303108144
1 0.6783982128569549 0.07618139731569484 0.018713509803921495 0.03258454675057795
1 0.24983522580859208 0.07271106968396122 0.01555345161718421 0.03813200170231664
1 0.4976310743189893 0.2937900073208322 0.014081186011317207 0.0308376581042897
1 0.49105110234899324 0.06765972880811713 0.02329324207132518 0.04320610107885949
1 0.13751381534941212 0.07030858812885084 0.01787380249864643 0.03866140243464731
1 0.4274575506974602 0.06541260486771126 0.01592316679826287 0.039352031466735174
1 0.6190255794512435 0.07236705818135114 0.016390214962495084 0.042139759825327514
1 0.306603017535202 0.07048565707680451 0.017469053757073274 0.04012295761623427
1 0.19665579361468166 0.07350312943157428 0.01953488454100779 0.03950843286951374
1 0.020358000000000005 0.510917 0.004922 0.020960999999999935
1 0.03986720653966766 0.6775364330054009 0.014683314906008795 0.01938414782316782
1 0.09459824217214984 0.807941179565884 0.019748779654212557 0.028772299691008196
1 0.2016415498420845 0.8057858886462883 0.012232099684168971 0.013139242486514123
1 0.38209045256166363 0.7982080405375971 0.009488914466661957 0.010851724537819513
1 0.38208299210422425 0.9324751089776523 0.010607012238452368 0.010852504880554734
1 0.3290234802276616 0.9303367426791679 0.012107007171996292 0.016413594014898378
1 0.263666465949467 0.9123106480220908 0.005302941242268717 0.023567761238119725
1 0.21367943150414526 0.9107693295658873 0.007895775759968434 0.029861289493963373
1 0.10417145834978286 0.9188993784998716 0.007145963416238968 0.024518222193680776
1 0.1557374935846822 0.9185587991266375 0.0056720058560336545 0.018777598253275133
1 0.612511700914594 0.7272671305548419 0.013955411172522672 0.013485261109684073
1 0.7815665450059219 0.7369187948240431 0.013719127385182207 0.037850054842024056
1 0.6704993927161469 0.5207166054456717 0.011810794775628363 0.031004497816593854
1 0.8502138746874588 0.5127406640123299 0.006375777404921729 0.005856971487284829
1 0.9050008375115147 0.5002182183406114 0.007671703053033149 0.024480080143847886
1 0.9577740492170023 0.5129398921140508 0.01167916831162001 0.02986128949396357
1 0.8485656270232926 0.6149948440148986 0.010330254046584945 0.01776268802979696
1 0.8966939145940256 0.7170948826740303 0.013428857218054945 0.015848765348060647
1 0.9480389942097643 0.7063448304649371 0.006145988419528791 0.023863126123811966
1 0.841110762501645 0.8146671267659902 0.0055005436899591585 0.021706075263293066
1 0.6122777266087642 0.9281145122013871 0.009159509277536462 0.006730133059337241
1 0.6623702338136597 0.9330719035448243 0.014251505000657933 0.01222762882096039
1 0.7792538861034346 0.9293924655150271 0.005513809580207926 0.020870861417929577
1 0.8384522998749836 0.9250062252761365 0.0062115997499670875 0.0251480940148987
1 0.8891928140873798 0.9243448067685589 0.007704646861429051 0.017480435268430385
1 0.9426043096131069 0.893764189185718 0.007474628569548513 0.016350378371435912
1 0.6653740001644954 0.8299126768558952 0.005612047045663732 0.02011299717441566
1 0.8913805337215422 0.7945606059594142 0.006619114159757862 0.009902677112766501
1 0.674440850671141 0.41213066015926025 0.009849710685616415 0.012496963781145605
1 0.8515298373141202 0.1887616859748266 0.008678712001579124 0.012278837143591051
1 0.9668347209172259 0.18207653487028 0.005401488551124976 0.020511713203185195
1 0.09272736998862238 0.039784031210656746 0.008585454062949272 0.019207232860532
1 0.19782813699444446 0.21456229861341833 0.011586280904672624 0.04042119982987733
1 0.028585685595353693 0.7113647133217741 0.011410660082229135 0.02874852725850225
1 0.38089314759688137 0.8188479506271444 0.004444063148354538 0.007281396531051419
1 0.37873648092097884 0.07682830531533333 0.011210052004893466 0.02207190493858873
1 0.7965383256799716 0.5190104081163608 0.010428756454895554 0.022490724628164274
