0 0.6215985825458589 0.16090098692174662 0.0401329627570873 0.0767063188499784
0 0.5232083382434687 0.9400949990272371 0.039221177876598186 0.07737323151750984
0 0.2756566147859922 0.4511929853004756 0.038563090605892164 0.07633484651967137
0 0.07615341856586987 0.06023022049286639 0.03838938299055031 0.07397049286640728
0 0.6710815172317955 0.844967707414613 0.039390660922734966 0.07689228901859055
0 0.42357106364647024 0.4524015310203199 0.039783872707059534 0.07875193795936011
0 0.6217690383546415 0.6479409857328144 0.0397790439132852 0.0773481409424989
0 0.9188090605892163 0.4538951037613489 0.04151612006670372 0.08106355382619969
0 0.47328939883268484 0.2582813988326848 0.03951237187326291 0.07894120233463033
0 0.42413456364647023 0.25795101642888024 0.0388263813229572 0.07895596714223953
0 0.968834212618121 0.9409292665369651 0.039773761534185326 0.07696499654128826
0 0.9687780621178433 0.6483570604193688 0.040008875764313445 0.0795313495460441
0 0.9202063497776544 0.16102883971033288 0.039794300444691545 0.08033967250324256
0 0.521510549749861 0.45348567823173364 0.040762900500277914 0.07889364353653262
0 0.3243148789605336 0.3553480876567229 0.04025990300166755 0.07617423108517075
0 0.9689237076153417 0.8436756917423258 0.040647581989994463 0.07903696498054469
0 0.4729884658143413 0.3554366623432771 0.03960533629794339 0.0766726113272806
0 0.77133129516398 0.06293233895373972 0.0383893829905503 0.07599708171206226
0 0.7702457871039466 0.4545523968871595 0.040039934408004484 0.07900049200172926
0 0.2262917038632573 0.45087260419368785 0.03884660950528073 0.07772067315175106
0 0.42336908699277376 0.5503023837008214 0.03972733463035029 0.07865005490704706
0 0.5715675375208449 0.8435068093385213 0.0397790439132852 0.0773481409424989
0 0.7699416342412452 0.5518468979680069 0.0397790439132851 0.07903696498054479
0 0.47272790439132845 0.6477721033290099 0.038389382990550405 0.07768590575010807
0 0.5221477209560867 0.25782263294422825 0.039605336297943286 0.07869920017293561
0 0.6211512668148972 0.3555543839169909 0.03923833129516408 0.07758358408992648
0 0.1760352973874374 0.2556271616947687 0.039084213451917725 0.07633484651967144
0 0.9193301834352419 0.8455333981841764 0.04151612006670382 0.0800502594033723
0 0.8706160145914397 0.16143301653696496 0.03962697081712057 0.07979696692607005
0 0.8698235130628127 0.6494609273670556 0.040126459143968826 0.07768590575010807
0 0.9190696220122291 0.7480882511889321 0.040647581989994463 0.07903696498054469
0 0.2762348504724847 0.5492348837008214 0.04041439244024464 0.07786611413748368
0 0.869476097832129 0.8440134565499351 0.0383893829905503 0.07768590575010817
0 0.7711575875486382 0.16071525075659313 0.03908421345191775 0.0783614353653264
0 0.9688899159255141 0.5511377077388673 0.039885168148971466 0.07761858452226544
0 0.07689484449694273 0.15715517769130996 0.039872234852696004 0.07867211500216169
0 0.2271921901056142 0.9380809554690877 0.04030016675931076 0.07599708171206229
0 0.47320698360200114 0.16032560451794203 0.03969495664257937 0.07825767250324255
0 0.9192433296275709 0.3556055447470817 0.039952751528627116 0.07768590575010807
0 0.4734227348526959 0.8433379269347168 0.03908421345191775 0.07701037613488972
0 0.2260630906058921 0.2564715737137916 0.03943162868260148 0.07937472978815391
0 0.5226227573652029 0.06313250183744053 0.039860578654808264 0.0763974074794639
0 0.5220004692884935 0.16083331009511453 0.04000566342412445 0.0799486132728059
0 0.720261256253474 0.8433379269347168 0.03873679822123403 0.07633484651967147
0 0.9192433296275709 0.6487853977518373 0.040647581989994463 0.07903696498054469
0 0.47348195886603667 0.9391877342196283 0.03861835019455257 0.0764856426718546
0 0.6712528243468594 0.7472676047341115 0.03938585992217907 0.07807120168612187
0 0.8195249423290716 0.25935670719844356 0.039237488882712564 0.07906523022049283
0 0.7695073652028905 0.8438445741461305 0.038910505836575834 0.07667261132728065
0 0.028383824346859307 0.44984192607003887 0.037694552529182884 0.07836143536532637
0 0.27713312951639796 0.9394320146995245 0.03908421345191775 0.07532155209684394
0 0.8208379655364092 0.1608841331603977 0.03943162868260148 0.07869920017293558
0 0.6219290929683158 0.25799020719844357 0.03975173790994992 0.07700775983571119
0 0.37444694038354637 0.25684436921746645 0.039854136464702705 0.07741820233463034
0 0.5227367954419122 0.6483958252269779 0.03904640911617575 0.0789333495460441
0 0.42394202126181213 0.35572089872460005 0.03913612701500837 0.07724108408992651
0 0.9688368538076709 0.453050691742326 0.040126459143968826 0.08005025940337221
0 0.7708970261256254 0.26001810419368787 0.040994997220678085 0.0810635538261998
0 0.8209097641745413 0.06347350183744054 0.039922641189549676 0.07707940747946392
0 0.6214216231239578 0.8450267509727626 0.03943162868260148 0.07768590575010807
0 0.9207627226236796 0.06323288424124512 0.03951738521400766 0.0765981722870731
0 0.770506263757643 0.6492215456117595 0.04056088771539734 0.0778826718547342
0 0.27516074666481377 0.15890469249891911 0.04104550667037249 0.07879349654128834
0 0.325510700389105 0.8401291612624296 0.039605336297943286 0.07464602248162558
0 0.9188959143968872 0.9411208387375704 0.04064758198999456 0.0773481409424988
0 0.4719462201222901 0.45338845654993515 0.039605336297943335 0.0773481409424989
0 0.6713575129238466 0.35748791353220927 0.039595237076153464 0.07807299524427153
0 0.22560630767092826 0.3542016191093818 0.03990772373540862 0.07825570255079982
0 0.9196775986659255 0.5515091331603977 0.040126459143968826 0.07363272805879816
0 0.07776027876598106 0.45015126534803285 0.038823781545302985 0.0776290546908776
0 0.969088227348527 0.0628257666450497 0.0392395453029459 0.07645946670990057
0 0.5717412451361868 0.3567877215737138 0.03943162868260148 0.07802367055771725
0 0.2747012229016119 0.3540856031128405 0.040126459143968875 0.0773481409424989
0 0.3748519170372429 0.6471612808041504 0.03962184408004451 0.07849084954604417
0 0.275830322401334 0.06191904453091222 0.039605336297943286 0.07802367055771725
0 0.8703551841300723 0.2592548831603977 0.03980014035575335 0.07953711175961953
0 0.37491577084491384 0.06317288424124512 0.03974955169538639 0.07647817228707308
0 0.5216642383268483 0.5504995892779939 0.04002803196220128 0.07836893644617385
0 0.22710533629794322 0.8409735732814526 0.03977904391328518 0.07836143536532633
0 0.7212166481378544 0.0631012213575443 0.03925792106725956 0.0756593169044531
0 0.7210567633407448 0.6499395900345871 0.0396329819344079 0.07931876070038926
0 0.7197401334074487 0.5523535451794207 0.04012645914396892 0.07802367055771725
0 0.5721813615897721 0.5508863105274535 0.040659276820455705 0.07914237894509313
0 0.27504863813229563 0.256302691309987 0.03977904391328515 0.07971249459576309
0 0.22658421345191768 0.5488070146995244 0.03943162868260142 0.07903696498054479
0 0.375191078376876 0.8421557501080846 0.039257921067259616 0.0759970817120622
0 0.8698906227070594 0.5513275753350627 0.03921843274041125 0.07732279009943799
0 0.969010561423013 0.2573159857328145 0.03908421345191775 0.07836143536532643
0 0.1781581844080044 0.936883515672287 0.0391610047248472 0.07562879096411576
0 0.8704837879377432 0.06324175183744055 0.039015102279043895 0.07661590747946392
0 0.6217690383546415 0.06276345654993513 0.04047387437465265 0.07633484651967143
0 0.12696289605336292 0.548131485084306 0.040300166759310724 0.07768590575010807
0 0.7710707337409672 0.3566188391699092 0.03856309060589221 0.07903696498054479
0 0.12833955252918286 0.7429012658884565 0.03923191217342973 0.07541829053177689
0 0.7702890494719288 0.7477504863813228 0.04012645914396892 0.07971249459576303
0 0.126876042245692 0.2556271616947687 0.03943162868260145 0.07565931690445311
0 0.42350902556976094 0.06303916385646346 0.039659796553641005 0.0748596722870731
0 0.4734266912173429 0.06325803145265887 0.03909212618121174 0.07597293709468224
0 0.22580252918287935 0.15885754431474272 0.03925792106725959 0.0773481409424989
0 0.7213634371873263 0.258867324794639 0.04024632962757083 0.07808646541288371
0 0.820023287520845 0.8450826194336358 0.039539348804891614 0.07779764267185474
0 0.5222738845191773 0.3560860163207955 0.040552493885492015 0.0779713192823174
0 0.819795719844358 0.3567877215737138 0.040126459143968826 0.08005025940337221
0 0.9684512930794885 0.7468794575226979 0.040050168148971665 0.07932149610894958
0 0.9692469773485269 0.35591623670557715 0.03990446053362981 0.07830728966709898
0 0.37510422456920506 0.9382498378728922 0.03908421345191775 0.07498378728923485
0 0.17646974152306835 0.15776881009511456 0.039605686492495906 0.07787279096411594
0 0.820197433713174 0.551543442931258 0.03919281072818228 0.07640346606139205
0 0.17630757629238464 0.3542057515131863 0.03962877126181216 0.07691290812797237
0 0.6709282934963869 0.5525224275832252 0.04082128960533627 0.07903696498054479
0 0.4234817954419121 0.15970195633376563 0.039257921067259616 0.07971249459576309
0 0.1262680655919955 0.06023022049286639 0.039605336297943314 0.0746460224816256
0 0.17629932629238462 0.061347884241245126 0.039264856031128455 0.07417923151750973
0 0.5722455501667593 0.16044806009511456 0.039745408282379 0.0791781132728059
0 0.22623679822123396 0.7435284262862084 0.03838938299055033 0.07802367055771725
0 0.6215428429683156 0.4537338986165153 0.040021483602001036 0.0787145546908776
0 0.5222345747637577 0.8423246325118893 0.03908421345191775 0.07565931690445302
0 0.9694778311561979 0.16101414894076954 0.03967133768760423 0.07828370211846093
0 0.5724786306281268 0.939230604517942 0.03951673874374646 0.07626979096411585
0 0.374489959421901 0.7453938399265024 0.0395927593107282 0.07770132014699538
0 0.670754585881045 0.6484476329442282 0.04012645914396892 0.07701037613488972
0 0.6713504895775431 0.45419816342412445 0.039581190383546426 0.07829202507565933
0 0.6710151473040579 0.9402764267185475 0.04030016675931074 0.07701037613488972
0 0.42452404113396325 0.939600897103329 0.03891050583657589 0.0743082576740163
0 0.8703036650917175 0.7469527658884565 0.04073934797109503 0.08149470168612193
0 0.9200495807392997 0.25853586921746646 0.04017559282934978 0.07877461348897537
0 0.5718649463590884 0.6491204428231734 0.039679031128404624 0.07903152550799843
0 0.621074207893274 0.5516780155642024 0.0383893829905503 0.07802367055771725
0 0.5720886603668704 0.06377675097276263 0.0397790439132852 0.07633484651967143
0 0.1775118121178432 0.7435284262862084 0.03925792106725959 0.07667261132728055
0 0.571932465397443 0.45311292823173366 0.03981406920511391 0.07814814353653259
0 0.3241210394663701 0.2579915153480329 0.03821567537520844 0.0776859057501081
0 0.4244371873262923 0.8426623973194984 0.03873679822123403 0.07701037613488972
0 0.3252501389660922 0.9377431906614786 0.03977904391328515 0.07599708171206229
0 0.028557531962201163 0.05989245568525722 0.037694552529182884 0.07397049286640725
0 0.7209598671484158 0.3570464135322093 0.03874435908838235 0.07786552485948982
0 0.869450499861034 0.4557238838089061 0.040422678432462486 0.07999240661478592
0 0.42417662590327954 0.7443728383052313 0.039605336297943286 0.07768590575010807
0 0.7201744024458033 0.45473951578037175 0.039605336297943286 0.07802367055771715
0 0.6717099777654253 0.06310122135754428 0.03995275152862701 0.07633484651967143
0 0.028322735964424646 0.15610842769130995 0.03965686714841585 0.07725414461738005
0 0.22647414244024455 0.6458987659965412 0.0392114866592552 0.07934346800691738
0 0.22600343051695382 0.06162736943363595 0.04000713896609234 0.07608926113272807
0 0.12834486395219563 0.8395013981841764 0.03889511978877158 0.07744367401642883
0 0.37440939410783763 0.35577442715088625 0.03977904391328515 0.07734814094249895
0 0.8205784527515287 0.4551298402507566 0.03995484880489164 0.07880431949848679
0 0.42435033351862134 0.6470965737137916 0.038563090605892164 0.07768590575010807
0 0.1775986659255141 0.8397913964548205 0.03977904391328518 0.07667261132728055
0 0.37414883268482485 0.452206279723303 0.03891050583657589 0.07836143536532633
0 0.8700498303224012 0.3550922070903588 0.03988426320177873 0.07936134889753567
0 0.27652515286270146 0.8421557501080846 0.039605336297943286 0.07802367055771725
0 0.1769906892718176 0.5483003674881106 0.03891050583657586 0.07667261132728055
0 0.621074207893274 0.7472438391699092 0.03908421345191775 0.07802367055771725
0 0.6715362701500833 0.16071525075659313 0.03995275152862701 0.07971249459576306
0 0.17689643871595329 0.4498086181366191 0.039069419955530905 0.07761928988326848
0 0.8205952641745414 0.9399720017293557 0.039988471650917234 0.07572599654128846
0 0.4730605026403557 0.7455734575226977 0.03940199471928853 0.07873608495460438
0 0.3255225718454697 0.4512817783182015 0.03888676292384652 0.07750831971465619
0 0.7211784943023902 0.16037198692174662 0.03987644385769867 0.08037702615650673
0 0.1272234574763757 0.44967304366623434 0.03873679822123403 0.0759970817120622
0 0.1278314341300722 0.935547719412019 0.038910505836575876 0.07565931690445321
0 0.47255419677598665 0.5506647211413747 0.0390842134519178 0.07802367055771725
0 0.2763514452473596 0.7431906614785991 0.03995275152862701 0.07802367055771725
0 0.0298996468871595 0.740522133484652 0.03864170622568099 0.07538873303069603
0 0.572188569205114 0.7467798834846519 0.039631446359088426 0.07979787764807611
0 0.32533699277376316 0.5496514267185473 0.039605336297943286 0.07802367055771725
0 0.12858929210672593 0.6449795595546909 0.04042622178988333 0.07885611435365329
0 0.030997581156197853 0.9342805008646778 0.03771083768760429 0.0758269982706441
0 0.12704974986103384 0.15750648508430606 0.03873679822123401 0.0766726113272806
0 0.572386861589772 0.2584170312364894 0.039680615897720935 0.07853693752702119
0 0.1267023346303501 0.35307230869001294 0.039084213451917725 0.07734814094249895
0 0.6216358091995553 0.9399464869217465 0.039860000833796504 0.07432390769563331
0 0.6718007481934408 0.25874448681366186 0.04048170761534189 0.07851631906614785
0 0.8197088660366871 0.7469060743622999 0.04030016675931074 0.08072578901859057
0 0.7705496108949417 0.9385876026805015 0.039605336297943286 0.07498378728923466
0 0.3251632851584213 0.6472654561175961 0.03995275152862701 0.07802367055771725
0 0.078411382573652 0.7415873982922611 0.04012598916064486 0.07616820341547785
0 0.029512923846581374 0.5467804258538693 0.03856309060589217 0.07701037613488983
0 0.1769906892718176 0.6459143968871595 0.03995275152862704 0.08005025940337221
0 0.3241089299610895 0.06219588153912667 0.039976970539188375 0.07746999654128836
0 0.5224082823790995 0.7455550151318633 0.04012645914396892 0.0773481409424989
0 0.028210116731517448 0.3515523670557717 0.03873679822123403 0.07701037613488977
0 0.3246349399666481 0.15998938326848247 0.03959089160644815 0.07961181884997838
0 0.029455382156753723 0.6436076771508863 0.038795422456920574 0.07476129031560753
0 0.07949206684269035 0.935297265672287 0.03811837493051701 0.07583393904020753
0 0.37441593607559753 0.16063033971033286 0.03979212784880493 0.0802182021184609
0 0.07728251806559194 0.35273454388240383 0.03821567537520845 0.0773481409424989
0 0.07715200972762644 0.25445076556420226 0.0393443196220123 0.07735970233463033
0 0.32507643135075037 0.7443728383052313 0.03908421345191775 0.07498378728923476
0 0.07867217898832679 0.8381025724167747 0.038563090605892164 0.07667261132728065
0 0.27589647331851025 0.6464901484003458 0.04008505336297945 0.07985070319930829
0 0.0299178968871595 0.8373796185689582 0.03867820622568099 0.07657776286208386
0 0.07902067065036127 0.6445335891699092 0.03856524346859371 0.07796417358408991
0 0.3742356864924958 0.5493136619109382 0.03908421345191775 0.0773481409424989
0 0.07789049471928843 0.5479626026805015 0.0380419677598666 0.07532155209684394
0 0.7207823790994997 0.7479193687851274 0.039431628682601375 0.07734814094249899
0 0.7206749605336299 0.9396164721141375 0.039564206781545354 0.0750149373108518
0 0.02768899388549188 0.25410722006052744 0.0380419677598666 0.07802367055771725
0 0.8204932684824903 0.649673913207955 0.040479310728182276 0.07743634781668834
0 0.8698235130628127 0.9402764267185475 0.03908421345191775 0.07701037613488972
1 0.12910262367982211 0.9027652534587116 0.004405925514174491 0.017602329226113354
1 0.023641796692606975 0.7337828015564202 0.007225856309060525 0.01712689580631209
1 0.07868283087826566 0.9261032717250324 0.005189924680377926 0.01956442498919131
1 0.27833310158421337 0.6449478469520104 0.003332407170650293 0.006999571984435743
1 0.03081897234574761 0.050011874621703416 0.003641377153974374 0.014019160397751812
1 0.3700623125347415 0.557067274751405 0.004004057531962246 0.014553842196281863
1 0.17437860936631458 0.8433121263510593 0.009740557809894362 0.010184545395589968
1 0.3207816425792106 0.443108184284479 0.005289132851584151 0.01819619087764791
1 0.3222421530016676 0.2466438604626027 0.006537094774874928 0.011886835927367093
1 0.12263509421901052 0.15982814105058363 0.006223697053918796 0.009880574794638984
1 0.1231741556420233 0.35574518525724164 0.005145574207893233 0.009853663207955084
1 0.474159823790995 0.051766948659749235 0.005995249583101777 0.005780305015131832
1 0.12429307087270704 0.8322281246217034 0.004992235130628078 0.009384541936878517
1 0.8207760896331295 0.349926876026805 0.003771611728738122 0.018112633592736748
1 0.9640428347693163 0.9359815234543881 0.004203102001111907 0.015345102680501672
1 0.028826118538076678 0.6346686980112408 0.009364160922734795 0.013371747946389905
1 0.22056984936075597 0.9311626105706874 0.005948961645358481 0.018227632295719724
1 0.12082026375764313 0.4508714055339386 0.006726620900500205 0.008073985300475428
1 0.722635292106726 0.9385498030696064 0.0048058471372985625 0.008857484219628335
1 0.016952559616453554 0.2530638317120622 0.010181873540855969 0.011206426502377858
1 0.7148736821845469 0.153461742974492 0.004695381600889448 0.009778308257673994
1 0.47029422859922176 0.15616115585819282 0.006430720122290064 0.01856560440985729
1 0.07129611714841576 0.34604678718114995 0.0043296667593106545 0.01573986705577182
1 0.3206566849638688 0.8371880819282317 0.004844217620900488 0.021081575010808328
1 0.7239993301834352 0.3469061843925637 0.004509677598666022 0.01537213186338092
1 0.8694401938576988 0.9448197447038476 0.007888650639244028 0.013881370946822475
1 0.27004780739299605 0.3421054187202767 0.0077434624791549765 0.011463070903588434
1 0.5691457103946637 0.25141712613488976 0.005364777098388121 0.01585089688715957
1 0.020038786270150055 0.4448816111111111 0.005399081156197824 0.020729103761348917
1 0.021518216231239548 0.5474788174448768 0.009041110617009388 0.016166986813661823
1 0.2214296183991106 0.3501942732382188 0.007356160644802603 0.020279957630782556
1 0.467680067676487 0.5483906414829225 0.006100398276820382 0.02312522373540846
1 0.319168123540856 0.9406406854734111 0.007821340466926075 0.01683525248594897
1 0.6213500836575875 0.9341067142239515 0.005875430239021792 0.02247236921746657
1 0.06851399861033904 0.2460759780587981 0.005030090605892098 0.01910236727194113
1 0.22327998693718729 0.7360605219412019 0.010603728182323507 0.01122039580631225
1 0.22196357601445246 0.251905978923476 0.004898584491384028 0.017575309770860362
1 0.8200332548638132 0.6404316988759186 0.009078848804891595 0.01197869044530907
1 0.32375790730961646 0.7368489783830522 0.006284908004446825 0.017749838305231296
1 0.7700810892162313 0.3505256408344142 0.006148271817676536 0.016239574362300106
1 0.36911256253474145 0.14352785970600948 0.00694580322401335 0.016811012105490693
1 0.9213263171206226 0.3429865511240813 0.007993558087826662 0.012402924556852558
1 0.1218193018343524 0.2518630381539127 0.00855011228460246 0.02238989861651536
1 0.8192295705947749 0.15696875864677903 0.004085327959977799 0.01830145806312148
1 0.41841270914396883 0.8337961690445308 0.00874851167315168 0.009626101167315227
1 0.07657829280155638 0.5396994193687851 0.004535187604224498 0.018215190661478548
1 0.21786102320733736 0.6427915821444011 0.004765724569205051 0.022796105058365847
1 0.5705673142023348 0.6463855089710332 0.005648306559199462 0.018985899481193138
1 0.9682160337687605 0.15144930220492867 0.00662657615341869 0.021234015564202294
1 0.22066576459143966 0.8321564782749675 0.005062300722623649 0.01966077885862511
1 0.47056764382990546 0.6489090385862515 0.005536474430239073 0.013938840250756632
1 0.6688888193440801 0.8457736420233463 0.00564231684269032 0.020123165585819315
1 0.9652850190383548 0.05157353750540422 0.006235131461923313 0.026433015780371796
1 0.6186638146192328 0.7387236404020753 0.010900553085047246 0.017378162343277083
1 0.07141430572540297 0.43648074178555984 0.005482950528071104 0.01388730587980981
1 0.6671602812673707 0.6501033626242975 0.005277825458588126 0.01965654755728479
1 0.7683888201778765 0.2537979345006485 0.007448318510283615 0.009062691309987108
1 0.024212087270705913 0.15834455047557283 0.009895825458588164 0.013497899048854319
1 0.7265179253752084 0.05794190510159965 0.01093718982768205 0.009643102896670962
1 0.870496731934408 0.05888222913964548 0.00994455725402992 0.009789043666234312
1 0.3669077554196776 0.935241758646779 0.005796773763201709 0.02290439883268489
1 0.6215631026959423 0.049228432987462156 0.00857612923846582 0.007479688283614332
1 0.1261625622568093 0.7349070663640294 0.008896387437465236 0.016229425421530448
1 0.7146157587548638 0.45761051664504965 0.01250694830461368 0.014861651534803282
1 0.7678373158699277 0.06379103837008214 0.010288403279599732 0.008753310203199286
1 0.37391696914952743 0.7458100532857759 0.006369785992217863 0.017391458495460494
1 0.8243433734018899 0.05609365596627755 0.005669840188994003 0.025499134241245117
1 0.616494736659255 0.4552556389969735 0.008385526681489657 0.017582722006052758
1 0.32088382684824895 0.1597549502810203 0.00855891662034455 0.016782252485948987
1 0.6241855369649806 0.6503005533938607 0.005763167315175061 0.013182399481193287
1 0.8678923867426348 0.15030405220492865 0.005425621178432444 0.022173456333765638
1 0.12338657087270702 0.05751434673584089 0.007152650361311785 0.018604575010808463
1 0.5709143713173984 0.4478835963035019 0.010860251250694931 0.009996426070038872
1 0.5224078475541968 0.448956596303502 0.009902203724291273 0.009201485300475572
1 0.5714964370483602 0.8429717448119325 0.004832306559199598 0.02234931193255502
1 0.36851412645914394 0.45171085938175526 0.010617747081712129 0.013195281236489324
1 0.1730475712896053 0.0590309643320363 0.008581066425792067 0.012869221357544307
1 0.31881622734852694 0.3472136251621271 0.009567378543635284 0.008677483787289237
1 0.07500067245692048 0.7377109905966278 0.012459655086159037 0.014373018806744575
1 0.7221212306837131 0.24843203728923477 0.0044443090605892415 0.0191189561175962
1 0.3222609920789327 0.5461513322524859 0.008236492773763107 0.01814642758322529
1 0.9653582266536964 0.5471052738867271 0.006088716231239744 0.02502042931258103
1 0.6655139274596998 0.1523891105706874 0.010307609227348483 0.0105725138348465
1 0.12422228849502197 0.5357583396058234 0.009302605852558748 0.008552058419113488
1 0.37194024249583096 0.8354079634673583 0.009975824068927202 0.0111312196281885
1 0.42122178960533624 0.05842252356247296 0.00590967259588661 0.02219245827929095
1 0.8161456977487493 0.9477517307609165 0.010600488882712662 0.01612375421530486
1 0.2704570954697053 0.4512814055339385 0.011788699555308518 0.008605044530912289
1 0.7704627570872707 0.4479842196281885 0.008511673151751 0.016550475572849065
1 0.2713854302390217 0.057233831928231726 0.009237199555308401 0.01646348616515345
1 0.5227556976097831 0.8446889861651535 0.005732351306281304 0.016212710765239988
1 0.4715580357142857 0.4508202879377432 0.010503995275152939 0.010202809338521331
1 0.17332031698165642 0.7343586395373973 0.011857142579210667 0.013273101383484587
1 0.5692794205113954 0.35722569833549506 0.011231158977209584 0.009995603329009986
1 0.7634038287937743 0.1549731549935149 0.01012258143413009 0.009457602680501479
1 0.6190343760422458 0.8378700523130133 0.010506845469705338 0.015664456549935164
1 0.8186009434408005 0.84256736154345 0.00951156503613108 0.009647486165153454
1 0.6700918150361311 0.7427959940553394 0.008100138688160083 0.018690869649805424
1 0.772888603946637 0.6437462589710332 0.005744470817120677 0.024264399481193223
1 0.9246194737354085 0.05564927269779507 0.011482286548082194 0.014903897319498469
1 0.37140532295719836 0.6409619636835278 0.013130154530294596 0.012269220060527391
1 0.5163485300166759 0.9357595234543883 0.005692322957198469 0.0225443988326847
1 0.9642294109227348 0.6402754340683096 0.013210160922735017 0.011615690445309152
1 0.8731340200111173 0.7374480079982706 0.008144133407448654 0.017902838305231265
1 0.07025661714841576 0.05878452356247296 0.007798327682045527 0.02011739904885429
1 0.6743487216509172 0.5542917007133593 0.00896653668704833 0.013349694120190195
1 0.47203307392996113 0.9345344249891916 0.009553918843802071 0.018914829226113303
1 0.42653750333518614 0.3475918751621271 0.01125934574763759 0.009947572632944298
1 0.8718989205113952 0.25458824459576307 0.00470827348526959 0.02301925226977946
1 0.5722291593941078 0.9409685382619973 0.01205224263479719 0.012126369217466583
1 0.22498152751528622 0.5389555195633375 0.010864944969427498 0.013397960873324738
1 0.4227869649805447 0.9341966601815824 0.010075041689827709 0.02026588845655001
1 0.5230265975541968 0.5485424942715088 0.008317288493607678 0.01944387008214438
1 0.2703207416620344 0.7347158895373973 0.012756237632017735 0.009180953307392868
1 0.171429736520289 0.9294347865326413 0.013206396887159473 0.012901395373973142
1 0.07172387437465252 0.641692336792045 0.009032795997776535 0.01823929961089495
1 0.4220647238743746 0.1534331114353653 0.00700312590327959 0.021995104409857337
1 0.4192238977209561 0.6434329793558149 0.005736473596442337 0.022188840250756747
1 0.8202487972484714 0.4440898463035019 0.0069106878821568575 0.021637103761348826
1 0.9219926095052806 0.24557572805879807 0.005271312395775648 0.020102867271941192
1 0.5717089370483602 0.5511852007133593 0.005102137020567049 0.020913753350627
1 0.7226989339911061 0.8390025375054042 0.009889791828793904 0.01137289731949842
1 0.17186631461923285 0.34783695417207083 0.005037520844913829 0.019590358841331607
1 0.2756344640077821 0.9316960373973195 0.006645190939410688 0.02053842671854728
1 0.3237736242356865 0.6443944552529183 0.007643135075041688 0.01080847384349326
1 0.22224152306837125 0.15835089710332897 0.00816425792106725 0.020265888456549936
1 0.6707568574207893 0.35457827410289666 0.004685562534741499 0.02164490012970166
1 0.7705390234852696 0.8440275827929096 0.008359140355753324 0.01753551750972774
1 0.620871164118955 0.5483720822524859 0.011002252084491257 0.013704927583225253
1 0.8179473863257365 0.25808742142239516 0.005260035575319628 0.024127253999135363
1 0.9171239061978876 0.6556080394509295 0.010839736242356882 0.009322723519239141
1 0.9187873239299611 0.932333637591872 0.011942352140077819 0.013837724816255953
1 0.5739125903279599 0.7411640726329443 0.005906058921623115 0.019928123648940834
1 0.22416900597554193 0.442906522265456 0.010562766259032711 0.012519748378728884
1 0.3712909734574763 0.05835778837008213 0.008147625069483055 0.022321928664072614
1 0.6201898950806003 0.15249939018590572 0.010280298777098348 0.013729602680501508
1 0.8737215623957754 0.5510085831171638 0.005926802946081214 0.022618047773454306
1 0.9647026609227347 0.7494248032857761 0.011568830461367594 0.009486428880242216
1 0.6702862493051694 0.9310479337440554 0.011532837687604313 0.011701689796800628
1 0.7691037544469149 0.7369240228058798 0.010187432740411444 0.02030186792044978
1 0.8725718953585325 0.8430401237570254 0.008797209282934862 0.018994752485948986
1 0.4249470266814897 0.4487285527453524 0.00992390105614227 0.017088398184176363
1 0.8665845562812674 0.4525419360138348 0.006304205947748796 0.02297222395157804
1 0.4210969738743746 0.5433770082144401 0.0099808715953307 0.019641897968006933
1 0.6212637298499166 0.2487636993082577 0.006048137854363692 0.02115775054042368
1 0.6715736056142302 0.25534769757890186 0.011886788771539817 0.011600604842196284
1 0.6691043635352973 0.05533263078253348 0.008337965536409187 0.019590358841331607
1 0.8694551705113952 0.6478966857976652 0.011332849638688254 0.020692253134457276
1 0.2737362208171206 0.15011144595763076 0.013182558365758825 0.017973108084738457
1 0.9691842690383546 0.2561338089061824 0.006774596998332477 0.030736597492434094
1 0.42386697206781543 0.7516443895373973 0.012235055864369165 0.017245220925205394
1 0.27378390258476926 0.8343217726977951 0.010346313785436325 0.02005889731949829
1 0.7203012921067259 0.6518760682014698 0.010863508060033463 0.009355840250756703
1 0.17219450986659252 0.4444599638996973 0.008202697887715335 0.0181947501080848
1 0.37244319830461364 0.2586070503674881 0.007358603390772649 0.020145899265023783
1 0.17258027890494718 0.1524399049935149 0.010905312117843177 0.013848573065283136
1 0.9703021903835463 0.4442106546692607 0.01252930461367429 0.013289131647211386
1 0.7205183369927738 0.5491960064850843 0.011110326014452453 0.012261987029831327
1 0.5176548985547527 0.05789544952442714 0.009680475264035643 0.013789191742325981
1 0.9712609619232907 0.35783560948984006 0.008496076153418488 0.01932178102031992
1 0.1701983679822123 0.2503745965196714 0.008025998888271196 0.011856189580631256
1 0.8192769200944969 0.7435291848249027 0.01232859449694266 0.00979366234327698
1 0.570264730405781 0.15598654345006482 0.010422456920511435 0.019590358841331607
1 0.2743780297387437 0.539515831387808 0.006031322401334041 0.023311073929961047
1 0.27236492593107275 0.25822483257674017 0.010752360478043293 0.012368428231733711
1 0.9204527937743192 0.7421991700172935 0.012172511395219285 0.011778162343277209
1 0.9173684510839355 0.16112762364894076 0.011189097832128932 0.023792752702118496
1 0.8673047526403558 0.35053907263294426 0.010422456920511435 0.019590358841331607
1 0.5194734980544747 0.645120729355815 0.01125450472484703 0.016786751405101538
1 0.5216627861311841 0.34941552323821873 0.006528513340744776 0.021161928015564255
1 0.47256430725403 0.7433149618460874 0.010616385491939846 0.016799076307825424
1 0.767683435241801 0.5464426610462603 0.01233324068927187 0.015537181150021635
1 0.925637304196776 0.8454455836575875 0.009446625625347491 0.026859048854301903
1 0.4695060001389661 0.839242167315175 0.009710999722067725 0.018829665369649754
1 0.6690175097276265 0.4538951037613488 0.009553918843802071 0.015537181150021635
1 0.4705111585603112 0.3540504065067012 0.014334825736520326 0.024727224167747565
1 0.42271163729849914 0.24463319498486816 0.008534725403001682 0.024623610030263747
1 0.6239105775430794 0.35186124102896665 0.010362844913841027 0.018181517942066548
1 0.8146734545580877 0.5487969472546477 0.010774090883824325 0.01686810549070472
1 0.5200111277098387 0.2555154327712927 0.01240274458032238 0.013287134457414584
1 0.9711609360755976 0.8410584939472546 0.013243719844358078 0.016042869433635962
1 0.4706700425236242 0.2563923299827064 0.01273391495275149 0.013014340034587086
1 0.916408432045581 0.45193993255512327 0.011006135908838185 0.018382134889753585
1 0.025257087270705886 0.8325294530912235 0.006079766536964978 0.014861651534803282
1 0.02777584769316281 0.9237259511456983 0.003474152306837135 0.013510592304366477
1 0.7767162312395776 0.9309878945092952 0.005384936075597579 0.004390942498919199
1 0.12137631770265357 0.5779703845066441 0.004998182479098493 0.004748904438790033
