0 0.32707868513119537 0.065696873015873 0.038997020408163253 0.07399578684807254
0 0.9226486909504836 0.7451997565294377 0.03610557768924301 0.07539287295263393
0 0.6769483604684787 0.9406727748538011 0.037781914690572495 0.07564941835357628
0 0.8235637121168305 0.35916628126405753 0.039297753903990845 0.07449540553306347
0 0.9230943911496869 0.9386203483842408 0.036996978087649623 0.07489452589641447
0 0.12932536005830902 0.35824815873015864 0.039262965014577274 0.07590674829931975
0 0.03023493294460641 0.35739240873015865 0.03896840816326531 0.0756124818594104
0 0.47742050291545185 0.36123245068027204 0.03829581632653064 0.07478916439909294
0 0.47667638483965014 0.2634282879818594 0.03790087463556852 0.07617630385487528
0 0.1299425415451895 0.6494620238095238 0.03940403352769679 0.07585148526077093
0 0.4774572529154518 0.7465985980725622 0.03727602186588927 0.07596363605442175
0 0.5777366953352769 0.9413941763038546 0.03666872594752186 0.07581556349206349
0 0.3287172011661807 0.8450255102040815 0.03790087463556852 0.07440476190476186
0 0.5281397463556851 0.8445065810657595 0.03842234985422733 0.07549275396825392
0 0.3779540706997084 0.26248968027210884 0.038706975218658866 0.07571632199546485
0 0.08015853644314869 0.9406789637188208 0.0382325247813411 0.07509375510204089
0 0.07940423469387754 0.35783750453514734 0.039274941690962094 0.07437682312925172
0 0.2278607871720116 0.06430697278911562 0.0384475218658892 0.07688492063492063
0 0.823254048582996 0.9390463337831758 0.036509543088490456 0.0752080521817364
0 0.42756924198250723 0.26325113378684806 0.038811953352769685 0.07511337868480725
0 0.37673104956268216 0.0664328231292517 0.03808309037900871 0.07546768707482991
0 0.17914424052478134 0.35800952097505667 0.039046498542274065 0.07472085600907036
0 0.525783527696793 0.0664328231292517 0.03735422740524774 0.07475907029478458
0 0.4782873658892128 0.6507927738095237 0.03820738483965016 0.07426128458049892
0 0.2792123199708455 0.844564985260771 0.0383809081632653 0.07560956235827682
0 0.6264343562753036 0.6502917629329734 0.037245519953730516 0.07476256320287906
0 0.17805230393586008 0.06431771428571428 0.037955919825072924 0.07619778684807256
0 0.9698378096186681 0.6486862992474546 0.03550658110415473 0.0739606905710492
0 0.8738689895893581 0.45547837123256857 0.03724781145170642 0.07453074156545215
0 0.4782237186588921 0.5545272953514738 0.038808953352769744 0.07589132539682542
0 0.8226046055523424 0.262212350539811 0.037379540775014417 0.07669078295096711
0 0.4286138724489795 0.5533780992063492 0.03907905685131199 0.07501016666666672
0 0.5283499912536443 0.6504105238095238 0.03884283965014583 0.07491401814058957
0 0.6760303081260844 0.5536396124606388 0.037391732504337735 0.07615574313990119
0 0.3283360138483965 0.2624335844671202 0.039325088921282864 0.07631274716553291
0 0.4779518950437317 0.8446712018140589 0.03717201166180755 0.07440476190476186
0 0.8740321911509543 0.5521609229644624 0.03685125332562172 0.07530700112460643
0 0.7245222076344707 0.5547151347278452 0.03677576286871026 0.07690102968960863
0 0.12870661005830902 0.16263785147392287 0.03911875947521863 0.07513397959183672
0 0.08020455830903789 0.745806406462585 0.03905343148688047 0.07579648639455773
0 0.9218368511667616 0.5522026884683487 0.035904778030734566 0.07535491212926063
0 0.871191706622325 0.06671054161043635 0.03695397426257959 0.07578500584795321
0 0.0789905247813411 0.2597080498866213 0.038811953352769685 0.0758219954648526
0 0.12855621282798832 0.0642462517006803 0.03918239650145772 0.07747209523809528
0 0.4759475218658892 0.0664328231292517 0.037900874635568474 0.07334183673469387
0 0.5269679300291544 0.3606859410430839 0.037172011661807655 0.0744047619047619
0 0.128917638483965 0.26041666666666663 0.03844752186588921 0.07582199546485259
0 0.4782142580174927 0.45629814172335603 0.03951889504373176 0.07430263265306136
0 0.4282981049562682 0.8441397392290249 0.03808309037900871 0.07475907029478455
0 0.9682698597040408 0.2621641227312971 0.035572161070005645 0.07697875453740582
0 0.6753181029496819 0.3600497638326585 0.03705176402544826 0.07485661268556004
0 0.2782040991253644 0.26161218027210886 0.038915486880466484 0.07466993877551022
0 0.5758928571428571 0.16581632653061223 0.03698979591836736 0.07511337868480725
0 0.07873862172011661 0.06323294331065761 0.03867257871720117 0.07898856235827667
0 0.9702262379055206 0.7443351593625497 0.036283437677859964 0.07504703408587875
0 0.5264850597667637 0.2635124302721088 0.03693513411078716 0.0756359716553288
0 0.5279303148688047 0.7471322148526076 0.038732349854227466 0.07490501927437639
0 0.5774416909620991 0.8441397392290249 0.036807580174927065 0.07475907029478455
0 0.6251986740890688 0.26339138079172286 0.0376660005783688 0.07412869050832209
0 0.4283438432944606 0.6499298696145124 0.038174567055393585 0.07607856009070306
0 0.9225678611269208 0.6488240492474545 0.03665535799658508 0.0763112237715803
0 0.13041379664723032 0.745987156462585 0.03925324927113705 0.07615798639455779
0 0.4284062747813411 0.7474044858276644 0.038299430029154535 0.07615817800453516
0 0.030004927842565598 0.06273919331065761 0.037415103498542275 0.07658382879818594
0 0.8724425089647194 0.26194354003598735 0.03620225332562177 0.0747474039586145
0 0.7253831694621168 0.6487573099415204 0.03705176402544826 0.0752080521817364
0 0.7235633801330248 0.26292797953216374 0.03666551098901089 0.07460764597390913
0 0.22881843950437317 0.35836577551020404 0.03817623760932946 0.07543336507936511
0 0.3283527696793002 0.941220238095238 0.037536443148688085 0.07617630385487532
0 0.6257952573742047 0.7457546108861897 0.03669028340080972 0.0752080521817364
0 0.18038603498542272 0.8439209268707483 0.03825020408163269 0.07503006235827679
0 0.8734094852515905 0.3579411268556005 0.03560584152689411 0.07345085470085468
0 0.2776717755102041 0.06475444784580499 0.038579702623906746 0.0749454036281179
0 0.6266849958068247 0.5543768624606387 0.03810827964141126 0.07552160616284305
0 0.4272081275510204 0.1651060266439909 0.03954745043731777 0.07511001247165534
0 0.4265111567055393 0.0662019314058957 0.03888237172011664 0.07358867006802722
0 0.5768681013119533 0.3602961797052154 0.03857585276967918 0.07575108956916107
0 0.9699594479225953 0.8415158809207613 0.0353941377347752 0.07435535635236827
0 0.27887877551020407 0.5535659495464852 0.038807113702623956 0.07396863378684819
0 0.7743637941006362 0.5529900472334682 0.03705176402544826 0.07485661268556004
0 0.3792364679300291 0.8449397352607709 0.03762745481049561 0.07423321201814066
0 0.42822280903790083 0.9414324637188208 0.03793249854227407 0.07589213832199584
0 0.07997605320699709 0.5515371320861677 0.03896085276967931 0.0748713163265306
0 0.3785974336734693 0.7478087732426303 0.038535975218658945 0.07554951927437642
0 0.8243359563331406 0.4553338712325686 0.03939631983805672 0.07424174156545223
0 0.7743647738577212 0.6494135734367971 0.036692242914979745 0.0737090632028791
0 0.6270326062753037 0.84318318488529 0.03808053932909193 0.074664840305893
0 0.17866253644314867 0.261125283446712 0.03808309037900874 0.07582199546485263
0 0.6735640639097744 0.06762251135852451 0.03679701156738001 0.07268879239766082
0 0.029974489795918366 0.2589994331065759 0.03771865889212828 0.0758219954648526
0 0.9695147979510529 0.45590554448871184 0.035927717700626055 0.07435535635236827
0 0.031249575072886292 0.649193365079365 0.03808224052478134 0.07389693424036281
0 0.9692044396698918 0.5522541884683487 0.03637416107000584 0.0761495898627711
0 0.577789224489796 0.5538713537414967 0.03823151020408184 0.07528805895691626
0 0.3788668994169096 0.6510808321995464 0.03761718075801755 0.0741287845804989
0 0.5775316508746356 0.4572947959183673 0.03808079446064149 0.07275285714285716
0 0.7746349045691151 0.7450517318938371 0.03687102371312899 0.07450517318938368
0 0.5280483782798834 0.5543772369614511 0.03823961370262399 0.07417397505668935
0 0.6273523562753037 0.9402241458614485 0.037635597455176494 0.07404928137651841
0 0.2291645131195335 0.7476637358276643 0.03813952186588924 0.07667667800453525
0 0.13011786005830903 0.8437893310657595 0.038296944606414 0.07476687074829937
0 0.12943746282798835 0.4550333871882086 0.03839387609329448 0.07389897392290261
0 0.921131591206602 0.35879314464364764 0.036984297951052875 0.07518367751217347
0 0.3286745874635568 0.35883096712018137 0.03927337317784258 0.07565513151927433
0 0.03172558527696793 0.745852193877551 0.037576534985422745 0.07588806122448982
0 0.1298388994169096 0.5528637369614512 0.039196749271137005 0.07610729251700683
0 0.47818025801749264 0.9413069263038549 0.03726430612244899 0.07493244671201833
0 0.9690203796243598 0.35927523351040286 0.035650321001707494 0.07338114431164225
0 0.8235333555523423 0.8419520861448492 0.03634519577790637 0.07431127980206931
0 0.6238974840948525 0.06730066351776878 0.036509543088490456 0.07274797570850201
0 0.27905853571428574 0.7474221774376417 0.03843777113702624 0.07690217800453523
0 0.87237413880856 0.16507816981556456 0.03787291613649515 0.07641702339181289
0 0.4763572135568513 0.16541140986394554 0.03726253206997094 0.0757207789115646
0 0.17975334839650145 0.6497611780045351 0.03880698833819243 0.07715841043083897
0 0.22968958673469386 0.6505683321995465 0.03846080612244897 0.07522963492063499
0 0.5777192587463557 0.6507091196145125 0.03809157871720125 0.07409397619047642
0 0.6265881450260267 0.4564942724921277 0.037914578079815034 0.07375102811515956
0 0.9205713412066022 0.2625202115980523 0.03550807797381919 0.07561589907038509
0 0.9193582811610698 0.0670097388224879 0.035216277746158146 0.0760845506861443
0 0.7750368940138809 0.8421437756410256 0.03767500260266041 0.07328890080971678
0 0.13046261516034982 0.9406652137188207 0.03825759183673468 0.07435763832199566
0 0.874305311307114 0.6485023234367971 0.03631305176402547 0.07469807917228977
0 0.27783978061224485 0.1636842766439909 0.03855128134110787 0.07580959637188209
0 0.6763366492192019 0.7463089739091318 0.03836589531521111 0.0763167782276204
0 0.8239441152400232 0.5527180439721097 0.038251157027183375 0.07642124313990095
0 0.9217601411496867 0.45606584428950864 0.036462797951053005 0.07467595595396195
0 0.9686162196926578 0.16531059251881366 0.03662060102447364 0.07417474856131025
0 0.4280641618075801 0.3596876213151928 0.038708498542274074 0.07595120634920643
0 0.22871121355685134 0.26124081349206346 0.03905508017492712 0.07463582199546481
0 0.029865075072886292 0.1615230430839002 0.0378642609329446 0.0757388299319728
0 0.22936583163265303 0.5526670617913831 0.038542158892128295 0.07571394217687061
0 0.08066209766763847 0.8436016184807256 0.03851078425655977 0.0758086791383221
0 0.6256145170618854 0.3596983243364822 0.037413244650086795 0.07485661268556004
0 0.22938426311953353 0.8443176768707482 0.03712129591836733 0.07511494557823144
0 0.17995260349854228 0.746609119047619 0.03774777259475217 0.07598467800453523
0 0.6245812942452285 0.16614091981556456 0.0360697602660496 0.07362237044534416
0 0.8216273857721226 0.06712494376968062 0.038316946211683044 0.07661381016644174
0 0.32882630320699713 0.7477684648526077 0.03884794169096217 0.07617751927437647
0 0.674324031231926 0.26357962213225367 0.03687102371312899 0.07661381016644173
0 0.17954424052478132 0.5528715827664398 0.03911763556851314 0.07541436734693865
0 0.8227216055523424 0.16596691981556455 0.037613540775014595 0.07538300742240214
0 0.37820074708454804 0.3595997171201814 0.03883589650145766 0.07435816439909305
0 0.278971638483965 0.9411934637188208 0.03826397667638486 0.07541413832199574
0 0.030818682944606414 0.4544214081632653 0.037584887755102034 0.07480086621315198
0 0.9198330412635173 0.16597677025232407 0.03687723790552084 0.07481542629482064
0 0.2790055991253644 0.6494853696145123 0.038696329446064125 0.07518956009070295
0 0.27877942274052475 0.45598527494331054 0.03897283965014578 0.07438551587301583
0 0.17857142857142858 0.1635133219954648 0.0389941690962099 0.07688492063492064
0 0.3787551443148688 0.4566235249433106 0.03885139650145776 0.07637063265306122
0 0.22893694460641395 0.9414952885487528 0.037319953352769705 0.07672640476190493
0 0.03134110787172011 0.8434311224489794 0.03644314868804664 0.07334183673469387
0 0.27863270699708453 0.35880746712018136 0.0386794081632654 0.07489951473922908
0 0.9686688796243597 0.06750781230633025 0.0367259208878774 0.07569734218680824
0 0.3791144970845481 0.5548444495464852 0.03847680758017497 0.07581701700680267
0 0.7229078995083863 0.16589166981556452 0.03643899161364956 0.07523250742240213
0 0.32891029810495626 0.5536851411564625 0.039744794460641435 0.0770414841269841
0 0.525783527696793 0.1652848639455782 0.03698979591836736 0.07475907029478458
0 0.6755041162521689 0.456650560728745 0.038146751879699334 0.07406360458839413
0 0.725835020242915 0.8429276315789472 0.038316946211683044 0.07485661268556004
0 0.5778580874635567 0.7469379064625851 0.0383692361516035 0.0759336360544219
0 0.3274416909620991 0.16457624716553285 0.037900874635568474 0.07546768707482991
0 0.67370100578369 0.16604116981556455 0.03598645344129565 0.07553150742240212
0 0.18039358600583089 0.9417517006802719 0.03753644314868804 0.07582199546485253
0 0.1793022747813411 0.4552955249433106 0.03826927259475215 0.0751318662131519
0 0.7719188126084442 0.06785045085470084 0.03613808791208786 0.07525330836707153
0 0.37710463921282794 0.16453765986394556 0.03810140670553928 0.07397327891156462
0 0.08000184256559766 0.6485001360544217 0.039012431486880446 0.07251047619047628
0 0.22922418950437315 0.45639635430838993 0.038623306122449005 0.07449905782312906
0 0.5750728862973761 0.06696428571428571 0.0360787172011662 0.07369614512471655
0 0.970817699630051 0.9394143400841078 0.03675492117245308 0.07717418702965931
0 0.328336832361516 0.6506281405895691 0.03896229446064144 0.07534925170068016
0 0.8744035569693464 0.9388706140350874 0.036509543088490456 0.07555949167791276
0 0.7750202351069982 0.9404644643499775 0.03728020416425681 0.07382703936122365
0 0.8235242063331405 0.7451342764282499 0.03668837796414103 0.07396738326585695
0 0.676235827501446 0.6502438536887089 0.03852573250433764 0.07466674471435
0 0.823614225708502 0.6488899524291497 0.03686841671486393 0.0733647001799371
0 0.7741513126084442 0.45585884098065677 0.03843420416425677 0.07388592307692314
0 0.7249313186813187 0.7461060503823661 0.03759398496240607 0.07380229419703098
0 0.8748908113071139 0.84191993488529 0.03639960989010993 0.07424697728295104
0 0.8741474411509543 0.7444650264282501 0.03635879207634462 0.07473752024291504
0 0.7731311827646038 0.2632568585245164 0.03856282822440714 0.07526540395861457
0 0.5278218491253645 0.4570515085034013 0.03851541836734701 0.07368351587301585
0 0.4279336734693877 0.457234977324263 0.03771865889212828 0.07405045351473917
0 0.7241086495083863 0.3599481300044984 0.036310127241179754 0.07465334502923977
0 0.6762325387507229 0.8434115861448492 0.037434713128976276 0.0744187638326586
0 0.5756195335276967 0.2636054421768707 0.03753644314868804 0.0744047619047619
0 0.3789656151603499 0.9416981763038548 0.037814612244898016 0.07571494671201802
0 0.030976006559766768 0.5524640243764172 0.03717067201166181 0.07389063378684814
0 0.22830522376093296 0.1636918140589569 0.03933639504373182 0.07724190476190476
0 0.030677341836734685 0.9398945595238094 0.03839549999999998 0.0749421802721088
0 0.5278790087463556 0.9410430839002267 0.03753644314868804 0.07511337868480734
0 0.9228265509391006 0.841688800354139 0.037172737620944724 0.07400951748561309
0 0.7721570819838057 0.16559479082321185 0.035891665413533905 0.07463874943769679
0 0.07974216107871719 0.45396282879818584 0.03922193148688047 0.07600955782312911
0 0.7250793801330249 0.45647387123256866 0.03789010786581853 0.07511598358074684
0 0.7250217115384615 0.9411345248538012 0.036328848178137564 0.075167160368871
0 0.7730986119144014 0.35881972559604136 0.0374132446500867 0.07380229419703102
0 0.7225850293522267 0.06756039035087719 0.0368776931752459 0.07537606635177689
0 0.32862850874635563 0.45595589172335593 0.03845235276967927 0.07432674943310655
0 0.07897297959183673 0.1623813304988662 0.03841243148688047 0.07462093764172338
1 0.7683993637941007 0.9378162955465585 0.008494794679005224 0.010894624381466636
1 0.7701163967611336 0.5508814102564101 0.005422209369577859 0.014409019343229898
1 0.8676071777038751 0.24441971862348177 0.006363146038172321 0.012313284300494843
1 0.7291231477732794 0.7450871399010346 0.007521489300173455 0.011878126855600473
1 0.2751235145772595 0.5535311700680271 0.004053262390670501 0.01609525623582759
1 0.07609563994169095 0.4378308231292517 0.0041498279883381934 0.010817945578231273
1 0.5773227922740524 0.5540914410430837 0.0027888177842565857 0.007179929705215452
1 0.2364773564139942 0.3568532879818594 0.00372167201166173 0.007665306122449027
1 0.234587277696793 0.054902371882086166 0.00458637755102035 0.006408408163265303
1 0.3769135255102041 0.5400846564625851 0.005648167638483972 0.010391911564625723
1 0.23351852259475214 0.9396643594104308 0.004172867346938805 0.016929784580498836
1 0.32052883527696796 0.643769123015873 0.005808218658892069 0.011356311791383274
1 0.9625110690096756 0.9272185998229305 0.006537338360842121 0.019151777777777605
1 0.9639122083096184 0.5459965692784418 0.004446499715424019 0.017291943337760074
1 0.5747191741982507 0.06590809353741495 0.005445033527696807 0.012741636054421775
1 0.6214972943898207 0.36071295524066566 0.0048003794100635235 0.01237975753486278
1 0.8708900905147483 0.16682624505173188 0.0073884135338345355 0.007946700179937
1 0.8738613360323887 0.6419042397660818 0.008675534991324493 0.010894624381466439
1 0.18014434256559766 0.16434570975056687 0.0034139387755101882 0.007192934240362788
1 0.8694432203585887 0.5433312544984255 0.005582905725853087 0.014045993027440435
1 0.6265244378253326 0.7382889424201529 0.0037831081550028295 0.017039973909131787
1 0.18339843148688045 0.8424556264172334 0.0060165481049562685 0.012225935374149621
1 0.02778790087463557 0.4400510204081632 0.003462099125364434 0.007086167800453482
1 0.12420798104956268 0.8460551309523808 0.003770626822157398 0.014238944444444474
1 0.5207146756559765 0.5472506819727891 0.007404467930029211 0.012358046485260744
1 0.22404898688046646 0.7368540595238094 0.005983658892128294 0.008718184807256217
1 0.8677769664545981 0.05444993364822312 0.0038546847888953142 0.01691547233468286
1 0.4310325685131195 0.8451744931972788 0.009290548104956185 0.0074968185941043245
1 0.326599860787172 0.25591641269841264 0.009336721574344 0.009000507936507961
1 0.919002561183836 0.7363808654271802 0.004268639726807066 0.016946104471004888
1 0.7709592643146328 0.6487999369095815 0.006628319259687641 0.015378083895636526
1 0.772959826344708 0.26368847199730094 0.007326443319838205 0.013839880116958999
1 0.6281621200115673 0.45827444646873594 0.007375875650665213 0.009142739991003148
1 0.567088859329446 0.44283946541950103 0.005399540816326517 0.015681613378684813
1 0.6251626662810874 0.8316815677013044 0.006506651243493369 0.013003261358524476
1 0.7737774368131868 0.45503581747638316 0.006414183632157285 0.014214239991003116
1 0.6765556532677849 0.9479365635402609 0.009995980913823083 0.011037579172289745
1 0.7247313938692885 0.9368614870670264 0.0054605783689994376 0.024050305218173505
1 0.7275451768363216 0.25362922031039137 0.009231508675535086 0.017089287674313957
1 0.9651285589072282 0.6552797225542275 0.009839638019351022 0.009687345506861294
1 0.6274166587622902 0.2523104703103913 0.004529030653556987 0.019726787674314027
1 0.5251457725947521 0.15394699546485258 0.006195335276967942 0.008857709750566878
1 0.18280474999999996 0.6536584988662131 0.006839479591836728 0.011418829931972851
1 0.816804774291498 0.45051711999550154 0.008560781087333729 0.01481708704453445
1 0.33008381924198243 0.9321853741496599 0.0071064139941691045 0.010629251700680421
1 0.3255662135568513 0.5529453032879817 0.007030838192419811 0.007346354875283505
1 0.6259110579814922 0.061683737854251 0.006455790341237742 0.017911201754385972
1 0.9606217985202046 0.15329653607791063 0.003912919749573161 0.016946104471004864
1 0.8130960203875073 0.5451773309716599 0.006941273279352142 0.01878838798920373
1 0.5247107252186589 0.7401116434240362 0.005243272594752263 0.01566673582766429
1 0.966113138873079 0.8466035886454182 0.010004797951052882 0.008154044488711893
1 0.7270586865240023 0.6368558284975258 0.008758566801619492 0.006933867071524978
1 0.7249313186813187 0.8381831983805667 0.004337767495662247 0.015463337831758966
1 0.9682129688389299 0.7424405252324037 0.005805138019351018 0.016585306330234632
1 0.426907832361516 0.6512460736961451 0.005149349854227328 0.014117829931972734
1 0.7731192352515904 0.3505705825461088 0.006284664256795886 0.012983891138101623
1 0.6295315521978021 0.6500996486729643 0.010059220647773311 0.009264265407107588
1 0.6741432909196067 0.5359452316689158 0.011205899363794052 0.012651821862348218
1 0.8196030669462115 0.9431326160593789 0.010193808270676742 0.017833958164642283
1 0.6196500867553499 0.538229588394062 0.005964430306535563 0.015814777327935223
1 0.6677386551474841 0.24463334761583444 0.008471504048582951 0.013994663292847499
1 0.17355103790087462 0.4557397454648525 0.007125329446064121 0.00972232312925166
1 0.26849489795918363 0.4365079365079364 0.007835276967930023 0.007086167800453532
1 0.5776239067055393 0.8427225056689341 0.008746355685131135 0.010274943310657628
1 0.9217932502845759 0.6451936395528995 0.012204620660215985 0.009800857237715732
1 0.6755699517061885 0.6534075356500225 0.008352577790630379 0.008974402384165458
1 0.37566398615160346 0.4519568202947845 0.0059606574344023494 0.01657955668934235
1 0.5708915167638483 0.2653409053287981 0.005447287172011629 0.013535876417233528
1 0.2835970325630252 0.16148386437908493 0.004923844537815114 0.00702103758169935
1 0.32818379737609327 0.16233151360544215 0.006897711370262373 0.008386859410430849
1 0.41988790962099126 0.5450160487528344 0.0038830728862973576 0.019661780045351424
1 0.12035349854227403 0.5416784769463341 0.004190962099125376 0.006259448223733995
1 0.7176998376229035 0.5478692704678362 0.006871868999421642 0.01410738798920372
1 0.47722303206997074 0.5470521541950113 0.007653061224489781 0.009212018140589645
1 0.6725166281087334 0.36303699955015745 0.010121457489878541 0.014057579847053494
1 0.4695606873177841 0.45124587414965983 0.00949378571428576 0.008080814058956875
1 0.5767096260932943 0.9392812845804988 0.007295033527696912 0.016987317460317303
1 0.9220356303357996 0.5438237065073042 0.005316900967558321 0.023712702080566552
1 0.4806244781341107 0.05924908446712017 0.0044944839650145445 0.006218384353741495
1 0.6741753412377097 0.8388796533963112 0.010780318102949592 0.00844739586144843
1 0.5260333775510203 0.3488572159863945 0.009886597667638495 0.006650647392290191
1 0.8644628397917872 0.444746682411156 0.009759976865240003 0.010191745389113827
1 0.33248327842565595 0.8462881519274376 0.007409536443148669 0.017315986394557704
1 0.5776073709912536 0.6564588072562358 0.008779427113702503 0.007944063492063336
1 0.2796152113702624 0.7306375924036281 0.008189402332361491 0.006978783446712001
1 0.7695663941584732 0.7401563214125055 0.009414059572006904 0.015413852901484323
1 0.9651572282299373 0.256183598937583 0.009426579396698895 0.01452523240371844
1 0.2787399169096209 0.05483208446712017 0.004473518950437289 0.019304085034013607
1 0.8237244700694043 0.1567256303418803 0.008819133892423281 0.013387470760233918
1 0.7717375957200693 0.8469114273504272 0.010855346443030607 0.009252943769680715
1 0.8214537685078079 0.8343216533963113 0.010468692018507803 0.017563395861448405
1 0.03008652988338192 0.2512933333333333 0.0054246078717201125 0.012577732426303839
1 0.4205360962099125 0.051798500566893425 0.008417603498542191 0.009073066893424025
1 0.32575811588921283 0.05789889285714285 0.008469190962099101 0.011753234693877542
1 0.7205935511856564 0.4528297908232118 0.009759976865240003 0.008083108412055789
1 0.029701166180758014 0.6411210317460317 0.008381924198250726 0.00956632653061224
1 0.5781834446064139 0.36191228798185937 0.009813868804664796 0.011719641723355994
1 0.5793413075801749 0.7348847721088436 0.007133711370262371 0.014782609977324154
1 0.7277327935222672 0.16201360773729193 0.008133314054366687 0.011246063877642844
1 0.42792230320699703 0.2610563633786848 0.0056714285714285495 0.015727409297052148
1 0.03131510860058309 0.7330006763038548 0.005518470845481049 0.019259418367346803
1 0.376704138483965 0.6470768191609978 0.00971125655976672 0.01253570408163254
1 0.3813219774052478 0.8373871009070293 0.009950797376093234 0.00819065079365079
1 0.46941357434402325 0.6493946904761905 0.004685970845480978 0.02136368027210869
1 0.02381668075801749 0.8313113883219954 0.004480341107871718 0.019633459183673294
1 0.43261457871720116 0.9358727171201815 0.010864137026239007 0.008214883219954474
1 0.4808673469387755 0.8460884353741496 0.006924198250728913 0.010629251700680223
1 0.47454235495626823 0.35073616213151926 0.0126499839650145 0.014230623582766375
1 0.22377752623906705 0.5481328361678004 0.007984306122448943 0.009176504535147264
1 0.3743162361516035 0.1530416842403628 0.005376274052478079 0.018463116780045356
1 0.6721089187391556 0.059584836594691847 0.0065991087333719025 0.02492052024291497
1 0.2271319241982507 0.4480229591836734 0.009657434402332373 0.015235260770974996
1 0.528972303206997 0.8359906462585034 0.005102040816326487 0.02090419501133795
1 0.22611746282798834 0.24833698299319726 0.009499768221574329 0.009987031746031771
1 0.22631195335276966 0.8372307256235826 0.0072886297376093465 0.017006802721088416
1 0.028195485422740522 0.06123128514739229 0.004104655976676387 0.019260785714285706
1 0.17732111661807579 0.7371589472789114 0.003958349854227374 0.015194577097505638
1 0.5297001771137027 0.6560800034013604 0.008019470845480875 0.017205072562358183
1 0.47533867346938763 0.16170595521541947 0.00887075801749272 0.0082207426303855
1 0.5266161224489796 0.05308968027210884 0.003983498542274028 0.019245809523809523
1 0.17356049562682213 0.0589923469387755 0.008564139941690968 0.01381802721088435
1 0.12848703061224487 0.44432356575963716 0.005416609329446054 0.021925430839002273
1 0.4750147419825073 0.24528796201814054 0.008060895043731822 0.012541989795918349
1 0.17637886661807578 0.33888174886621314 0.006936144314868794 0.018098180272108865
1 0.176567055393586 0.5536068594104309 0.008746355685131211 0.014526643990929658
1 0.38008054081632653 0.25278612528344674 0.006238335276967888 0.017386933106575932
1 0.12518705976676386 0.2519891207482993 0.009465530612244878 0.009060307256235805
1 0.37919096209912534 0.060941043083900234 0.009475218658892105 0.01062925170068026
1 0.03225218658892128 0.34615929705215415 0.006195335276967929 0.01558956916099774
1 0.08190597667638484 0.7412131519274376 0.0056486880466472275 0.021258503401360544
1 0.2312925502915452 0.6598382188208617 0.008867899416909656 0.015821562358276746
1 0.428935860058309 0.7520195578231291 0.008381924198250701 0.015235260770975046
1 0.621965495951417 0.15840906983805667 0.009647666281087399 0.010020591767881231
1 0.2811588921282798 0.8365221088435373 0.010204081632653076 0.014880952380952352
1 0.4784074344023324 0.7413903061224489 0.006741982507288619 0.019486961451247176
1 0.12985011443148686 0.1452917080498866 0.01070793440233237 0.00916148185941042
1 0.07691557653061225 0.5366518270975056 0.006883132653061213 0.016548953514739197
1 0.1823491523323615 0.9455367471655327 0.00993726384839648 0.011562560090703123
1 0.22929400728862967 0.16110065136054422 0.006426562682215778 0.021477835600906978
1 0.37755102040816324 0.744047619047619 0.010204081632653076 0.012046485260771
1 0.1278876778425656 0.647800723356009 0.010259629737609315 0.01250512925170059
1 0.8249553111625216 0.2536029703103913 0.010333738577212159 0.01643890868196133
1 0.2782723192419825 0.251766391723356 0.010875186588921285 0.013048849206349189
1 0.131584193148688 0.7541594818594104 0.009790797376093329 0.011664029478457965
1 0.57260302696793 0.15478383843537413 0.008584033527696785 0.019939125850340127
1 0.12753720699708454 0.3562383253968254 0.005858530612244906 0.021650333333333303
1 0.13141376166180757 0.05980181802721087 0.009402797376093274 0.012199085034013592
1 0.07882518950437317 0.06058138095238094 0.005614927113702604 0.024812294784580493
1 0.08105231778425656 0.34944819954648526 0.012822478134110783 0.014680698412698392
1 0.07809947376093294 0.2569074756235828 0.006701927113702613 0.01906486734693871
1 0.02922592711370262 0.15549803004535145 0.009696833819241982 0.018510742630385508
1 0.42975583090379005 0.16563917233560088 0.009293002915451914 0.015943877551020384
1 0.18148688046647227 0.24677579365079363 0.0029154518950437794 0.013109410430838981
1 0.42629373177842567 0.340844671201814 0.006013119533527699 0.009920634920634934
1 0.5269679300291544 0.4482001133786847 0.006924198250728913 0.009212018140589596
1 0.37827988338192414 0.9312996031746029 0.005102040816326538 0.013109410430839179
1 0.7238468768074031 0.059217555105713 0.006506651243493268 0.005974471434997741
1 0.8239770098322731 0.05306736392262707 0.00361480624638507 0.013354700854700844
1 0.6745951417004048 0.15674201529464685 0.00524146905725859 0.007028789923526771
1 0.7758097165991903 0.15322762033288348 0.004157027183342978 0.005623031938821397
1 0.6707995951417004 0.43824505173189376 0.0077718334297281495 0.005623031938821397
1 0.7210454019664546 0.36602423526765626 0.004157027183342978 0.005271592442645091
1 0.8169281376518219 0.7554191970310392 0.002891844997107995 0.011597503373818954
1 0.8714213418160786 0.7529591205578047 0.0034340659340660043 0.006677350427350465
1 0.872776894158473 0.8329116059379216 0.008314054366685955 0.007028789923526722
1 0.8725961538461537 0.9423850089968511 0.0036148062463851713 0.012300382366171862
1 0.916957171314741 0.05040947321823823 0.008003699487763274 0.008991810535635235
1 0.9623114684120658 0.0657993027888447 0.004802219692657924 0.01279603806994245
1 0.9184689812179853 0.15329653607791063 0.004624359704040971 0.015562749003984046
1 0.921047951052931 0.2561835989375831 0.0037350597609560054 0.005533421868083168
1 0.964712578258395 0.3635665670650731 0.0060472396129765925 0.005187583001328031
1 0.9198029311326121 0.34523710712704736 0.004090779738190113 0.006570938468348873
1 0.9696037279453613 0.45106380035413896 0.007292259533295464 0.007954293935369665
1 0.9201586511098461 0.9322985834440016 0.00658081957882745 0.008300132802124851
