0 0.9661351103238867 0.6483164524291497 0.03706345373048013 0.07221770017993713
0 0.0281774146905726 0.8381831983805667 0.03759398496240601 0.07309941520467836
0 0.6712087557836899 0.4507680145074224 0.037508604684788845 0.0742474550157445
0 0.5238135688259109 0.25486736482231215 0.0376864204742625 0.07465263337831758
0 0.32489465673799883 0.7436115949167791 0.03747728340080972 0.07232777822762029
0 0.17883051658163268 0.05967881944444443 0.03766741071428571 0.07052951388888887
0 0.472343944476576 0.9372045630904182 0.037407669172932395 0.06941587381916332
0 0.42445054945054944 0.5478941745389113 0.03669028340080972 0.07309941520467836
0 0.5713799198958935 0.9364079946018893 0.03738823770965871 0.06993137381916328
0 0.8687799831061054 0.0619632714384509 0.03668563307646703 0.07205932295988937
0 0.22666214923469388 0.2534412202380952 0.03766741071428571 0.07517981150793651
0 0.27654598214285714 0.2530650208333333 0.03738724489795919 0.07520246230158739
0 0.32616174783111623 0.05919321513720198 0.03820406246385194 0.07269929577147999
0 0.07884464285714286 0.25313283283730154 0.0373927295918367 0.07301293749999997
0 0.42332752168883747 0.9365912446018893 0.037336072874493906 0.06959499482681074
0 0.5217237664835165 0.9369521840980657 0.03748310266049728 0.07031687381916343
0 0.2747975708502024 0.9371134165542059 0.03705176402544821 0.07204509671614939
0 0.6217694531521111 0.45071451450742234 0.037675690572585345 0.07554621300044984
0 0.176937181122449 0.25208488343253965 0.037866709183673464 0.0755673363095238
0 0.029019886479591854 0.25266684523809524 0.037392451530612214 0.07440611111111115
0 0.8189360532099479 0.45178513551506966 0.03871797108155012 0.07557881803868641
0 0.6701964534412955 0.9368101840980656 0.03765288374783111 0.06932999482681071
0 0.47507086697513 0.061233162618083654 0.03743930480046274 0.07326479577147997
0 0.472710444476576 0.8401335256410256 0.03741770792365524 0.07489143274853807
0 0.07942228188775512 0.05787833283730158 0.037750813775510164 0.07157883829365079
0 0.3749831803065356 0.45077979475933416 0.037885678137651826 0.07427101551956818
0 0.9176284084731057 0.06184434412955465 0.037288338056680255 0.07237852181736391
0 0.37547318030653554 0.2537216068376068 0.03850419751301334 0.0751726333783176
0 0.42490240023134757 0.06062331309041835 0.03759398496240602 0.07345085470085469
0 0.27738360969387754 0.058903769841269826 0.036272321428571425 0.07285466269841269
0 0.029180912666281093 0.9341749866171839 0.03562469404279928 0.07108838978857414
0 0.12892081250000004 0.059696969246031746 0.037497237244897896 0.07056581349206348
0 0.3751084441873915 0.35179093567251457 0.03741324465008675 0.07309941520467836
0 0.7705692541493777 0.06076395435684647 0.037359610847658736 0.0739829571230982
0 0.5725392513013302 0.4500426657669815 0.0375380167727009 0.07701403148897897
0 0.4243337426257952 0.4511979540035987 0.03862555349913244 0.07440445501574446
0 0.8200577949021932 0.062312701705855233 0.037788974510966154 0.07347856154910096
0 0.6213142225274725 0.548442733468286 0.038572632446500825 0.07279077507872245
0 0.3255727672064777 0.351102235042735 0.039194984962406004 0.07312777192982459
0 0.4254307038750723 0.15747181309041833 0.03828911162521693 0.07245037381916328
0 0.4725973436957779 0.7438940646648672 0.03791446761133612 0.07429847570850207
0 0.67112925578369 0.5481230742240214 0.037349604684788824 0.07355721457489878
0 0.27627461379410057 0.44874737753036437 0.037836966165413446 0.07512633400809725
0 0.27562048395026023 0.5475371347278453 0.037974628976286846 0.07238533558254624
0 0.5226700261711973 0.7434842461763382 0.0386526607865817 0.07207308074673859
0 0.42462749262579524 0.25461667532613586 0.038490092249855425 0.07696277035537569
0 0.22644953730480044 0.45001827485380114 0.03759398496240602 0.07415373369320738
0 0.7694093707345286 0.4506995145074223 0.037625855407750104 0.07551621300044978
0 0.1776235899363794 0.4489836960188934 0.03681889762868707 0.07489609199280256
0 0.6211939822151533 0.6463452246963562 0.03869363244650086 0.0760069136302295
0 0.573470936957779 0.06097475258659468 0.038316946211683044 0.07345085470085469
0 0.5730703617698091 0.25561924381466483 0.03787727646038184 0.07475063337831758
0 0.7688185102660497 0.9369154643499773 0.0371670957200693 0.06954055533063434
0 0.028900375939849638 0.3493308591992802 0.03578658183921341 0.07309941520467836
0 0.9670367014170039 0.353911235042735 0.03850515529207651 0.07382561898335584
0 0.8682743729994072 0.25562039718764407 0.037526813574392394 0.07541207146150301
0 0.8679491252168883 0.450841075011246 0.03733694331983801 0.07509645501574447
0 0.9668853215731636 0.25587839507422405 0.03820239560439558 0.07456605690508326
0 0.227307125 0.15546050744047618 0.0373629744897959 0.07298078670634922
0 0.9176221487854251 0.354642303531264 0.03872174117987269 0.07107048200629777
0 0.3252982865818392 0.254336645074224 0.038646023713128995 0.0742940728744939
0 0.3252121470503181 0.5478201347278452 0.03775078340080975 0.07435709356725143
0 0.3250093737709659 0.840589047908232 0.03770671746674376 0.07158520332883503
0 0.028041999855407757 0.7409747381916328 0.037684635916714844 0.06916270175438605
0 0.128813017929439 0.35127245479082314 0.035713080393290915 0.07276533243364823
0 0.769479678860613 0.5489776729644624 0.03812795228455751 0.07386065407107524
0 0.9180564995662231 0.15823387359424199 0.037421558993637964 0.07186585784975258
0 0.9166931681607865 0.9372839038461538 0.0379482218045111 0.07027743432298707
0 0.720439558415269 0.352703485042735 0.03800896067090806 0.07281587696806123
0 0.6705254050028918 0.7437074739091317 0.03722634499710823 0.07251953621232578
0 0.22652582085020243 0.5481130742240217 0.037746552053209974 0.0707256986054881
0 0.12814145535714289 0.2537449072420635 0.03793150765306121 0.07423708630952386
0 0.8193965735032601 0.25603927524204695 0.038689412566686544 0.07552944951590593
0 0.5722690303643725 0.548358733468286 0.03663609427414696 0.07332565407107516
0 0.3736868489010988 0.8399128058929374 0.036738937825332586 0.07515287224471438
0 0.5225638866396761 0.8401070256410256 0.038440381723539474 0.07554131174089058
0 0.5223231850780797 0.6464658982231218 0.03868193984962401 0.07554538169140813
0 0.9177825286292655 0.25640899381466487 0.038319539618276464 0.07351861740890693
0 0.6224188039329092 0.35318780353126394 0.03861291150954307 0.07308163495276654
0 0.029544505102040836 0.05665448363095238 0.03844168877551018 0.0730063878968254
0 0.5243811792943898 0.15742715384615383 0.0373757189126663 0.07236105533063429
0 0.4738584057258531 0.45084945400359866 0.038267707923655386 0.07441033400809714
0 0.17719780219780218 0.5471912955465587 0.03669028340080972 0.07239653621232565
0 0.8678969057258531 0.3530209739091318 0.037593984962405964 0.07274797570850206
0 0.3253746567379988 0.4488315065227171 0.038798764025448254 0.07599747098515532
0 0.22608805668016194 0.6447157557354926 0.03795546558704453 0.07555949167791276
0 0.32471917611336026 0.6449340654520918 0.037849283400809695 0.07388747413405324
0 0.4243601792943898 0.3526695344129554 0.038316946211683044 0.07274797570850201
0 0.7698892640782454 0.2549127081604426 0.03822251155898054 0.07543744951590603
0 0.07793489358010411 0.7419300646648673 0.03661732909196066 0.07247911268556025
0 0.3244107865818392 0.937289136302294 0.036509543088490456 0.07099077822762033
0 0.1279181865240023 0.547185233468286 0.03753822382880274 0.07168153306342785
0 0.47429714603817225 0.25592552406657665 0.0384222272990167 0.07466031488978854
0 0.37546992481203 0.06079903283850652 0.037774725274725286 0.07169365721997299
0 0.9665147498554079 0.4502116960188933 0.03746125216888398 0.07313481803868654
0 0.3747021803065355 0.6440746784750336 0.037685158762290324 0.07638597413405317
0 0.12767495662232503 0.644188596491228 0.03741324465008673 0.07450517318938368
0 0.374746963562753 0.547542735042735 0.03777472527472524 0.0752080521817364
0 0.4241109926257952 0.6455333154520917 0.038541534123771065 0.07578885312640575
0 0.42295304106419895 0.8398582453891137 0.038033034123771 0.07434087224471438
0 0.275159051474841 0.7434702541610435 0.03705176402544821 0.07345085470085472
0 0.6207491023713129 0.9372380933423301 0.03816535338345862 0.0701858133153396
0 0.9663939707923653 0.7441693449167791 0.03758117466743788 0.07274039923526764
0 0.029479711104684794 0.4475205670265405 0.03658377154424521 0.07267271300044964
0 0.8684847430349734 0.15742706754264638 0.03794755364552478 0.07280710880590134
0 0.5733613811451705 0.15738531309041834 0.037013392712550594 0.07227737381916327
0 0.8678022356853672 0.6465201339406207 0.03740464488143433 0.07495097413405302
0 0.7203031785714286 0.45057325652271696 0.03737472035858878 0.07526369703103909
0 0.9673103312608442 0.06281019286999551 0.03796797310584148 0.07220158232118759
0 0.5232346269519954 0.5483252939721097 0.037974459224985574 0.07255589608636982
0 0.868279956622325 0.5491249834682861 0.03727564488143429 0.07345239608636984
0 0.029209321573163687 0.5458554977507872 0.036404473105841516 0.06902206162843022
0 0.7693806110468479 0.7440034436572198 0.03792981665702716 0.07311147570850204
0 0.3258256276749566 0.15580186560953663 0.03861626402544824 0.07403063180386864
0 0.5712939586466165 0.8403455558929374 0.03793927646038173 0.074612614260009
0 0.7702808841138115 0.15767881754264634 0.037894311203319625 0.0733106088059013
0 0.8185554136784269 0.9370877143499774 0.037233730769230935 0.0705879343229871
0 0.917581658473106 0.4518287040035987 0.03827927993059593 0.07496307602339182
0 0.7689017699537305 0.840384116396761 0.03841805696934659 0.07398685627530376
0 0.916781798004627 0.7439137541610437 0.03776400086755365 0.07222921772379672
0 0.8196873147599287 0.15722251037344395 0.03741849436870187 0.07239799446749653
0 0.17706173915558127 0.6443055957040037 0.03786407981492191 0.07544205060728762
0 0.8672643146327357 0.9369376968061177 0.037413244650086795 0.07028789923526761
0 0.5721654005205321 0.6473141036887089 0.037513276460381814 0.07372739766081872
0 0.42385925231347593 0.7436609134053082 0.03803805349913252 0.07383217318938376
0 0.7203583277906304 0.5487142939721097 0.03748501879699242 0.07333389608636981
0 0.6225652554831062 0.15643518948824342 0.03773572732661533 0.07226410880590133
0 0.7206863544754002 0.2547713636468419 0.03873489033787801 0.07731589465191334
0 0.22518435511856563 0.9353562190733243 0.036148062463851945 0.07134221772379669
0 0.6228262157676349 0.0609737988704472 0.038998608180201545 0.07440264615029968
0 0.5718442741469058 0.7429430949167789 0.037593984962405964 0.07309941520467836
0 0.22626032085020242 0.7439751634053081 0.03757703267784852 0.07305491520467841
0 0.17750974884326198 0.3512732047908232 0.03839861856564488 0.07206395344129558
0 0.6210056390977444 0.7436459739091317 0.037593984962405964 0.07239653621232565
0 0.1267604558993638 0.9352490551057128 0.036307204453441294 0.07112788978857389
0 0.9673545618854831 0.15854034334233016 0.03733347310584167 0.07107303936122357
0 0.0290811162521689 0.6445400359874044 0.036871023713128975 0.07380229419703098
0 0.5244314292943898 0.06072506387764283 0.038199180161943194 0.0722485982905983
0 0.9656682498554078 0.9369129038461538 0.037937135916714985 0.06883255533063427
0 0.9175077883169462 0.5489976044759334 0.03885450086755345 0.07390051709401715
0 0.4735215442452284 0.5484213337831758 0.03687102371312899 0.07345085470085472
0 0.769953851359167 0.35266801529464686 0.03799185540775016 0.07555645344129565
0 0.6218500054831061 0.25498564718764405 0.038528108180201616 0.0748629495159059
0 0.12775857605552343 0.4493412262708051 0.037580483516483486 0.07279963652721531
0 0.3739206764025448 0.742851594916779 0.03684511220358588 0.07361929419703106
0 0.7203256882591094 0.6462402549482681 0.037781220358588795 0.07579697413405315
0 0.6721920053349141 0.061337487897648674 0.03770054890337877 0.07296889004149376
0 0.2755482823886639 0.8401275479082321 0.03746874522845575 0.07277084030589304
0 0.07860396182764605 0.35003373819163286 0.03578658183921342 0.07169365721997299
0 0.7695295102660497 0.6461236944444445 0.037504653846153854 0.07486097413405327
0 0.1279300469924812 0.7419204356725146 0.036838983516483466 0.07316273369320747
0 0.375740910931174 0.1562302446018893 0.03831669751301331 0.0720758738191633
0 0.7200561882591093 0.9371114340980655 0.03796518160786592 0.0706353738191632
0 0.1770170618854829 0.7431188146648672 0.03632880277617121 0.07274797570850201
0 0.9173124181607865 0.6478951721772379 0.037740799305957036 0.07418665564552412
0 0.47416089603817235 0.3526648640350877 0.037426766049739865 0.07344151394511926
0 0.17637137868710237 0.9353708353576247 0.0372063201272412 0.07207432928475023
0 0.4748226363504916 0.15675993409806568 0.03802728542510125 0.07383813180386865
0 0.5236644389820705 0.45083051450742234 0.037388160786581685 0.0764810919928026
0 0.2759807242625795 0.35076907579847055 0.03905659022556388 0.07105569545659025
0 0.6717205152637818 0.2547745191332411 0.037498529045643124 0.07732220562471182
0 0.5240219292943898 0.353319053531264 0.03774166078658173 0.07334413495276661
0 0.7211493346176644 0.15758600656984784 0.03817893005334919 0.07312498686030428
0 0.672175755334914 0.15689562851544486 0.037297568761114515 0.07102385269709541
0 0.17623490775014458 0.8395313058929373 0.03765633950260267 0.07438987224471431
0 0.07853323467322153 0.5463678847278451 0.03600660815500288 0.0714525935672514
0 0.8676922259976865 0.7441889739091317 0.037184625506072926 0.07277965721997305
0 0.7213124546532305 0.060210015329645004 0.03776420983995255 0.07431583517750116
0 0.07840226373626376 0.44895272627080507 0.036829108155002885 0.07202263652721536
0 0.2264375611625217 0.3505040375618533 0.038654474551764066 0.07263425596041381
0 0.819097021399653 0.3528452541610436 0.038316946211683044 0.07380229419703102
0 0.2756099742625795 0.6443812469635627 0.03795360960092537 0.0741875951417005
0 0.07740753311162522 0.935145805105713 0.03737001127819548 0.07021851079622128
0 0.670491862348178 0.8413014348852901 0.03824370156159631 0.07441573526765635
0 0.12791053730480045 0.8393977453891137 0.03607700289184497 0.07341987224471452
0 0.07919469132653063 0.1555967450396825 0.03689703571428569 0.07170316269841269
0 0.5728444916136496 0.35240423504273505 0.037787016772700965 0.0715144979757086
0 0.3742951127819549 0.9371134165542059 0.03723250433776748 0.07063933873144397
0 0.02955596301020411 0.1553974454365079 0.037667410714285705 0.07285466269841269
0 0.8193132741469057 0.5483442254835807 0.038026490456911484 0.07329663810166456
0 0.0782853645170619 0.6439548074673863 0.036595309716599175 0.07192895816464241
0 0.17821086096938774 0.15488919543650792 0.03642809948979586 0.07261321230158731
0 0.6203108911220359 0.8402374571524965 0.03728893088490456 0.0750992957714802
0 0.4733699541642567 0.6453345957040036 0.03692932417582416 0.0767971716149349
0 0.6715942364083286 0.353483803531264 0.03719512406015032 0.07297075596041387
0 0.07733877964141124 0.8390617971210075 0.03650954308849044 0.07274797570850211
0 0.2765934336734694 0.15491543303571426 0.03827934183673466 0.07344073710317459
0 0.9664832111046848 0.5496342939721097 0.03775965529207639 0.07236238011695918
0 0.867394745373048 0.8415204046333783 0.03731262550607285 0.07415079577148
0 0.8184898322729901 0.6461014444444445 0.03818700983227308 0.07551935312640592
0 0.6707899146905725 0.6464419746963561 0.0381168449971082 0.07620041363022946
0 0.12855675382653062 0.15476798263888886 0.03716771683673465 0.0723707867063492
0 0.2262134313186813 0.8399456386639674 0.03676029236552917 0.07381277980206935
0 0.9662749611046848 0.8417370638776427 0.037343155292076546 0.07317835627530368
0 0.8185808128976286 0.8420207533738191 0.038007490456911645 0.07374573526765646
0 0.9165946972238288 0.84136118488529 0.03847424117987269 0.07312947728295101
0 0.7200819382591093 0.7441176634053082 0.03837816223250436 0.07333991520467857
0 0.7197217270098323 0.840618366396761 0.038019220358588915 0.07375247728295095
0 0.22769417346938775 0.05908343204365079 0.038137071428571416 0.0739890367063492
0 0.8184689233661074 0.7442059134053081 0.03778371139386922 0.07351641520467843
1 0.8691412068269555 0.44435670673300676 0.0031906461582490156 0.0069757445501340675
1 0.667129693898207 0.5454887544984255 0.007159062174667545 0.007622356050382232
1 0.818914774291498 0.5435247544984254 0.005063742336610793 0.009441719073324447
1 0.47146930508964713 0.5403048070175438 0.007357803932909235 0.009555703103913515
1 0.22055794693464428 0.8454804576023391 0.004192087622903376 0.010709125281151482
1 0.371625787015616 0.6498479974134052 0.003531248409485142 0.011876204903283867
1 0.36821983545401965 0.8397228126405757 0.008174267784846683 0.008869714349977383
1 0.5699605595720069 0.15836047109761583 0.006659274146905756 0.008712031264057568
1 0.9655317306246384 0.8388866008771929 0.00499061625216878 0.016868048807917268
1 0.26450323597455166 0.9324381668915878 0.007033146327356883 0.006890422852001797
1 0.0235372073452863 0.5427245650022492 0.0067500503181029655 0.011042098065676933
1 0.6683458140543668 0.6398935642150246 0.004365341237709584 0.01421309649122815
1 0.769860432909196 0.44840373301844355 0.008825982070561013 0.011312192082770888
1 0.8685294968189704 0.7371443432298694 0.007048872180451176 0.010191745389113728
1 0.9143279570561018 0.641625185222672 0.006545069115095511 0.009344096491228015
1 0.11892019260204084 0.05855380853174602 0.004426834183673479 0.011550617063492054
1 0.4718331946211683 0.6388008364822312 0.006991505494505341 0.006558246063877584
1 0.6693098193538826 0.06484249723374827 0.006223277711914526 0.008627591977869997
1 0.7172001166859456 0.6467069894287 0.007509830248698636 0.015346704903283874
1 0.819771125072296 0.4521916502474133 0.005881405147484133 0.007953631578947313
1 0.22105102834008095 0.9378739710976158 0.006459250433776756 0.013590789248762804
1 0.6211732032967032 0.8330599559154296 0.0061715228455755415 0.013760879892037694
1 0.5223214285714286 0.8339659244264506 0.006868131868131806 0.009137426900584758
1 0.5643509645748988 0.24581466610436345 0.004142200404858341 0.015146421277552847
1 0.07155977935222672 0.7401459726720647 0.006858752458068272 0.014731671390013584
1 0.12237631260844418 0.4455986040260909 0.0035484158473105916 0.012002297121007545
1 0.9182608504916135 0.9350199631129104 0.005547414112203748 0.01437865227170497
1 0.7685802216599191 0.9374129105937921 0.004518272700983162 0.015215789248762865
1 0.9672137073452863 0.9355319388214123 0.006687391555812537 0.010543184885290083
1 0.7205925004337768 0.5462343834907781 0.008677636495083922 0.008239735042734984
1 0.9657334515615963 0.4486674225146199 0.007479019375361417 0.009379055105712858
1 0.6707308857721226 0.4562366964687358 0.0042944459224985715 0.011812482006297722
1 0.7674800394736843 0.7462763373819162 0.004549753325621708 0.01793427980206926
1 0.17337879742625795 0.7309779104813315 0.007095788606130731 0.008467031039136251
1 0.7199319690278602 0.15450563174273857 0.00463813663307643 0.01731999515905949
1 0.8679984875518671 0.15938182687874594 0.005259693538826277 0.016212141539880105
1 0.8231976677270098 0.940991729082321 0.005173490456911521 0.011572547233468455
1 0.5247526503759399 0.6466792394286999 0.00670493637940999 0.01399644691857856
1 0.17308931680161943 0.15618718286099864 0.006951788606130676 0.006732696806117852
1 0.9158481876807402 0.44561176327035534 0.0038660884904568806 0.0161932525865947
1 0.7207596991701245 0.056316951475334255 0.004464596917605031 0.015593390733056697
1 0.3685765273279352 0.9398164710976158 0.008545325910931163 0.009705789248762838
1 0.026375990312319266 0.939355660593792 0.00938653875072297 0.014141805218173825
1 0.3234926859456333 0.6388219654745838 0.0040050850202429135 0.014247656995051766
1 0.9176642400231348 0.5506946797121007 0.007463596298438598 0.01126808547008541
1 0.5219630980335455 0.5398199057579846 0.0054159091960671495 0.014039900584795342
1 0.024833718912666294 0.8378317588843903 0.004879988432620011 0.014760458839406255
1 0.6731254502074687 0.2564002784693407 0.008224499703616012 0.009473532503457812
1 0.8715849703585888 0.642874503711201 0.008167537593984824 0.009656975483580589
1 0.023116685945633327 0.7285340755735491 0.00433776749566223 0.01335470085470093
1 0.5200729158473106 0.7402156319163292 0.004497025448235904 0.015998110886189743
1 0.6197103898933016 0.0625453082065468 0.006874418790752758 0.013942348086675887
1 0.9665811162521687 0.7392529802069275 0.006506651243493471 0.016517656320287934
1 0.42264314632735683 0.7503233243364821 0.004518507807981515 0.015463337831758867
1 0.46815017134181613 0.739007593679712 0.005320536437246963 0.014196913405308029
1 0.6252774378253326 0.44807501327035526 0.0073615500289184255 0.009158115609536634
1 0.7243001826200116 0.4493919304993252 0.0048770783689993736 0.015661708052181676
1 0.12089719491035282 0.15603913630229418 0.005422209369577782 0.01265182186234817
1 0.06990217857142858 0.8379625244039586 0.01017395401966455 0.009578774853801085
1 0.7712008386350491 0.34827654071075115 0.003976286871023709 0.01686909581646424
1 0.5222088480335454 0.05343640339631129 0.005285889820705591 0.018239653846153836
1 0.3261543487565066 0.053751903396311286 0.005188410641989601 0.019014411830859192
1 0.17400665789473682 0.34922842330184434 0.006924509543088523 0.011450935672514638
1 0.11971858198380565 0.9298365378992351 0.010309799595141708 0.009985043859649106
1 0.12294802573742045 0.6461125625281152 0.00807794852515905 0.0157968749437698
1 0.6699332559282822 0.934599273616734 0.0069741474840949785 0.011705636302293992
1 0.9207007536148061 0.3502831733018443 0.010427584731058304 0.009341435672514652
1 0.5712311119144015 0.5395623977732793 0.009540378831694644 0.010337642600089895
1 0.27214777284557545 0.15656143286099863 0.008733661943319758 0.008092833783175872
1 0.5707039200404858 0.45181708974358964 0.0066184757085021514 0.010811389563652697
1 0.4188578687102371 0.8372103731443994 0.004497969924811989 0.016003230319388193
1 0.7674892894736842 0.54169891374269 0.004169772700983186 0.01871643252361663
1 0.6699358663967611 0.352140802294197 0.008053368421052604 0.009140572649572675
1 0.9644208798438403 0.16118263832658566 0.005404914690572582 0.013610881691408006
1 0.07307510106998265 0.6420206549707601 0.009250318392134194 0.009256035987404468
1 0.11963201272411798 0.737671502474134 0.005060728744939296 0.016869095816464192
1 0.31993649407171776 0.4502145817588843 0.008225623770965841 0.008393373594242031
1 0.3722679885772122 0.16157154757085018 0.005861651532677874 0.011427305218173625
1 0.07678326388085599 0.35011102204228517 0.0047258377674956826 0.013903012145748947
1 0.17142573539618278 0.8368568349077822 0.008110067669172924 0.00897863787674306
1 0.3683018160786582 0.74862114788574 0.009094748409485221 0.009730263832658476
1 0.6739447695199537 0.7354607672064778 0.007626655292076277 0.011450260458839246
1 0.6199533525159051 0.941255327822762 0.006080860034702035 0.01666838169140779
1 0.6697714493183164 0.1558799152835408 0.004559057498518168 0.017452940295066843
1 0.22506956130711392 0.34484397582096266 0.006374758241758244 0.014596798695456492
1 0.8681662067669172 0.5478169599640126 0.00560656853672644 0.015617766981556454
1 0.22320260005783693 0.7352888277103012 0.0072168357432041115 0.009685502474134071
1 0.4209917912087912 0.3490556430499325 0.0074597374204742545 0.013905133153396339
1 0.5713370208212839 0.04527862145748988 0.0067981966454598005 0.012063089968511014
1 0.2728003736263736 0.6522241869095816 0.009235863504916151 0.009232462887989179
1 0.8703829897339502 0.34842867330184435 0.00876409572006937 0.009536040710751129
1 0.7690241553052756 0.054028354080221296 0.009817723770005974 0.010805670816044258
1 0.9674471337478311 0.5441484439946019 0.009112383747831082 0.011005856050382314
1 0.17196110555234237 0.5481728389563651 0.005954885482938163 0.018420403958614488
1 0.3727937192018507 0.24828941610436345 0.006256112781954874 0.01089980026990547
1 0.16928300477154423 0.052895766419253254 0.00805776142278776 0.010183500899685097
1 0.8182453847599768 0.3522586510346379 0.008571405147484105 0.010310633153396222
1 0.06970110685367266 0.9419141765632028 0.00587684933487566 0.019567958164642282
1 0.9161930481492192 0.04889548616734143 0.005345251301330173 0.02029269838056679
1 0.2697199608155003 0.8338955164192532 0.008167076633892429 0.012792637876742969
1 0.5717539039907461 0.6396198830409355 0.0077718334297281495 0.011948942869995507
1 0.12158954323308271 0.256093530814215 0.009459722093695814 0.010052029689608598
1 0.07120988982070561 0.1525742433648223 0.008281492770387519 0.016067212775528583
1 0.21885948568536726 0.253108530814215 0.004697165124349339 0.017427787674314
1 0.7680754813475997 0.6503902474134052 0.006250714574898706 0.012197462887989136
1 0.4220926419895893 0.25658169005847953 0.007788400231347531 0.010481469185784902
1 0.022710967032967037 0.3441147480881691 0.008402530942741484 0.008323585245164139
1 0.7699209788085358 0.25502287298294146 0.0072831164789568395 0.013669099585062275
1 0.47037657446500863 0.9348366143724696 0.009543265182186239 0.010528075798470284
1 0.7706562188796681 0.16220217750115262 0.0069240767634853335 0.016334464730290443
1 0.5203473964719492 0.3536170300269905 0.00539398669751299 0.012514028115159743
1 0.26794264878542506 0.7438684806567701 0.008106894447657557 0.013612566351776717
1 0.7708494232215154 0.8373119639001348 0.007932443319838 0.010879895861448318
1 0.3241105076633892 0.349382733805668 0.008553131578947364 0.011142314664867283
1 0.3185328739155581 0.8365807441520466 0.011394344707923665 0.013748093342330155
1 0.818256577949022 0.25478446749654216 0.005825314759928801 0.014866288612263762
1 0.9209191334586466 0.7468797386414755 0.009267863794100809 0.012510203328834851
1 0.1198013416714864 0.5443377242465137 0.0101442802197802 0.011330174538911386
1 0.1706623652400231 0.2528935228295096 0.008913846732215168 0.008017497750787219
1 0.6217813203912269 0.1553987536883356 0.009030720213396595 0.01265223905025355
1 0.6174413718912667 0.5436452242465137 0.007490015037593979 0.011309416554205932
1 0.46810030118565643 0.8441404878542509 0.005420276749566202 0.01620058074673854
1 0.3221182053209948 0.7355276159469185 0.006392565644881389 0.014830957939721124
1 0.917515730335454 0.15911813034188033 0.008845057547715283 0.010008228744939254
1 0.2692719801908618 0.444214892262708 0.007978596009253838 0.022501389563652698
1 0.1731331772700983 0.646333959176788 0.007587028918449969 0.01749852339181274
1 0.6178598718912666 0.6444206104363471 0.008460418160786633 0.018513704903283745
1 0.12274329323308271 0.3483592720422852 0.006790741469057236 0.01881227013045435
1 0.5724478716020821 0.9311311143724694 0.006022417582417664 0.018641954790823177
1 0.270471720503181 0.5438969439946019 0.006302076633892385 0.011508856050382358
1 0.422472262145749 0.5427688229869546 0.005221756795835678 0.018685251012145698
1 0.3704121377964141 0.053604955915429596 0.008850391844997115 0.010170879892037792
1 0.2218327589647195 0.44954402923976605 0.006703192307692264 0.019574784525416115
1 0.4228806323019086 0.058073949617633826 0.005127977732793504 0.020210625281151577
1 0.6230513757952574 0.3459233548133153 0.007475906593406632 0.015249556680161862
1 0.9184439900231347 0.2560940085470086 0.004819654424522923 0.017782743139900987
1 0.36610402342394444 0.5473944297121007 0.006622201850780739 0.01716570647773273
1 0.4223026419895894 0.4574020149572649 0.007006919606709059 0.01580775596041395
1 0.472212776026605 0.44435359604138547 0.009485668305378933 0.00957216014394967
1 0.8685473476585654 0.2520678668741355 0.008237254890337706 0.014536465421853358
1 0.32150483516483513 0.9388801605937921 0.00834226720647767 0.012984168241115491
1 0.22461068146327356 0.1480447273954116 0.00801547917871598 0.011068664867296407
1 0.020146746096009263 0.15237168286099864 0.009554685945633322 0.017175212775528543
1 0.32471863938692885 0.15520889293747187 0.009652721226142294 0.011694214125056248
1 0.4696315938403702 0.15492696311291046 0.009587303932909309 0.011361773279352233
1 0.3702544284268363 0.44757122334682853 0.010354143146327387 0.011623553306342878
1 0.2739865945633314 0.0565484718848403 0.006863421631000577 0.016935669815564533
1 0.8705357142857143 0.05835062240663899 0.006853882631890887 0.017289073305670817
1 0.9700354651532678 0.2557015690508322 0.006827565934066066 0.01716186414754839
1 0.5655598056680162 0.841640169365722 0.006062285714285715 0.015578185784975199
1 0.025279529063042226 0.44176300528564993 0.004711329381145186 0.017564857624831287
1 0.2209843984962406 0.5456989599640125 0.00803843262001155 0.020556645973909146
1 0.4714987236842105 0.3509175300269906 0.004407121746674493 0.0179130281151596
1 0.4237978532388663 0.6448422999325235 0.00654686148062465 0.016967446918578467
1 0.8188615481624184 0.05444103988012909 0.007949695613515115 0.012861811433840464
1 0.9689476356275303 0.35722602834008094 0.010516728744939233 0.012275943319838056
1 0.4707153147773279 0.06807134457939722 0.007058381434355202 0.01216477822762031
1 0.32562021891266624 0.2530246295546559 0.0066181509543088365 0.020407106162842973
1 0.5203751367842683 0.9333739328609987 0.005338506072874744 0.01907647076023385
1 0.4191408590225563 0.9370495395861447 0.005377911798727603 0.020159805218173805
1 0.371557248264893 0.3481240140575798 0.006198690283400765 0.013659754161043628
1 0.02178847672064778 0.24719351484480434 0.009524550318102959 0.018011755735492553
1 0.16999689430306536 0.4468284910031488 0.005545540485829978 0.020085708052181732
1 0.4213242137073453 0.16058594883040936 0.011132659919028294 0.011289865721997255
1 0.2185401174089069 0.6459783730319387 0.01020776518218623 0.016934253936122405
1 0.22271961943319837 0.0507858651596941 0.004929471370734514 0.017917698380566793
1 0.5213966192886061 0.25250476315789466 0.009717761422787723 0.011588473684210527
1 0.32237845532099474 0.551471506185335 0.005510585020242889 0.020257617408906883
1 0.07437571153846154 0.24762689383715702 0.006287616830537905 0.017847876743139885
1 0.5200107860034702 0.15712732782276204 0.004621285135916711 0.019612865721997285
1 0.7226478318392134 0.3511899695231669 0.007097338056680208 0.020882544084570426
1 0.27366286581839205 0.2544720736617184 0.008394268363215674 0.016928852676563237
1 0.0745373048004627 0.4459767206477733 0.0034340659340659535 0.00984030589293742
1 0.6257409602845287 0.26095695020746884 0.004075281564908043 0.007563969571230967
1 0.7225434125312972 0.25758664938404446 0.0029742090525440444 0.006586392359605872
1 0.6213671197223828 0.7397801394511919 0.008314054366685955 0.008434547908232047
1 0.8655472816657026 0.8339659244264507 0.00397628687102381 0.00913742690058466
1 0.7164365240023134 0.8262342555105713 0.0036148062463851713 0.010543184885290083
1 0.7206839213418161 0.9383434547908232 0.006325910931174101 0.007731668915879631
1 0.8715117119722383 0.9249887539361222 0.006868131868131907 0.008434547908232146
