0 0.030759746357960457 0.4435275453381166 0.036545507284079085 0.07406890932376668
0 0.12580046119099422 0.6368187453464849 0.03692555265979252 0.07546590854636177
0 0.03131587759751521 0.34942396035294915 0.035135144972093454 0.07166275762063107
0 0.030292483878850945 0.5406197107416516 0.03510645736764103 0.07080933821242917
0 0.12601571119099422 0.8333131362296219 0.037103790180682994 0.07647760738862246
0 0.03261758693595686 0.2548075555959822 0.034459151420553086 0.07065656713456499
0 0.970186744938984 0.9090515284383496 0.03604403508025111 0.07077546251476566
0 0.03759458048749723 0.07055271699485048 0.03407037688014378 0.07035308540176431
0 0.6262672623687446 0.5337723793724486 0.038395212783401196 0.07409388079870184
0 0.9556229486645855 0.05854973543548026 0.03390852779617196 0.06866264928117315
0 0.9677876169236591 0.6214141833687471 0.036038766152681985 0.07230863326250571
0 0.08438131914356889 0.0682206966525497 0.03481126187998612 0.06908488578209854
0 0.4250552675007095 0.05730923543548026 0.03505046499858098 0.06569652912903948
0 0.965806 0.526882 0.037418999999999966 0.07278700000000005
0 0.1266096049096585 0.4421440550338493 0.036525740264244946 0.07469776978016772
0 0.1253965143316621 0.7350303807119866 0.037378971336675816 0.07541551766322468
0 0.8671530961435374 0.33778506890767923 0.035822920442720736 0.0707005017282404
0 0.02812726642071075 0.7327363929861328 0.035821272033550906 0.07616386388498765
0 0.02861213082174502 0.8295971255830538 0.0357819509191814 0.07583726822535762
0 0.769875397013843 0.2422695439985786 0.03702320597231436 0.07129191200284275
0 0.5258219384479551 0.34179329951621396 0.03754871087566615 0.07386576142397308
0 0.07862173501403211 0.3476269700486818 0.03514843013905969 0.0734050986855668
0 0.028878987103080754 0.9283432909865887 0.0350543510863053 0.0739452165054854
0 0.07992319435247375 0.25278971548188206 0.03623777394128591 0.07292744888410237
0 0.034939305529278215 0.1610618213714832 0.03506638894144357 0.06993635725703358
0 0.7754090218049381 0.7243891791906498 0.03724316895279547 0.07305280055376466
0 0.9184863283511493 0.5274535886878471 0.03657534329770124 0.07164382262430605
0 0.9701755356005425 0.8136852331869484 0.03677840384069632 0.07263557240903389
0 0.9615860734556805 0.24212655369431127 0.037510115567748345 0.07197617169857541
0 0.47593921549522267 0.3423283295542474 0.036922419260240286 0.07251022073937159
0 0.8706652366379719 0.5281595586498137 0.037549689370290025 0.07160040209183813
0 0.22719540387222908 0.24873132498744754 0.03765319225554192 0.07160235002510493
0 0.8234972197994513 0.6257642938251482 0.03629851048465939 0.07324693174116904
0 0.17617699976350393 0.9342705419374245 0.037025900640116065 0.0775526758208841
0 0.5785206956137862 0.9288783210246223 0.038257296376880155 0.07453015642941883
0 0.962153414033677 0.33647294875554556 0.036122171932646024 0.07147210248890885
0 0.7741935483870968 0.5306838496224553 0.03733484690820797 0.07276802282005197
0 0.1800159276952669 0.06158747573974763 0.03587456973480905 0.06843156791197007
0 0.13152353284142151 0.06428383619614866 0.036263096963390466 0.06897308730343531
0 0.32540712796014254 0.7348594407880534 0.03907774407971496 0.07701411842389318
0 0.12994350788320247 0.15656797061081482 0.03688698423359505 0.07065105877837038
0 0.8734946146532968 0.9163405594272187 0.03715414590231161 0.07371064084129544
0 0.5767514737962349 0.6326395748140171 0.03875505240753003 0.07535461006769859
0 0.9088362100085138 0.05680190501711265 0.03569026758742468 0.07001818996577473
0 0.5253661353072873 0.24467318449301312 0.037646154510768456 0.07221823177464226
0 0.08153998178980229 0.1587075907629485 0.03518288667108124 0.06959397740916726
0 0.8716370240753004 0.6239670535208808 0.03697063945385189 0.07256317204543637
0 0.126141842430549 0.539941940399351 0.03760831513890204 0.07479011920129819
0 0.028602000000000002 0.635236 0.036559 0.07278700000000005
0 0.8195321606281335 0.3380273789837461 0.03568400403619972 0.07167024203250787
0 0.9115514161227256 0.14937875939374537 0.035823167754548704 0.07179648121250923
0 0.8660293743259863 0.24202698392251176 0.03635036407782311 0.07129191200284268
0 0.7260962738939867 0.726842729570984 0.03700003998360287 0.07407894009736368
0 0.7252104707533189 0.5312691691062146 0.03724653353514333 0.0739386617875707
0 0.9683807606423233 0.7169294582778477 0.03571147871535324 0.07317208344430452
0 0.37600987587109386 0.7346882508641203 0.03937824825781229 0.07570149827175941
0 0.6776400845079305 0.9246014131550033 0.037208715668653226 0.074223383276453
0 0.9151782285182734 0.3373715689076792 0.034752130735029814 0.07229910248890886
0 0.7266012988522057 0.9213966398455863 0.037253302462712516 0.07460551878749094
0 0.9198886157884779 0.6228475835589142 0.036100505943934984 0.07129447242577054
0 0.6268606560874089 0.6313272046618833 0.03832068782518221 0.07564059067623322
0 0.9582628798205783 0.15039865958391246 0.036161240358843286 0.07141068083217506
0 0.872723483413742 0.7204525687342487 0.03788224573518751 0.07342662222723517
0 0.9647198202314508 0.4321589135885793 0.0362097347460031 0.07219181236644019
0 0.7227738302588843 0.338661978793579 0.0364094522120266 0.07390968195644097
0 0.3252924560590294 0.5379732601711504 0.03758708788194116 0.07376347965769925
0 0.8214155543467979 0.4336145240449803 0.03667590420332364 0.07316255267070748
0 0.8635664306908838 0.14840851908947802 0.035712938952479935 0.07179648121250923
0 0.5264898571248384 0.5356192795626156 0.03838002327121367 0.07390671996196653
0 0.8226252604610096 0.5290579288019472 0.03732947907798075 0.07339714239610548
0 0.8156788888941443 0.14830919931767853 0.0352930724623972 0.07062760136464293
0 0.9131567442216126 0.24239107403661203 0.03575441172389894 0.07007961162250854
0 0.0763479882382619 0.7336468904077192 0.036150711127928614 0.07652949827175938
0 0.771455421972062 0.33844112898374606 0.03639931870210965 0.07298286218464153
0 0.775764496846719 0.9199846999216532 0.03744959407813831 0.07323699939602539
0 0.22859719130955758 0.060396885625647365 0.03742961738088483 0.06944622874870526
0 0.8618344713524422 0.05694514532138 0.036285219941348985 0.06933443027004207
0 0.766515190899631 0.05536825482694555 0.0368616182007379 0.06957649034610891
0 0.7748151280862737 0.6277327240533487 0.03807348134834302 0.07330283098050064
0 0.1289201141645382 0.2509423152917149 0.03635377167092363 0.07214336941657014
0 0.7691931345347334 0.1484798892416117 0.036667730930533264 0.0719392215167766
0 0.07685226319648095 0.6374970156887858 0.03640247360703813 0.07488196862242855
0 0.07791291939425472 0.44328498526204985 0.03574889873238103 0.07358378917163307
0 0.5267051071248383 0.6342444149281173 0.03780147335477572 0.07274284847029475
0 0.8692887523413111 0.43245138355054596 0.037319345568063704 0.07180651198610616
0 0.7187423210040046 0.05500441471284529 0.0369233579919907 0.07030417057430945
0 0.07772372253492259 0.540355440399351 0.035370505013716774 0.07319151844062978
0 0.9219239438873649 0.9128171989708176 0.03663948743417511 0.07345560205836486
0 0.1773752465392741 0.34602237993458157 0.03639524444234227 0.07407687967443581
0 0.9216458782675874 0.8162598136053159 0.03633561867372997 0.07293353172443211
0 0.6765661415192508 0.6307427647379502 0.03783571696149842 0.07350147052409961
0 0.32579699176993665 0.9349102163878438 0.0393529467410841 0.07640642396105465
0 0.8248760885598966 0.9184796795793524 0.03678588569356414 0.07410791992849318
0 0.27442623633052693 0.8344326061915884 0.040039052297165215 0.07677606670402068
0 0.8145145201336992 0.055853624979079225 0.03548695973260183 0.06860675004184155
0 0.8180782669094693 0.24239082403661202 0.03580336634818537 0.07056423177464222
0 0.17799444339860626 0.2509423152917149 0.03712911320278751 0.07214336941657014
0 0.9173138847160468 0.43232985351251246 0.03650081833948226 0.07204857206217287
0 0.4764810029325513 0.6347295350802511 0.038258256614006864 0.07468332907882967
0 0.7198694272853404 0.14877235920357826 0.03715947072178605 0.07106880098430875
0 0.7254658676962129 0.6290450942054824 0.038514114858260125 0.07544245113263436
0 0.22550359147668153 0.5389931603613174 0.03679219225554192 0.07240743897309757
0 0.17472310604483965 0.7348372305218195 0.0376497879103207 0.07599945758715781
0 0.6700979917699366 0.055004914712845285 0.03700801646012673 0.07030517057430943
0 0.8242167447576704 0.7225422790004827 0.036223985526440405 0.07129948078196505
0 0.12828945796676444 0.3469926202388489 0.03635377167092363 0.07310663937016844
0 0.6276064841862959 0.7297814001034519 0.038046506669189385 0.07316459903242777
0 0.07647411947781667 0.8321719560014214 0.03715976104436667 0.07759108799715705
0 0.42592986130293575 0.6351926949661508 0.03881775243590959 0.07415428839422812
0 0.1763776559612777 0.5390430702472171 0.036922688077444595 0.07493285950556546
0 0.7242014208368808 0.4347120337407131 0.03775105849336239 0.07390221160577204
0 0.576146620739129 0.4368731141590806 0.038302133730646726 0.07385829107330401
0 0.17536860604483967 0.6368906154986186 0.03767947551477313 0.07415428839422802
0 0.7214718709204426 0.24275466415071228 0.03658042080534791 0.07177703215497644
0 0.824483351039006 0.8194195839476167 0.03650493561000213 0.07100602982276123
0 0.47826456855232863 0.9324231417472573 0.03804145066691881 0.07579835604908455
0 0.2772415205436256 0.058599645321380005 0.03734495891274873 0.06973270935723999
0 0.7728084875918392 0.43376350370267946 0.037087350108788227 0.07346051198610588
0 0.9205966814082555 0.7185337983919481 0.037012112225270406 0.07298492260756939
0 0.32647924349635793 0.05772248543548027 0.03693351300728404 0.06991887019397523
0 0.5752378989215778 0.34106561928801343 0.03774600249109191 0.07386576142397308
0 0.07704459451959764 0.9299201814810233 0.03577808633683348 0.07467339673368602
0 0.4257406644436035 0.537852230133117 0.038187096238135695 0.07400653973376607
0 0.4261448613029357 0.34286285959228074 0.0377341775612525 0.07309416066330468
0 0.7757613623829344 0.8223303048604186 0.03693880019235025 0.07294651043129541
0 0.8731162209346324 0.8182282438335164 0.036649620944092354 0.07395967126803141
0 0.3751866383502034 0.056146094941045804 0.036722723299593224 0.06967681011790838
0 0.6749895010248164 0.4362884242351475 0.038214110680162734 0.07414427168183874
0 0.27504568318985906 0.7348591907880534 0.039007583703843864 0.07652849827175937
0 0.12631957995143947 0.9318883617092238 0.03670247778513547 0.07472879597301751
0 0.5778072084003405 0.7314023125677652 0.03809163434553651 0.07495106350465353
0 0.27610633938763285 0.3450740998965482 0.037597221391858206 0.07363568005476999
0 0.6221617281556459 0.14782407916554485 0.03699523129316056 0.0715978416689103
0 0.5233451510106265 0.05495475482694555 0.03612681070854226 0.06874949034610892
0 0.22509939461734932 0.6363555854605852 0.03699284845331567 0.07550982907882961
0 0.17568393414372657 0.8340907263437222 0.0383101317125469 0.07706254731255562
0 0.4763346261785388 0.5368691315621597 0.03796550310598177 0.0739808232003861
0 0.6256251468325292 0.4366802139689135 0.03837229410651778 0.0739576108451035
0 0.22528859147668154 0.9340996020134913 0.03863255456752755 0.07624055566875025
0 0.47405532177655857 0.05507628486497896 0.036938569009554424 0.06947767057430942
0 0.5276398820830575 0.8315872660774882 0.03891423583388513 0.07545146784502353
0 0.4755722811150002 0.24537915445497965 0.03694533793712371 0.07168969109004063
0 0.5725943333018004 0.05483372478891213 0.036747333396398914 0.06899255042217575
0 0.5287005382808312 0.9302124014429898 0.03800839848011864 0.07525783665761906
0 0.2265016820546779 0.34531615997261494 0.03677027357865862 0.07363468005476997
0 0.5267311602655061 0.43799258412104736 0.03835810459433032 0.07367163023656903
0 0.42608229568315825 0.4394259843112145 0.03811357127991664 0.07314258955196754
0 0.32512906234036515 0.6361846455366521 0.038269350361050766 0.07468282907882966
0 0.3754537446315391 0.6356279052323848 0.038518248257812235 0.07453958877456239
0 0.5742627270204648 0.2432894441887457 0.03705697108441327 0.07236147207890958
0 0.4774929373127739 0.8320287156971542 0.03952533793712348 0.07584924693222175
0 0.672473 0.241935 0.038280000000000085 0.07361500000000001
0 0.6236528843534197 0.24341072422677917 0.03669813146028451 0.07163379185070912
0 0.2757795519503043 0.934733701823324 0.03845722139185821 0.07605339483201513
0 0.6771595352379151 0.8257104250125525 0.0382657169614985 0.07388530890995922
0 0.17848750901838364 0.15513482042064772 0.035844882130356664 0.06972523900657093
0 0.6711849511083783 0.14818791927964511 0.03716383530413398 0.07038504128857609
0 0.5763730800775707 0.5346709995245822 0.037493740011982336 0.07346552034230075
0 0.22577069775801725 0.4414161248056487 0.03656961738088485 0.07469726978016762
0 0.621075 0.053763 0.037848999999999945 0.071133
0 0.6738767385457068 0.3396818789837461 0.037249898117491194 0.07352388157610684
0 0.7270054957115378 0.8243264347082853 0.037557171223157756 0.07451316936636039
0 0.6759985509412544 0.5334302495245824 0.03821411068016283 0.07292450095083554
0 0.47678487169299655 0.733475450483786 0.03911825661400691 0.07618661842389303
0 0.5781790643742314 0.8295973755830537 0.038835346293318224 0.0743824077689565
0 0.3752387446315391 0.24537940445497966 0.03834051073692178 0.07169019109004068
0 0.32547019357991985 0.4398115346915485 0.036176725569955555 0.07488393061690297
0 0.37455769772998804 0.14949768387556292 0.03884060454002387 0.07155763224887417
0 0.3758464821524296 0.4396188845013814 0.036781098508498165 0.0744986302365688
0 0.2755387488096364 0.44039647461548176 0.03620977775675592 0.07411332985623467
0 0.37582067901176175 0.34284089932604683 0.037486279664490946 0.0735353602829705
0 0.3765029414908713 0.8344545664578225 0.03859854214360048 0.07584974693222148
0 0.6278730904676315 0.9267169906062547 0.03757066931542267 0.07457357696188657
0 0.3257339261501592 0.34354875093688836 0.03771324062687224 0.0734957030482525
0 0.6770592071390282 0.7283479999132848 0.03856958572194373 0.07514900017343054
0 0.3255074560590294 0.15190392992621324 0.038017087881941136 0.07005514014757348
0 0.4763950186358907 0.43867035446334807 0.0378340255415761 0.07454205076903668
0 0.17620280290417178 0.44112390484368214 0.03632071948412326 0.07362770970410086
0 0.627910352946741 0.8285989356591206 0.038149719231860606 0.07481112868175879
0 0.5273876196039479 0.7326482004837861 0.03840971087566618 0.07501723857602692
0 0.42541099254249043 0.14986362954587903 0.03778001491501904 0.07082574090824188
0 0.2250477883360136 0.8348680664578225 0.037646423327972786 0.07716186708435514
0 0.4268911802730741 0.7344343135186008 0.03771324062687224 0.07470850342858672
0 0.2279191498754454 0.15459445168082012 0.0358212720335509 0.068159381374782
0 0.3771324062687226 0.93406125612161 0.03809163434553656 0.07567874373285403
0 0.32530679986125566 0.8349893464958559 0.039886137798379157 0.07691930700828833
0 0.37585794149087126 0.5377309500950835 0.03882211701825747 0.07424909980983288
0 0.5243169384479551 0.14896550939374537 0.037818123104089836 0.07096998121250925
0 0.4749267811150002 0.1492075694698122 0.03666338785356162 0.07048386106037556
0 0.6247651468325292 0.34016674913587974 0.037913606502065364 0.07303826142397313
0 0.5737323989215779 0.14872294931767854 0.03750988976129666 0.07096998121250926
0 0.32516632481947466 0.24657049456907992 0.03783935036105074 0.07261701086184012
0 0.42787682064137733 0.9336858520134913 0.03741415905149307 0.07492793551661678
0 0.2242651977580172 0.7350520909782206 0.038351604483965566 0.0749738180435589
0 0.2769003893040709 0.1526812700403135 0.03716722139185828 0.07015445991937297
0 0.2751830237678555 0.5384586303232841 0.03701190254785102 0.07230861920129823
0 0.42717971436004165 0.8337985063817557 0.03854257127991679 0.07599298723648876
0 0.27442648633052685 0.6363061755746854 0.03953502733894619 0.07395564885062907
0 0.42489500824582976 0.24532974456907994 0.038261621196354775 0.0715908713182412
0 0.27586553624696497 0.2477116747972804 0.038376927506070066 0.07198865040543909
1 0.8216961533440545 0.9183696261591339 0.0053952567716708975 0.006642132166134232
1 0.6644185077522472 0.24757386142717536 0.00336113667284608 0.005906200676159872
1 0.0731711874862044 0.6371441521925005 0.004510587535080234 0.006353703624332589
1 0.861865942334374 0.3512264379215998 0.0035093097940906413 0.013024154930397474
1 0.47165015226405566 0.7270965162648659 0.0024317296534544404 0.008369032529731854
1 0.8568863495827315 0.2531819370764046 0.0021637476328036703 0.00781461306371361
1 0.7156176265332829 0.06859526338446502 0.0023724157127990794 0.01118104616039534
1 0.6788713592769526 0.6426356928771021 0.004474668637467305 0.00652838575420413
1 0.8153319661574118 0.6316523615078989 0.002987882398385448 0.010060482711530535
1 0.2733079323542396 0.3535649476173324 0.0030640772711506064 0.0068917750825311245
1 0.22095080642796328 0.5455158278539013 0.0023326128559265713 0.009145655707802475
1 0.07051954699176995 0.8267133522008688 0.0037595690253208283 0.009489983488935625
1 0.37008893140037213 0.06527129247166294 0.0047532380096490376 0.004245623726256451
1 0.07952466533440546 0.4421330713854304 0.004416755794153814 0.00488390246659341
1 0.6744132344858575 0.4435884318418315 0.004057206492605533 0.008279743531529089
1 0.722590301240816 0.6318951715839658 0.0033105525651940444 0.01005998271153053
1 0.37188420635859115 0.5375490265227315 0.0036853128843060932 0.0047042119805273674
1 0.6681229496777484 0.15916456025202458 0.006223879579920224 0.005330389691225389
1 0.7707043023759972 0.34862964723699824 0.0024377673982279146 0.01191117432186274
1 0.03363518915744332 0.438267831081163 0.0026063283984485886 0.007763181553791493
1 0.6189854274035884 0.25894829286036547 0.003412804890738757 0.006443105112196228
1 0.7302998770220415 0.33202714732371347 0.0040361996657521625 0.006791682129871545
1 0.4751994450225459 0.6319526813803609 0.004919118342635537 0.0075193623580720615
1 0.956579320783275 0.34767227223002467 0.0040361996657522605 0.009944963118740416
1 0.9550865790685206 0.5318645856479629 0.005255845741494047 0.006370690687390943
1 0.6735785376265255 0.7294222972537349 0.004213025336612679 0.012934753442533834
1 0.769109683615552 0.922498886805702 0.006888317314665807 0.0066306534592704795
1 0.6218262647573551 0.9242901377565377 0.00403769216094324 0.01372079490454034
1 0.858216711261943 0.15716363715256304 0.0032398975656670573 0.010142913848725035
1 0.6217629491375777 0.6304612713937986 0.005173373316936274 0.010987302483330118
1 0.46801188053006654 0.06403054247166295 0.0028971861854759444 0.010122964791192216
1 0.1305313601046889 0.3488502470468311 0.004065145334720788 0.006133653028726454
1 0.17745832380254156 0.15636458677222884 0.004305122646864029 0.005434452631655595
1 0.32386792765564876 0.07233980903256099 0.0058762280614517645 0.004177075016337096
1 0.22060353798126955 0.9299377348284736 0.003279412228423675 0.013098244107609475
1 0.32604345199918017 0.2568366223278976 0.004804591602812732 0.005330124503661446
1 0.2710461449169111 0.5350952261423974 0.004560502396493575 0.006215971676260008
1 0.7656491494024531 0.43785433108116306 0.006493773846687452 0.00859018155379135
1 0.46976625854539156 0.252172331643296 0.005442729653454256 0.004956302830190979
1 0.46739268367073433 0.5378352571312662 0.003378792466811681 0.011893673197596757
1 0.4733930709409391 0.1539824065440283 0.003738879402768577 0.00922857278378929
1 0.9156251056979786 0.5361872464846982 0.005472899000409774 0.007427772056594124
1 0.3228329076403998 0.35531291462613007 0.0036578059470879433 0.00824704258627253
1 0.520242875216788 0.16462360806536513 0.004637700517138118 0.007836095978596573
1 0.5223532282738941 0.8287037426953033 0.0036964066313498 0.014241365238472893
1 0.5224986598555798 0.43899614086918975 0.004162330905306903 0.008732162738406192
1 0.2206696063444013 0.8217845411739665 0.005669900293255132 0.0062493614351309835
1 0.5732450011430644 0.438703291347397 0.0040791649323620475 0.010773222238392804
1 0.4208178105508782 0.9335478489736069 0.006470833664427842 0.01266969794721407
1 0.4754260145760414 0.4383392012332968 0.003709191798316267 0.011016282314459619
1 0.7703889742771104 0.6316249118882331 0.0030684235960017113 0.013026102863664187
1 0.2680124762400278 0.6323583314698655 0.007096165042726953 0.006708062179062692
1 0.5756706822990572 0.635825792686935 0.0035162647652382424 0.014811864461067897
1 0.8980560783511492 0.05890259190116164 0.0032761067858606816 0.01164670319378858
1 0.4209066793113234 0.1551018765059949 0.005788571185318287 0.005534272403455062
1 0.3233172865465267 0.9376988198864092 0.002941310613943828 0.0126147987078822
1 0.12719720713114496 0.5353380362184642 0.004426889304070887 0.0076708321326609385
1 0.12297675101693312 0.9180274963112675 0.006561239554756749 0.0068412717097332985
1 0.6192262305442563 0.16124373791323143 0.002678936130293443 0.01119999521792817
1 0.12929529421441183 0.1686111830179129 0.0023627095971753853 0.007826582768539415
1 0.37213621883770065 0.7259271364169996 0.005199387758963151 0.011678032529731862
1 0.4197410046037902 0.24613627936129084 0.005249990792419525 0.010623441277418311
1 0.029830389241005263 0.8222477010598662 0.007188778482010531 0.004837921511197699
1 0.03204107039699808 0.9141400457407663 0.006551353356667614 0.008309610872997916
1 0.8213406783022735 0.7258056063789662 0.007367519250780289 0.010465732149397739
1 0.5682565482530824 0.15866890749486384 0.0037133090688361314 0.009072853772658176
1 0.37454671585785004 0.6397146038144997 0.0056759057799640735 0.009944963118740416
1 0.5713871605650679 0.5410439373594669 0.007290321130135991 0.00887215380613141
1 0.2686689355784694 0.8282680324290694 0.008053608677829309 0.010746704401737597
1 0.7190781607463816 0.442854512260199 0.004028271576325028 0.016054144672531724
1 0.2759858759893419 0.16505906833159906 0.0030057020622457605 0.010846136663198119
1 0.2315700777441428 0.06556351243362954 0.006068055655409416 0.005116544258724339
1 0.47840782697158896 0.35419280807373343 0.0027908165894112696 0.01097237584319954
1 0.13137954992156345 0.07625256452416636 0.0038823405756287957 0.00702420738006728
1 0.6215998054189134 0.5289695856479629 0.003229298442279238 0.013616051143791934
1 0.18111241397581487 0.07475429441032636 0.00380802923627429 0.010020747607747293
1 0.32267228654652663 0.7346216179763698 0.003222260697505746 0.013208755344204811
1 0.5232246876123356 0.3491147673891319 0.0034670628291236408 0.012396294473996402
1 0.2711576823542396 0.9271294885172061 0.0058510023964935915 0.016289135969476152
1 0.8038349665752216 0.06816005311823108 0.005548620754895334 0.006715145019392731
1 0.9159922900782015 0.7255852565691332 0.004990792719074052 0.013817152681865475
1 0.32344028332229685 0.15189269627779436 0.006731516728155614 0.009527032099187744
1 0.8104294975640904 0.15951761776109774 0.0052249452117427205 0.01319687506579447
1 0.8218853502033866 0.5323217561804308 0.005773650490335116 0.012733151904460475
1 0.27026041987513005 0.7330447274819354 0.008654577271150649 0.00860061389893501
1 0.862734767209031 0.7287223166452002 0.008330484501623893 0.007057912377598019
1 0.08274728087062089 0.25760772308856594 0.002764511824803698 0.011064725264329951
1 0.22572425931794535 0.44535797252643305 0.0028762062403430103 0.012502584596464908
1 0.28020294763976916 0.07034284380283264 0.004409795446662262 0.010596606236462172
1 0.1719251990114464 0.25705123278429864 0.004019560669126237 0.009266984960062528
1 0.16694820545990605 0.6368516822305339 0.004892098524264447 0.008394004004666772
1 0.12458232911582001 0.7338442778622696 0.0030978208778734244 0.012822954963870632
1 0.22684848113549647 0.15927505768503095 0.003654912354554898 0.0122266347615271
1 0.41992054807176865 0.34612643697076423 0.005994996310661175 0.01206639333299387
1 0.1246824072147069 0.8284891322389023 0.005672551950304281 0.00739378386926984
1 0.02527218635102324 0.6391063430672691 0.0036920603064989088 0.014072205526003717
1 0.17541153636521298 0.3445003865904301 0.0038579728975499223 0.010952412724459074
1 0.1261943051745341 0.4406940614016576 0.006432693217292586 0.0092172828905399
1 0.7648553494860152 0.06514402308019766 0.004549698972030417 0.014202565551860615
1 0.16952532099612144 0.533099346294531 0.0037740671175858446 0.012148211980527323
1 0.12214205415760097 0.6284154816600326 0.00596027096143536 0.015564002102995845
1 0.22554338733327026 0.24585329095869451 0.009292249708321501 0.008862221460987899
1 0.17082728033456307 0.43950234172773117 0.0034405107526881743 0.012570962542660274
1 0.080570727729953 0.3449138865904301 0.00762214306435848 0.011095653028726445
1 0.03528973907388137 0.25566150312659947 0.003837953189543714 0.015927405492530414
1 0.22702621865638692 0.6371940620784002 0.0025426498754454133 0.007224124156800563
1 0.07706172169930313 0.7327088369875009 0.004045131003058682 0.004906313518600734
1 0.16877999289723458 0.9221352966916017 0.004760198357140589 0.004447112774669019
1 0.37164569734809066 0.8224836211308636 0.0039100684261974715 0.0053363216734705135
1 0.5227509223346893 0.7395280751160044 0.00441459338441648 0.008247042586272577
1 0.5727146730441774 0.7291360666452001 0.004635296171916765 0.007200652681865384
1 0.6207656085595812 0.7273390763409328 0.004645429681833912 0.005943431769063404
1 0.7179388687604452 0.7280172403042673 0.002151000000000055 0.011579999999999917
1 0.7727998116308769 0.8223689810978997 0.004553310866206249 0.004110241282997277
1 0.7209730138034876 0.8242380915543006 0.004022502648756007 0.006678582347933091
1 0.7280087541307981 0.920480796691602 0.0038254583451580206 0.00678587247040161
1 0.6235696834342382 0.8273477020107017 0.004839316952038644 0.006765923412868767
1 0.5771094822154952 0.8301648425051362 0.005936176993661799 0.006467964097470366
1 0.47268500532116164 0.918562276349301 0.0033891732885567957 0.005286591481532643
1 0.5278347467836534 0.9300244885172061 0.00408518117175933 0.011954496425877039
1 0.6771164812616277 0.9066087046758307 0.0029391750859268807 0.00881868843885905
1 0.41676413261911516 0.8239955314782339 0.005244477800901789 0.006193462195799382
1 0.7699842774177781 0.5410222270932329 0.0031210298773373412 0.006975093730064599
1 0.6171789431069278 0.3431440959058285 0.00425088621385546 0.004932831355255941
1 0.7201904232254911 0.24796496149116237 0.002056009097215636 0.009490081917388973
1 0.5211091441443572 0.2471279799317921 0.004662711711285562 0.005330040136415719
1 0.5730558042837324 0.24332862042622663 0.004457558651026267 0.005664519939651085
1 0.4251156760870936 0.07192572365069896 0.002163564736858647 0.008401086844996892
1 0.766846409744265 0.1628680542985781 0.0025856782884066663 0.007951362447234822
1 0.808686078887207 0.2621789333547999 0.004927845378866765 0.005803265948931443
1 0.9101919663181349 0.3464461424833185 0.003726053804621579 0.009486501699350603
1 0.8165072942562985 0.34899373735109845 0.0024030635543783895 0.009727633637261184
1 0.8653780828288083 0.5392689073214333 0.003296115741178715 0.011937093730064685
1 0.9072021717355659 0.621039109606228 0.0031468185129125887 0.006060738603921302
1 0.8230872314429414 0.8210785712119999 0.0033698880112255974 0.009116661815465119
1 0.9125317558651027 0.8143026099949304 0.0033349368555480063 0.007144739381326208
1 0.9692352191451455 0.8159289103752647 0.0029416009365246204 0.00922846029412832
1 0.873118 0.9195975600760669 0.005161000000000097 0.0074440000000000495
1 0.6170547433021324 0.07512897870289374 0.003403728629999179 0.0063472794965020495
1 0.5728062711121427 0.0648146495210779 0.003403728629999179 0.004760459622376535
1 0.9513501084028644 0.07513236604623504 0.003241136149617789 0.006064495914045885
1 0.3766968593321351 0.15036733702186358 0.003393718664270167 0.007241428937578825
1 0.909475794858668 0.44004470786468713 0.0036448218488982992 0.007605269051678989
1 0.5237449675210585 0.5420139106097361 0.001775649327831464 0.007459228521847037
1 0.5726878182602657 0.9275971927871628 0.004436743260630856 0.005651324386889412
1 0.7716592447775243 0.731011521334102 0.0036204337279605657 0.005569898043016293
