0 0.7701612324355971 0.7419137634335154 0.04193253512880558 0.08288547313296885
0 0.08292758997547515 0.15980146518836433 0.04093182004904967 0.08116706962327136
0 0.17835615067443286 0.8391909827134001 0.042104698651134295 0.08309703457319993
0 0.7201961346604215 0.7415021331967213 0.04263173067915693 0.08277373360655726
0 0.9656428419203746 0.06345893328779599 0.03952631615925059 0.07857713342440799
0 0.4748116463700234 0.4518433913934426 0.04037270725995319 0.0797882172131147
0 0.3265048459534028 0.9378006031235097 0.040655308093194314 0.07764579375298039
0 0.3750725444964871 0.8405330785519124 0.04142143559718972 0.08089823816029125
0 0.03278145846106682 0.451502761802575 0.040271684549356215 0.08040180400572236
0 0.1795817014101778 0.44933398378636147 0.042256597179644396 0.08128003242727712
0 0.08165528923973021 0.45027853981878874 0.04068642152053955 0.08167892036242251
0 0.13013542014101778 0.45062278981878867 0.04108015971796444 0.08236742036242248
0 0.42515793202764973 0.45097941061827956 0.04206413594470045 0.07942017876344086
0 0.27638031345800124 0.8403450387458273 0.04195437308399761 0.08391492250834531
0 0.7701397511709601 0.8391713180783242 0.04225549765807963 0.08315536384335144
0 0.5242895878220138 0.8393284587887068 0.040528824355971896 0.08133508242258644
0 0.3762052775904353 0.1608227151883643 0.04119044481912937 0.08320956962327132
0 0.3256639950950337 0.7433360885789222 0.04165600980993257 0.08139082284215544
0 0.22764023267933783 0.8403468167620409 0.040657534641324336 0.08317336647591804
0 0.177895950797057 0.743119782546495 0.04080109840588594 0.08244843490701005
0 0.5742784573732718 0.44995959341397845 0.04184608525345622 0.08158081317204294
0 0.3748484508196721 0.7424483831967212 0.041705098360655765 0.08466623360655726
0 0.7699875199063231 0.9359415239071038 0.042316960187353606 0.07889295218579227
0 0.6723108172900061 0.16080879923700525 0.04059036541998781 0.08094640152598953
0 0.5240806175115207 0.449718627016129 0.040816764976958506 0.0789987459677419
0 0.032075657725321886 0.8392247327133999 0.040009684549356224 0.08316453457319985
0 0.42511814285714283 0.5462894166666666 0.041307714285714274 0.08216216666666673
0 0.17872090128755364 0.9371687410586551 0.040918197424892735 0.07936251788268953
0 0.52398312529274 0.9366560343806922 0.040647749414520006 0.07889893123861548
0 0.27757831468424277 0.9370590190748689 0.040518370631514394 0.07839796185026238
0 0.47459124999999996 0.5464034166666667 0.03980749999999996 0.08239016666666672
0 0.22822253280196197 0.3523468935383881 0.041438934396076044 0.08252521292322365
0 0.4244363735362997 0.9370246646174863 0.04171525292740057 0.07892467076502739
0 0.5735517792740047 0.9379279355646631 0.04025344145199077 0.07788512887067393
0 0.47462618384074934 0.9374210553278688 0.040733632318501224 0.07758288934426222
0 0.17894885116492948 0.5480559080829757 0.04175729767014101 0.08126918383404873
0 0.4747636463700234 0.6442935994990893 0.04027670725995327 0.07975580100182147
0 0.27858771505211527 0.15964115915593705 0.04138756989576951 0.08233668168812588
0 0.27696756407112205 0.44970553981878864 0.04121287185775603 0.08053292036242249
0 0.4254040298594848 0.742563654143898 0.04182094028103051 0.08205069171220389
0 0.8694097903981265 0.1603802065118397 0.04136641920374718 0.08244358697632052
0 0.3748555357142857 0.5468301805555555 0.04122892857142852 0.08237563888888891
0 0.6723324309133488 0.9363721436703096 0.040581138173302174 0.08046571265938063
0 0.5239334642857143 0.5474684861111111 0.04072407142857141 0.08018002777777777
0 0.032121907725321884 0.7410328924654267 0.04010218454935621 0.08200021506914644
0 0.7210150035128805 0.9357100134335155 0.041707992974238856 0.07985297313296907
0 0.6239682741935484 0.44994635461469534 0.04329945161290323 0.0808542907706093
0 0.9180750380562059 0.16046921698542807 0.04099492388758788 0.08119856602914388
0 0.6719296932084309 0.5471815239071038 0.04197121311475414 0.08262295218579228
0 0.032007857602697726 0.353393727587029 0.040257284794604525 0.08238354482594183
0 0.2762010634580012 0.5470748240343347 0.041595873083997606 0.08154235193133047
0 0.8198326551522248 0.5484752948542805 0.0421096896955504 0.08236441029143894
0 0.08032003801348865 0.9365879350262278 0.041847923973022685 0.07969112994754408
0 0.6226433144028103 0.742362154143898 0.04146637119437955 0.0816476917122039
0 0.1299291701410178 0.35363681163567 0.04066765971796443 0.08063437672865999
0 0.5730389104215455 0.7427200343806921 0.041789179156908725 0.08165193123861561
0 0.2768474638258737 0.7437540605627087 0.041739072348252644 0.08297187887458277
0 0.0805693381361128 0.7413735584167858 0.04196332372777436 0.08193643490700994
0 0.3750833946135831 0.6443478494990893 0.04107721077283384 0.0798643010018213
0 0.8199593489461358 0.6447360994990892 0.041265302107728476 0.08064080100182133
0 0.27820355610055175 0.25557343824511203 0.04061925199264255 0.0797269909394373
0 0.6720672371194378 0.7418477529599272 0.041148525761124176 0.08417649408014573
0 0.32756514668914777 0.16009099320457798 0.04047670662170454 0.08100101359084408
0 0.37519184792626725 0.450366127016129 0.04113830414746543 0.08029374596774191
0 0.17880130104230532 0.6453727203147352 0.04184539791538932 0.08142855937052929
0 0.3263592457081545 0.4493427337863614 0.04113050858369099 0.08129753242727705
0 0.5736355667447307 0.6450047297358835 0.041152866510538746 0.08046654052823311
0 0.6717195058548009 0.8392898390255009 0.04081898829039819 0.08054632194899823
0 0.03175525735744942 0.9351664889127325 0.04051848528510116 0.0820640221745352
0 0.7209902722482435 0.8399019797358834 0.04202445550351287 0.07963604052823313
0 0.22732548267933783 0.7411706424654267 0.04002803464132434 0.08227571506914641
0 0.7702429824355972 0.5485612739071037 0.0420960351288056 0.08538245218579228
0 0.3278894963212753 0.35272194957081543 0.042275007357449414 0.08178510085836915
0 0.524056894028103 0.743693654143898 0.04116121194379393 0.08431069171220389
0 0.13003267014101777 0.9371422130424414 0.04087465971796443 0.08005457391511683
0 0.918611269320843 0.3527925553278688 0.041701461358313756 0.08020088934426228
0 0.032455407725321885 0.6436392181688125 0.04076918454935623 0.08168711540295663
0 0.6229400269320842 0.6442357087887068 0.04132794613583134 0.08177458242258644
0 0.6231769332552693 0.936513904143898 0.03997213348946147 0.07932619171220404
0 0.918547038056206 0.44865559949908923 0.041938923887587874 0.07910480100182138
0 0.6231174332552694 0.8393189587887067 0.039853133489461456 0.08131608242258635
0 0.22741768255671369 0.643896914282308 0.04059563488657269 0.07996717143538391
0 0.42495985480093673 0.6446022297358834 0.04239629039812652 0.07966154052823309
0 0.8691188653395784 0.2560647506830601 0.041882344262295236 0.080278977686703
0 0.1295232697731453 0.8387865107296137 0.04100546045370936 0.08154297854077254
0 0.22841148329245864 0.9372304630424414 0.040284033415082805 0.08023107391511687
0 0.3260672450950337 0.5469367960181211 0.04246250980993257 0.08201140796375779
0 0.9665960544496487 0.2560840785519126 0.03996904098360626 0.08174067531876135
0 0.9666079982435596 0.7412302529599272 0.03962700351288037 0.08294149408014571
0 0.12973981989576946 0.5484159641154029 0.04105536020846107 0.08049907176919409
0 0.4247468548009367 0.8401428390255008 0.04197029039812656 0.08225232194899816
0 0.4744579338407493 0.7433389146174864 0.0403971323185012 0.08217817076502726
0 0.0812661889944819 0.35222717155460176 0.040674622011036186 0.08154065689079637
0 0.37634032709993864 0.2579356675011922 0.04299334580012259 0.07923566499761571
0 0.3761182634660421 0.9368525343806924 0.04058547306791575 0.07929193123861565
0 0.8191984800936767 0.7425820239071038 0.042305039812646425 0.08279895218579231
0 0.8196561926229508 0.45026447973588335 0.04248861475409841 0.0816110405282331
0 0.919345406908665 0.5464817529599272 0.040974186182669875 0.08122341029143894
0 0.8692867903981264 0.4492030994990892 0.041120419203747156 0.08019980100182146
0 0.12905066952789698 0.7423004484978541 0.04082666094420602 0.08304510300429187
0 0.9666141611969111 0.4487438843843843 0.038440677606177635 0.07870023123123118
0 0.5736243542154567 0.8394973285519125 0.04186229156908681 0.0823843428961748
0 0.6727045872365339 0.4499770890255008 0.04022767564402818 0.08103625910746808
0 0.7206344783372365 0.6459941309198542 0.04167879274004684 0.08031078005464466
0 0.918216269320843 0.9363081122495447 0.040911461358313715 0.08460677550091056
0 0.918902769320843 0.7404722424863388 0.04228446135831366 0.08284851502732228
0 0.918197575526932 0.25614175068306017 0.04197184894613589 0.08114449863387979
0 0.9175204918032785 0.06223673724954464 0.04061768149882902 0.07897882513661202
0 0.917998575526932 0.8383915680783242 0.04157384894613583 0.0815958638433514
0 0.23041663427345185 0.25623855543633767 0.04122873145309627 0.07882188912732482
0 0.22888633353770688 0.15957338113972339 0.040467332924586125 0.08294623772055318
0 0.8688524590163934 0.06134733606557378 0.04061768149882902 0.08075762750455373
0 0.7705099449648711 0.06153764139344263 0.04189811007025769 0.08042671721311473
0 0.37655863248847926 0.35309028561827954 0.041711735023041485 0.07895442876344082
0 0.672000468384075 0.6451625994990893 0.040649063231850135 0.08149380100182135
0 0.32761429644389944 0.25664258345255125 0.04134140711220111 0.07888483309489748
0 0.47506010889929734 0.8393564587887068 0.04013778220140516 0.08139108242258647
0 0.12944572026364193 0.6445571642823079 0.039317559472716125 0.08128767143538389
0 0.32559979521765786 0.644117914282308 0.04114440956468428 0.08040917143538391
0 0.8691263091334895 0.9361745239071039 0.04116538173302118 0.07935895218579227
0 0.9664404795081968 0.15868843556466303 0.03892604098360672 0.08190612887067392
0 0.8201923302107728 0.25693712044626593 0.04209718969555039 0.08060067531876128
0 0.8201358864168617 0.35332079485428053 0.042350227166276455 0.08268041029143895
0 0.3263864957081545 0.8399282887458273 0.04118500858369103 0.0830814225083451
0 0.18024410239117103 0.15898735312350976 0.04051579521765787 0.08251929375298041
0 0.7208188284543325 0.060421240209471774 0.04277934309133491 0.08175151958105645
0 0.5731344642857142 0.5469189305555555 0.04225107142857141 0.0825531388888889
0 0.8198219238875878 0.936302002959927 0.042454152224824376 0.08245999408014547
0 0.8695235591334894 0.3526055448542805 0.04195988173302112 0.08124991029143899
0 0.7702215011709601 0.6444904692622951 0.04241899765807965 0.08086106147540977
0 0.9675729730679157 0.6444462761839709 0.03972732786885221 0.07863811247723124
0 0.5249282729920294 0.06161390295660466 0.040506454015941225 0.07926619408679064
0 0.7708284074941452 0.353622935564663 0.04180318501170969 0.08115012887067394
0 0.9668519233021077 0.5469768936703097 0.03865115339578458 0.08292521265938063
0 0.18053500275904352 0.2563418054363376 0.039947994481912934 0.07902838912732478
0 0.7205086533957845 0.45098430760473596 0.04142714285714279 0.08162765437158478
0 0.524385129032258 0.3534377744175627 0.04070574193548383 0.08034945116487459
0 0.2775359644389945 0.35182733750596085 0.04120007112201104 0.0829763249880782
0 0.5740864458525345 0.3538225132168459 0.042182108294930944 0.08181897356630823
0 0.22761948267933785 0.5476206580829756 0.04061603464132436 0.08039868383404869
0 0.8691828091334894 0.7414336331967213 0.041278381733021216 0.08263673360655725
0 0.8690896153395783 0.6440669587887068 0.04218976932084308 0.08143708242258649
0 0.3767695275904353 0.06168631890796376 0.04231894481912935 0.0816463621840725
0 0.08069273850398528 0.6447256362660944 0.04106052299202943 0.08236972746781124
0 0.7695231135831382 0.16100705532786888 0.04248592271662781 0.08298576366120215
0 0.03401530931943592 0.06266423700524558 0.03890738136112813 0.0791315259895088
0 0.9664077669789228 0.8388725680783242 0.03959246604215443 0.08255786384335155
0 0.5735500536480687 0.15980265915593703 0.04194989270386275 0.08265968168812589
0 0.7710971200234191 0.45088299020947176 0.041608759953161566 0.08142501958105638
0 0.13143247148988352 0.25706644551740576 0.039459057020233 0.07675210896518837
0 0.13123042136725935 0.16072124320457795 0.03943815726548129 0.08226151359084406
0 0.5744938543838135 0.25801333345255123 0.04153829123237267 0.08162633309489749
0 0.52390687529274 0.6439404587887068 0.040495249414519915 0.08118408242258636
0 0.819544057377049 0.8392176115664846 0.040800644028102996 0.08111338797814206
0 0.7215332535128804 0.2564520216302368 0.042744492974238976 0.07891895673952641
0 0.22804808292458612 0.4505269018836433 0.0407068341508277 0.07919519623271339
0 0.13157802161250765 0.06401298700524558 0.0393669567749847 0.08182902598950881
0 0.03237640772532188 0.5482881020505483 0.040611184549356215 0.08322379589890319
0 0.6233116356529737 0.1605262151883643 0.04145772869405277 0.08261656962327134
0 0.17954555165542607 0.3525927275870291 0.041417896689147755 0.08078154482594183
0 0.03361550858369099 0.2559005834525513 0.04040698283261802 0.0774008330948975
0 0.9664494982435596 0.35306605532786883 0.03931000351288024 0.0807478893442623
0 0.7214424473067915 0.1612513158014572 0.042562880562060965 0.08062820081967212
0 0.47560499110974863 0.061675624940391034 0.04149201778050282 0.08013475011921792
0 0.919328156908665 0.6434749587887068 0.04093968618266988 0.08025308242258648
0 0.6235754357755977 0.06130578874582737 0.041602128448804315 0.08088530185979971
0 0.277040564071122 0.6439466642823081 0.04135887185775598 0.08006667143538385
0 0.6722595672900061 0.2558744713876967 0.04048786541998776 0.08032905722460658
0 0.6232578214285714 0.5475824583333334 0.04205135714285717 0.08214408333333335
0 0.5745436545064377 0.06143504089175012 0.04125469098712457 0.08188891821649977
0 0.8198221176814988 0.0618057716302368 0.04135676463700234 0.08025145673952638
0 0.0801352378908645 0.8385984827134 0.04186152421827099 0.08191203457319979
0 0.6233286356529736 0.25711908345255124 0.0414917286940527 0.07983783309489746
0 0.7712346762295081 0.257668151867031 0.04298164754098366 0.08063969626593806
0 0.7213370222482435 0.353468435564663 0.042717955503512935 0.08084112887067392
0 0.9660375169789227 0.9342322215391622 0.038851966042154476 0.08258955692167566
0 0.6726121434426229 0.35220240414389803 0.040408713114754136 0.082578191712204
0 0.8688108466042154 0.83829118784153 0.04126630679156916 0.08210662431693984
0 0.524355622624157 0.15999874320457796 0.040510754751686105 0.08081651359084407
0 0.8685116902810303 0.546629523907104 0.04030206908665111 0.08151895218579232
0 0.42647210959534027 0.06215018097281831 0.04170878080931943 0.07959363805436338
0 0.4257781591048437 0.25715661146876484 0.041853681790312736 0.0791677770624702
0 0.7212080597189695 0.5474925239071038 0.043191880562060955 0.08324495218579228
0 0.42622222811059907 0.353674002016129 0.04131254377880182 0.08222199596774195
0 0.08092718838136112 0.5489569641154028 0.041912623237277735 0.08158107176919405
0 0.6237412972350229 0.3540735356182796 0.04140540552995385 0.08092092876344084
0 0.5247258726241569 0.257769027420124 0.04125125475168606 0.08262794515975207
0 0.47547008525345624 0.35392128561827957 0.039361829493087544 0.08061642876344087
0 0.8196924238875878 0.16139460769581057 0.042195152224824284 0.08091478460837884
0 0.32767904644389945 0.061823818907963755 0.04147090711220111 0.08192136218407249
0 0.03329395846106683 0.16013754923700524 0.04014708307786634 0.07960390152598952
0 0.6720927170447578 0.06129754089175012 0.04092056591048439 0.08161391821649977
0 0.08266743960760269 0.06226090295660466 0.04156112078479461 0.08056019408679065
0 0.4756476088289392 0.25827050611816266 0.04196045370938073 0.0782367668097282
0 0.47523304123237275 0.15982321518836431 0.04036491753525446 0.08121056962327136
0 0.0817806896076027 0.25649636146876487 0.03978762078479461 0.07784727706247017
0 0.1805691525137952 0.06242765295660467 0.04078269497240957 0.08089369408679066
0 0.27849946505211526 0.06262365295660467 0.041211069895769524 0.08128569408679066
0 0.42622275935009196 0.1606217992370052 0.04197648129981611 0.0805724015259895
0 0.22881878341508274 0.06171681890796375 0.04071543316983445 0.08170736218407249
1 0.6722286891100702 0.36685034676684886 0.00353735245901642 0.01193056785063752
1 0.47438142330210764 0.9428077210837887 0.0036668957845433525 0.014102795537340876
1 0.6770071645199063 0.5436900849271402 0.004592228337236495 0.010453960382513708
1 0.967359218969555 0.7329458709016393 0.006074887587822023 0.014029137067395404
1 0.13369963841201715 0.06702990927515498 0.003523469957081561 0.011237034096328096
1 0.38495583489461355 0.9562491700819671 0.0035807189695549572 0.014969214480874626
1 0.6272753167447306 0.9312415220856103 0.004158382903981358 0.011620439435337143
1 0.4791678799765808 0.751232382741348 0.005437659250585471 0.008051514116575712
1 0.969649337822014 0.14876676161202187 0.004056125292740172 0.014069960382513721
1 0.6690949701405152 0.9391201687158468 0.005047764637002266 0.012939648907104207
1 0.8657013296252927 0.5535938513205829 0.006302258782201265 0.012703576958105816
1 0.8208299197892271 0.8333413686247724 0.0045638138173302424 0.012464006830601053
1 0.5242475585480093 0.7518530339253188 0.004564016393442622 0.013925421220400795
1 0.9149662523419203 0.6534995780965391 0.006572179156908626 0.011406467668488159
1 0.32504641079092583 0.5512900523366714 0.004796816676885334 0.012107544349070033
1 0.9644481563231851 0.34683380350637527 0.005676286885245726 0.011406960382513591
1 0.822263844847775 0.7451549396630237 0.003525588992974247 0.016648795537340787
1 0.9685176737451736 0.4465394857357357 0.004325656370656564 0.012983340840840825
1 0.12860498559166156 0.5535983044825941 0.004515963825873699 0.011961712446351925
1 0.7196310679156909 0.741010137295082 0.0035071850117093712 0.014977107012750481
1 0.8213494368131867 0.44940275213675207 0.009086840659340619 0.008646418803418715
1 0.6235071020846107 0.06863065927515498 0.0068178007357448875 0.006545309966618975
1 0.968059031615925 0.5462448349271403 0.008334512880562426 0.008190544171220398
1 0.9693903688524589 0.25132342896174864 0.006769613583138323 0.013163137522768665
1 0.323721160177805 0.35309100977587027 0.005531315450643756 0.01434134716261326
1 0.818610450819672 0.34960813729508194 0.004611651053864157 0.017242627959927197
1 0.9181131276346605 0.7378965954007286 0.003937679156908709 0.015512023224043818
1 0.571562762295082 0.35185826753187616 0.004342274004683893 0.015588451275045538
1 0.817461275761124 0.5546759606102003 0.007275926229508148 0.006270232695810642
1 0.08514320677498467 0.15552913102050547 0.005985812078479467 0.006359477587029087
1 0.7191352991803279 0.6381727069672131 0.006328347775175607 0.00648416256830596
1 0.8685021399613898 0.44512835885885876 0.008893403474903647 0.008298087087087087
1 0.7247228120608898 0.834186358151184 0.004667373536299786 0.012908590619307799
1 0.13194673743102392 0.256559919527897 0.0054964699570815255 0.013674390796375765
1 0.9219081153395785 0.5440482151639344 0.0047639800936768294 0.014006825591985479
1 0.23730075597792769 0.96137759215546 0.009763908031882196 0.009320399856938543
1 0.32738461250766404 0.6580468710061993 0.005485220110361715 0.01244106962327122
1 0.8714517675644028 0.6543143176229508 0.0057791346604215985 0.012623072404371685
1 0.7661362154566743 0.15528909540072858 0.007832955503512855 0.009563544171220443
1 0.9129493021077282 0.06021399430783242 0.005117203747072604 0.018275904826958133
1 0.6743780349478846 0.15419199308536002 0.007007265481299945 0.011269089651883642
1 0.7669143717798594 0.3602953513205828 0.008838118266978817 0.007964056010929038
1 0.966578144028103 0.8332484569672131 0.008368887587821965 0.009092225409836155
1 0.5782612628805621 0.7507806327413479 0.006314125292739955 0.013224139799635794
1 0.7732125222482436 0.844434015255009 0.005389943793910947 0.013758904826958308
1 0.18348536955855305 0.14999818490701003 0.0035841351931330374 0.013695809489747246
1 0.9152550210772834 0.25380393146630237 0.005628716627634844 0.013182779143897969
1 0.966352081381733 0.06283990596539163 0.005893612412177974 0.018716249089253203
1 0.28393188442673206 0.36148332010014306 0.006936966891477577 0.011713855746304248
1 0.5214959875843042 0.058256514902241284 0.009276571735131764 0.010901133285646169
1 0.6280883044496487 0.7485253198998177 0.008387208430913314 0.008484993169398929
1 0.3809379469650521 0.06475671316165951 0.00835709196811771 0.014293202193609928
1 0.9175913893442624 0.35697745924408014 0.00782622131147558 0.0167070815118397
1 0.08200465481299817 0.45634149225083454 0.004598906192519905 0.014981536242250884
1 0.5757175219190679 0.16025392587023915 0.008504528520091472 0.00971479227012664
1 0.03889997869405273 0.9437916654744872 0.009186553954629055 0.013942658559847368
1 0.330350064837523 0.06410065712923223 0.008751127222562818 0.01336997806390082
1 0.1823195199264255 0.5497518282069623 0.007448636419374642 0.011458432284215428
1 0.5703654186082158 0.2630143958035288 0.008870634273451725 0.008216558893657577
1 0.4217835187353629 0.36890226548269583 0.00823331381733021 0.012095856102003576
1 0.579979806791569 0.6483311140710383 0.007999988290397957 0.011782102459016465
1 0.5276273419203746 0.9409651070127505 0.008416276346604284 0.018499544626593766
1 0.4732492669789228 0.6501260362021857 0.006663058548009104 0.015307467668488289
1 0.7232268120608899 0.1498975116120219 0.00948899882903973 0.010385418488160313
1 0.28380328418148376 0.8354308726752503 0.006427766400980975 0.012346409155937049
1 0.23048535131820969 0.25576825143061516 0.00921629920294296 0.008551718407248405
1 0.8221785761124121 0.2590241454918033 0.006257601873536243 0.013415165300546414
1 0.5299817090163935 0.5521428722677595 0.005903092505854549 0.019163139799635784
1 0.3344797677805027 0.9597841740581783 0.008155731146535875 0.008036563662374855
1 0.4250458967686171 0.6399942034837769 0.009366703078369605 0.010950911403185949
1 0.5786758255269319 0.457052447859745 0.008778325526932206 0.012252686247723193
1 0.37669549463519314 0.1555467711015737 0.008028385346413204 0.009304645684310886
1 0.7174633690476191 0.4510823888888889 0.007037547619047554 0.0069787407407406
1 0.4292050696721311 0.45564905714936244 0.006563514051522189 0.013636425774134943
1 0.819935263466042 0.6491862443078323 0.00781682669789236 0.010783362932604845
1 0.035576875996321276 0.648613032665713 0.008168749540159398 0.016406505007152856
1 0.3751317903981264 0.6500960362021858 0.006762180327868806 0.011098341985428127
1 0.18384037078479462 0.9589968141392463 0.006322937155119566 0.012591731759656591
1 0.6241335965665235 0.16612957498807818 0.008996806866952766 0.011115850023843594
1 0.7231612933255269 0.06294939549180328 0.0074244859484776625 0.01280510245901641
1 0.2757321802575107 0.2633390078683834 0.008008355610055164 0.008312446828803043
1 0.0354972256284488 0.7608224935622316 0.004879245861434705 0.01626631473533625
1 0.42898788941872484 0.5440836605140154 0.005490555327138834 0.01011128800494227
1 0.08324050689760883 0.9418464413447784 0.010174412323727771 0.012617322365283457
1 0.23658465450643779 0.3543762899380067 0.006214504598405871 0.01847679542203151
1 0.9166689140926639 0.4484320337837837 0.008361013513513475 0.01529809459459461
1 0.33199906606376456 0.750399291010968 0.008518728694052718 0.011778909632808698
1 0.9188753214285715 0.8400255407559198 0.008999942622950893 0.008345434881602899
1 0.22959795033721642 0.7602314914163089 0.007925497240956451 0.010742310443490844
1 0.7715356908665104 0.7493298932149363 0.006548056206088912 0.016837139799635834
1 0.4289161323185011 0.9531515967668487 0.010068789227166215 0.010491546903461015
1 0.7199577242388757 0.2523734733606557 0.006513122950819548 0.01960130009107471
1 0.4198730723482526 0.2610028677873152 0.0055941373390558016 0.015965175250357688
1 0.3779891656908665 0.8416192128870674 0.00873185597189686 0.012984821038251344
1 0.7677851030444963 0.5493344291894353 0.0067307306791569484 0.01624177459016391
1 0.7771338413348946 0.06336173383424408 0.008890982435597092 0.009134341985428075
1 0.6669165239117106 0.06652412267525035 0.009108952176578911 0.010104754649499274
1 0.9203893278688525 0.15593899658469945 0.010363030444964595 0.01324438843351551
1 0.42876092811158795 0.059386570934668564 0.008894452789699565 0.010131245350500707
1 0.47156287236533956 0.5505965999544626 0.008992255269320992 0.011185800091074604
1 0.03802927697731453 0.8391300429184548 0.006329551502145917 0.014634525512637194
1 0.22536629690374005 0.07108866356700047 0.005659190374003664 0.018021766809728185
1 0.1344171897608829 0.35557681580829753 0.010518778050275885 0.010114847162613226
1 0.23465385315757203 0.1631357495231283 0.005477701410177817 0.01573493872198379
1 0.5277324151053864 0.8405988326502731 0.008572055035128708 0.015737102459016446
1 0.08471915052115267 0.3622687554840248 0.011559698957694663 0.012955489031950415
1 0.3284302634886573 0.25823755960896516 0.006842722562844879 0.013299558893657575
1 0.7752671252927399 0.9374075022768671 0.009697014051522197 0.015653460837887125
1 0.17533890925812384 0.2571272428469241 0.009246181483752279 0.015774514306151646
1 0.6731317665886026 0.4643909672131148 0.006712657298985139 0.012190287795992738
1 0.8650473600702575 0.36057279303278694 0.009588279859484723 0.012513413934426261
1 0.3736215403981264 0.36315744558287794 0.006123429742388708 0.014335723588342415
1 0.7191768553864168 0.9365274082422586 0.006245235362997598 0.018836690801457223
1 0.6183366918423105 0.45273775182149356 0.005290902029664376 0.022765237097753525
1 0.8655603108899297 0.25161532217668486 0.00804799648711939 0.0189830396174864
1 0.8655000046838408 0.05092308720400729 0.008168608899297424 0.016223611566484532
1 0.6267563231850116 0.8441641559653917 0.009221545667447373 0.016433186247723164
1 0.8681987985948477 0.15940660132058287 0.00825989695550352 0.022674160746812413
1 0.03153312415695892 0.44315265176442536 0.011274646842427957 0.018260743204577944
1 0.23335980303494788 0.6562381468764901 0.01036500459840595 0.00935250929899863
1 0.27908723160637644 0.948485669766333 0.005130257817290027 0.018711779208392718
1 0.28273988381361126 0.7452600388650453 0.005872163703249506 0.015351405340963254
1 0.32829595600858363 0.15858387458273723 0.012815087982832601 0.01465225083452553
1 0.2793610323421214 0.45187526597520267 0.009181062231759641 0.00975685956127798
1 0.17883816171060699 0.45046214532665707 0.008580676578786037 0.012750709346685724
1 0.6238464478922716 0.6461972128870674 0.00955242037470713 0.011780779143897942
1 0.03232472501532802 0.06651396530758226 0.008541843654199879 0.01375914616118264
1 0.08386160775597792 0.7490871789461134 0.011231413549969345 0.012912909632808715
1 0.18651477299202943 0.6477015585360038 0.009021343041079126 0.010778332618025743
1 0.33139066630901287 0.45634593621840713 0.010501929184549346 0.009011751788269073
1 0.5705001076919343 0.9427572734399332 0.009999044423681422 0.02279539842813586
1 0.3798465532786885 0.46127665141165763 0.006114855971896864 0.01732317714025506
1 0.22872729996934393 0.8473456032427277 0.00890039699570812 0.013105646161182606
1 0.6704797265807962 0.8464394269125683 0.008498977751756443 0.01330568624772314
1 0.2320278969957081 0.5515692060085836 0.009196811771919096 0.013039461134954737
1 0.13219723865726546 0.4424763716022889 0.011126675352544448 0.012162182880305177
1 0.3757879022248243 0.5487430475865209 0.00845519555035134 0.014593904826958078
1 0.27680503111587984 0.5554180005960896 0.004713052421827107 0.017263664997615693
1 0.13247008215818518 0.17056718705293275 0.008195835683629658 0.017010625894134466
1 0.37486417798594845 0.741179986111111 0.010224805620608787 0.01179132559198543
1 0.27975242535254446 0.15281114830710535 0.011528149294911165 0.015773703385789206
1 0.5278063518735363 0.44994003938979965 0.008774296252927525 0.02190592122040074
1 0.07693925260576333 0.6530702848116355 0.009364903740036772 0.015688233428707597
1 0.18125306943592887 0.36998649248927035 0.008431935928877974 0.014080424654267966
1 0.03211301655426119 0.35713205722460656 0.012493966891477621 0.014603885550786868
1 0.47634609133489464 0.4598725872040073 0.013069817330210854 0.018290825591985457
1 0.18120686342734518 0.7399266617787315 0.007953273145309631 0.019433676442536907
1 0.27801195585530347 0.648247496423462 0.005364806866952827 0.009686456843109129
1 0.47555180870631514 0.15274797329518358 0.003065603923973015 0.011176680972818308
1 0.5248888718577559 0.15088519313304719 0.004406805640711196 0.011176680972818308
1 0.38061388718577555 0.2505439318073438 0.00517320662170445 0.007823676680972823
1 0.522312633806073 0.34751997694305686 0.004042765174739417 0.014303739192210556
1 0.6761929156908664 0.75543602003643 0.004391100702576064 0.006759448998178522
1 0.7724312060889928 0.6451502732240437 0.004391100702576166 0.008182490892531844
1 0.964724824355972 0.6522654826958106 0.0032933255269323274 0.006047928051001862
