0 0.05689916760838666 0.050035146867502156 0.04639000436515276 0.0710331156697485
0 0.05547625493652433 0.14568108220741996 0.04586154187558467 0.07255524358257173
0 0.05564545687613889 0.24143844631613 0.046091 0.074154
0 0.05080093581995213 0.5317219808406407 0.04705207661146242 0.07381705979226631
0 0.050384 0.62959 0.045639000000000006 0.07271399999999997
0 0.11775540428072385 0.05190800556998322 0.04520915355233657 0.07102873198384266
0 0.1785763283152958 0.053924392833856305 0.04541086362512489 0.07070063535287674
0 0.23908671785077884 0.05490208914998635 0.046233642696091024 0.07146200651158884
0 0.1168264375958685 0.1471537976829092 0.04501315930735188 0.0715490181103179
0 0.17816960850199856 0.1499311142294208 0.04575925150308603 0.07157742172077348
0 0.23820189454021495 0.1508258803345818 0.045523013324507706 0.07176371772206766
0 0.11618041603393796 0.24372562644621365 0.0455813231780241 0.07130848942499694
0 0.17702655675336523 0.24425004499207817 0.045875113506730486 0.07237208998415633
0 0.2376336316030567 0.24611128962369114 0.04588445295110211 0.07210730009125856
1 0.053464466953810304 0.053578205774481434 0.020013916658076156 0.016069819546374552
1 0.11639614961315448 0.05241658766996753 0.018164350974942255 0.026296368601866904
1 0.1751900995220431 0.049733851460939726 0.02195495755046393 0.04080004649864718
1 0.23085660094277619 0.05801178935448457 0.017583856894663474 0.01708179344444897
1 0.0474392727780409 0.13616753074357824 0.013772269563370694 0.012662104434252476
1 0.11635061942645171 0.13717638042874236 0.013759911111558972 0.019041674963292832
1 0.17153479334262925 0.1467232385364917 0.020429586685258423 0.016989477072983403
1 0.23332839826062893 0.14036641569326255 0.0064395722771801766 0.01982398170136097
1 0.05364428583359365 0.2244888886630064 0.012988537168098415 0.016560691431820998
1 0.11649845986816558 0.2479363824604494 0.009588798989520086 0.024494936709282825
1 0.1772618538344292 0.2357355672997961 0.017501414426602836 0.0261745425970039
1 0.23964379931253732 0.24849208414496649 0.009155477878263405 0.025112383025412834
0 0.05348060831539657 0.33897022668306614 0.046675783369206865 0.07211818158355247
0 0.11542452059675441 0.33889682238570135 0.04522040343394214 0.07177012940625126
0 0.17577989288269305 0.3412946452289305 0.045113079007641575 0.07216103277528528
0 0.236129239294315 0.3428066076502216 0.045637875328152194 0.0703720005649633
0 0.052418000000000006 0.4346294248425821 0.04609099999999999 0.07127399999999993
0 0.11405546884812108 0.4364670330444919 0.04563324818804214 0.07248367956512025
0 0.17497960407121807 0.4373827347290089 0.045008466885602706 0.07262810440770234
0 0.23574169617045387 0.43765064883481697 0.045482858078607746 0.07332716882834617
0 0.11328151941281017 0.5338725751574179 0.04536415091936851 0.07342565642323237
0 0.17364278076065415 0.5345309507561864 0.045201837514019405 0.07245679414463316
0 0.23512202810579 0.5348501417039294 0.045482056211579955 0.07330028340785898
0 0.11100130497744887 0.6314117526775559 0.04616095494578661 0.0740552047254401
0 0.17299700919872357 0.6312369865723949 0.04587331163970275 0.07366380135640598
0 0.23379132973602895 0.6322139328885249 0.04488809071066883 0.07417969398866607
0 0.04757219119788807 0.7285599687047335 0.04621507237755385 0.07462483004172696
0 0.11012350754120166 0.7298869472311854 0.045436273825569966 0.07493461530624719
0 0.17157665138907083 0.7288780975460214 0.04576869951766385 0.07201274414753511
0 0.23270710992273166 0.7294442670202164 0.04597140959045213 0.0728562334107611
0 0.04595143688550196 0.827508184731911 0.04651125326098164 0.07455819767543813
0 0.10821189541916278 0.828526440100298 0.04662420482739218 0.07548542925608837
0 0.17047887982714027 0.828341206205459 0.04532894939926943 0.07511496146641022
0 0.23168032111125667 0.8284238864164278 0.04600976296932441 0.07445564399156837
0 0.04409890669879918 0.9283390809700575 0.04634088239577611 0.07640671099560754
0 0.10680457523704077 0.9288015144235459 0.04698188402500735 0.07690390673226409
0 0.1685095867032792 0.9275876776010233 0.04678725965428055 0.0756867109956077
0 0.23096380267776798 0.9274536003177378 0.047117722385808435 0.07494901410000389
1 0.049093057395524206 0.3308349305876114 0.022246011293781766 0.016023161804894295
1 0.12128889098838225 0.3363812296431037 0.006518661229953368 0.02740560960104318
1 0.18151706081094177 0.33724115106812036 0.015191690455355438 0.027661594962625956
1 0.2375012131832095 0.3332123799579395 0.011890477641474571 0.025346039072002856
1 0.0533612557652853 0.43456757451156913 0.020685390783759496 0.02046544965280976
1 0.11033897699931561 0.4294453943006 0.012606729754553469 0.027499089230871715
1 0.1781528020857959 0.4222958590360798 0.014944431676147268 0.034882761019255706
1 0.23291695444004284 0.42649080766639863 0.017338581138741215 0.014637894488921084
1 0.03690642755036319 0.5156255635864739 0.007089872350270813 0.022096234540687723
1 0.10319459547861191 0.5271058932781089 0.011858819590149894 0.03272465475489228
1 0.171437457094907 0.5302145459071336 0.016593810692547326 0.02749526360265094
1 0.23631565852490238 0.5306253372800501 0.0176719664480665 0.014818711587121036
1 0.043591746903724235 0.6235031914052708 0.02177735581109291 0.015284812281501135
1 0.1649600129191376 0.6250572749852739 0.013581922341008516 0.0230437002853836
1 0.047819639094071456 0.7239018752221262 0.008671053944065168 0.017256814864896435
1 0.10171854576070455 0.7163122839595474 0.015586005273686854 0.03638765381328664
1 0.17283609483645296 0.7182672727519706 0.01643182845171097 0.03593537559876854
1 0.23167566551017338 0.7191996275363151 0.010055072277180154 0.010607706017137826
1 0.04765966582931519 0.8262586334431152 0.02542282892528867 0.027414616436173975
1 0.10368823981807952 0.818316328198341 0.018312358889347957 0.03638382818506594
1 0.22583796702201786 0.8152801234596259 0.007778916794491321 0.027390547548923463
1 0.04108039340645757 0.9179029261210048 0.02493985581109292 0.038498131398132886
1 0.09670839051480455 0.9393931530732772 0.019405625783709125 0.03034164972332239
1 0.16417955173061255 0.9148261623300323 0.016227965464869657 0.035760432027805114
0 0.2992100642624008 0.05642451936095541 0.04442012852480158 0.06965203872191082
0 0.35913261323777557 0.0572570408345034 0.04471339897099552 0.06946886693352695
0 0.4191779510246253 0.058758785466116396 0.045381160792417156 0.06893516293482113
0 0.4784682801867028 0.05999367809837648 0.04492364662112782 0.07017005556708121
0 0.29854471507752034 0.1519673749661948 0.04482072339729601 0.07022166403819771
0 0.3579055269900533 0.15298563033458182 0.04592743347008445 0.07188983119820394
0 0.4180484510246253 0.15465298538813294 0.04515988479970612 0.07028397077626583
0 0.4779836508151195 0.1547660068616809 0.044807784617483346 0.07129282046142996
1 0.30393971064673975 0.05329041819577246 0.020699248798035 0.01960913702121669
1 0.3557117032059118 0.04505957082479714 0.0058251304191124205 0.014830678488293822
1 0.4221440757286392 0.057085369880289505 0.01418109970864506 0.014982975969606824
1 0.4770762970810639 0.05961036830611012 0.017479249171239095 0.04450997282124806
1 0.5408536478050721 0.05735353398609757 0.012388174863332928 0.018645282707674973
1 0.2966678526002981 0.14486043179842353 0.012765463706974116 0.007872207173614806
1 0.3519351600820506 0.14983034359004282 0.01337821666683461 0.01670275160072956
1 0.41727026104284753 0.14814467717004595 0.019898280592073016 0.024272719390407583
1 0.4728658787796113 0.148165862749402 0.011793516065600328 0.02941689728718787
1 0.5365978502504304 0.14041875464165268 0.009118459007238513 0.028363552230401295
0 0.5381195489753746 0.06013835294095855 0.04467435669391613 0.07136257704062923
0 0.5376222687886719 0.1554857568616809 0.04473881357005509 0.0713351916201421
0 0.29767946938990636 0.24722269299272523 0.04531107677616833 0.0721073000912586
0 0.3581511046130033 0.24772711783530726 0.04466119197646221 0.07159240745899852
0 0.41765438787796116 0.24875046778967802 0.04473599999999995 0.07199400000000003
0 0.47807421118852506 0.24978431415143734 0.044936698369761004 0.0711826927235187
0 0.2972472828917538 0.34361072973726436 0.044819675710114575 0.07003817547515606
0 0.3572210011157367 0.3438052395457077 0.045126243725095494 0.07183243614431938
0 0.41739615358837806 0.3445969519669987 0.045069324426300586 0.07222483951335343
0 0.477829034499089 0.3452039304934507 0.044651965500911155 0.07125786098690143
0 0.5372548032877609 0.25058724436240637 0.04516371007278841 0.07056474640738859
0 0.5372739799771971 0.3463456751250637 0.04450528769573835 0.0709501999352916
1 0.290778998984637 0.2418660350894741 0.011831756475651876 0.017865263440880155
1 0.3583088930692951 0.24402790930238444 0.016752544644967792 0.03107699039315283
1 0.42354013190805306 0.24547706498560729 0.019914936074761774 0.019534430600886464
1 0.4734072882195029 0.2357949377184988 0.007765369444472501 0.012965939857641605
1 0.5370241476866777 0.2527105925675517 0.01059112287791071 0.026801485764775212
1 0.29499514129337867 0.32864483932503236 0.007739954845412934 0.02731874307070876
1 0.3598256520994374 0.3437243373874858 0.008603457349716544 0.031736740649084286
1 0.4172693601093337 0.3425114474327817 0.015404582222311806 0.017121002233303283
1 0.4709880469626695 0.33628939374891176 0.022679973178528046 0.03252885191846747
1 0.5339913633059832 0.3449297058553669 0.0231674161201663 0.022163626446213617
0 0.29660740039172856 0.438905414939978 0.04543999052844609 0.07205252925028434
0 0.35676247524142 0.4393690307303031 0.04511319197646221 0.07310112588125019
0 0.4171703894672755 0.4400889104999216 0.04516423831499351 0.07282107163241706
0 0.4767439137522778 0.4411072860986901 0.04558206899817783 0.07209440040899642
0 0.5372417515391276 0.4414055414670771 0.04456974457187731 0.07100393261931842
0 0.29580008570593697 0.5355489561245733 0.044729361156862775 0.07066776193431118
0 0.35608497524142 0.5359196739142515 0.04584812297828442 0.07264309014592717
0 0.4166467699044087 0.5367524453877995 0.04548297104742835 0.07122452572528326
0 0.47627700000000006 0.537077 0.04518800000000004 0.07055400000000007
0 0.5364469827504555 0.536953510736774 0.04473599999999995 0.07199399999999995
1 0.2951889128553092 0.44223356451480444 0.009987704963807405 0.030572257870896815
1 0.3645334837477978 0.42601778619285074 0.016394708752428856 0.01262019511859276
1 0.41507406698547256 0.4301653943006 0.01793496147550075 0.02680002481022782
1 0.47527557295538064 0.4341063329341543 0.023871007914405818 0.03274894502443235
1 0.2846422860703825 0.5284642751735948 0.018524561320560944 0.015189179376799108
1 0.3567915999454339 0.5314795298019727 0.021647337887223422 0.027188102551041163
1 0.4130649676821976 0.5277670083284246 0.00831164212213969 0.033872209918781
1 0.47222753402551115 0.5324975351703596 0.018650826557400177 0.021200435391034844
1 0.5332286778733805 0.5365951785426291 0.01942220050086079 0.04239559329428594
0 0.29490987333346774 0.6320092052904034 0.045725477577142404 0.07335098815984939
0 0.3557172597405089 0.632501720467234 0.046273519481017836 0.0738510973577
0 0.4165178561521308 0.6340966130994939 0.04605083305107276 0.07387203293705637
0 0.47626294825136656 0.633302021473548 0.044284000000000004 0.07343399999999999
0 0.5369835231010581 0.6341280164685281 0.04477616694892727 0.07430318325189213
0 0.2938567310247261 0.7303504427911294 0.04532438270464803 0.07417949168485122
0 0.35456741799645636 0.7296607840537079 0.046142336502531835 0.07378808831581644
0 0.41551205174863337 0.7305473604219381 0.04654300000000003 0.07415400000000033
0 0.47596320256375274 0.7315943613369936 0.045283284380694594 0.07497748646495936
0 0.536615557600147 0.7313369150208635 0.04582213244983836 0.07326957235915119
1 0.2922703395447453 0.6307670602497941 0.011949420346324137 0.021009313761519877
1 0.4134977909927615 0.6241939122491469 0.011476443989167438 0.02798114660151372
1 0.4856915043123862 0.624091608565277 0.026601767131149968 0.03263136744538993
1 0.5352362253096277 0.6309109850923761 0.018507450619255142 0.024920099026040126
1 0.2965391888480204 0.7235418752221262 0.017053239699685103 0.016494943706184335
1 0.3512961643944368 0.7285931551182595 0.015586311539329066 0.016765482024902845
1 0.47005614159837517 0.7234299158550335 0.007956938205861283 0.02857383171006699
1 0.534777699435311 0.7243563353292285 0.0172542608742663 0.029437756552649012
0 0.2930237278962842 0.828094227679007 0.04516650754120164 0.07388006883415037
0 0.3535920484335895 0.827682950837072 0.0458734246085233 0.07346772988576013
0 0.4143742181557753 0.828021765257716 0.046307660555628356 0.07204916546511622
0 0.4754785731921696 0.8295339776790072 0.04594250862477208 0.07396431115157437
0 0.5359957386019693 0.8298126095744931 0.04582163244983842 0.0746419399928623
0 0.29187440027333417 0.9268164007590884 0.045449938543023906 0.07377156530914922
0 0.3531991303689256 0.9273511668642496 0.045884174490129014 0.07492483983689543
0 0.41365117384797 0.9268372161080629 0.04556663505451572 0.0734692671542023
0 0.47478099556921943 0.9278147826545746 0.0456324741256834 0.07547947941495715
0 0.5365184713524248 0.9287304843390916 0.04539623594710515 0.07463599015173124
1 0.3542207635793173 0.8195169432486566 0.012217389162279088 0.016200144179889416
1 0.40953897618857543 0.8164323358809168 0.007302728133073036 0.028296843550217575
1 0.5325367251912332 0.8334463580944743 0.01445039863383296 0.016002909450880343
1 0.28971500772780373 0.9239593693829363 0.025431015455607296 0.017740996448448884
1 0.3468611988935257 0.9242994959100356 0.026471466785228992 0.025211034767167326
1 0.4117749764253642 0.9297832382274598 0.021587814854372986 0.0251106052962076
1 0.4738804177094807 0.9268299636997137 0.02108069742260561 0.017186356870386835
1 0.5334283243761136 0.9297858624403701 0.0163876142531387 0.04239385372202826
0 0.5973388953869968 0.0617225277835406 0.044203790773993404 0.07017005556708121
0 0.656532138301352 0.06296682609902356 0.044560518096326204 0.06817541598901934
0 0.7160222648996767 0.0635842724151536 0.044788529799353494 0.0689163515683754
0 0.77587 0.062635 0.04518800000000004 0.07055399999999999
0 0.8346797817604074 0.06407579278572971 0.044192354906761225 0.0700142560764631
0 0.5973454212613134 0.15624787802039303 0.0443457562749045 0.07178677751433403
0 0.656349 0.15720444631613006 0.04383199999999996 0.07127400000000002
0 0.7157701614024101 0.15818133507329707 0.044672667795709074 0.07187151983175818
0 0.7749793796229508 0.15887672586292473 0.042791904999536924 0.07046888666496744
0 0.834614 0.15842492298852115 0.04428400000000006 0.07127399999999999
1 0.5984400890891884 0.055268620620298914 0.0206090229324767 0.041832455976077654
1 0.6555081206966243 0.06052344577771685 0.01653520689415957 0.02712417071155748
1 0.7181304197903935 0.061726935040942864 0.018869805081698023 0.025458127764461526
1 0.7814675506187543 0.05753447591582507 0.017692299083995104 0.02696578708415198
1 0.8406738320981608 0.059967631609719664 0.010919655116715615 0.02919566344928431
1 0.5967017699726163 0.148958075170693 0.012769401948876928 0.03178412886783808
1 0.6585424569443465 0.14825769864359392 0.01279179314188195 0.025528547602023725
1 0.7169668894852963 0.1483312231713401 0.009725589225603631 0.03600157518396812
1 0.7814585425541619 0.15836487408162625 0.01736375116968345 0.01954148678391443
1 0.8443059233004859 0.14823882448385495 0.01123350539864658 0.018105880002146402
0 0.5972548608879078 0.2509158409933723 0.044991928770348966 0.07237733840997694
0 0.6563705951774909 0.25153328730950236 0.04426353534587071 0.07163640283062088
0 0.7167002648996768 0.25217166920498846 0.044672667795709074 0.07184151019836081
0 0.7760544758667726 0.2528676693698044 0.04473128930402782 0.07156009253272161
0 0.8350959259766539 0.25415981051876096 0.04388148380125346 0.07098814792804152
0 0.5972548608879078 0.3466949573353857 0.04576701501807124 0.07074559256755163
0 0.6570037159243021 0.34660312144119376 0.044857500846781806 0.0711762428823875
0 0.7163449502138851 0.34693278017861484 0.044453193670025516 0.07273973214561359
0 0.7762886464679352 0.3482866694279364 0.045525953549466244 0.07233409264898555
0 0.8357032731284365 0.3494784617267886 0.04485787656367082 0.07151560023521093
1 0.7214033866618508 0.2440067573324837 0.015424216329672105 0.026920659383269936
1 0.7824873774007629 0.24921864310532174 0.015446415415121918 0.04330819402671392
1 0.8449219269323281 0.25069876270295893 0.015053519926016092 0.022684771612805073
1 0.5936293303460218 0.33681344206439473 0.020929505446143505 0.02629420623200913
1 0.649746663059932 0.33785859738425045 0.0170518974498888 0.012101947796148857
1 0.7235272172266407 0.3429227242747167 0.00931634820555918 0.016298448549433336
1 0.777338275756891 0.35374893546230585 0.009465881820580304 0.0263067787406821
1 0.8341599087731164 0.3472179625887072 0.018614812098469543 0.029083832993484788
0 0.5968803695126801 0.44190996630965923 0.044500773524449 0.0722178896722224
0 0.6565815258743166 0.44267291410580806 0.04383199999999996 0.07127399999999993
0 0.716222 0.443125 0.04338000000000007 0.07271399999999997
0 0.7758854990920395 0.44310037689655635 0.04292799999999997 0.06911400000000004
0 0.8358661846499932 0.44461798103779016 0.044251385643276527 0.07329573104114413
0 0.5971451238250661 0.5382963111781246 0.0458314718942102 0.07282938614722134
0 0.6569998965027334 0.538908403369034 0.04428400000000006 0.07199399999999995
0 0.7167002648996768 0.5392946930736108 0.04451765054616458 0.07280845056786522
0 0.7767866437440534 0.5407887541419046 0.044529958997229765 0.07100109288151352
0 0.8364161066130966 0.5402854387970701 0.04483554898075453 0.07111338518036572
1 0.5971958154643658 0.43905804859796455 0.015656742203988848 0.019634792852935387
1 0.6647868752457993 0.4308422110354327 0.015494646994331736 0.011368615332797425
1 0.721733919908788 0.43582234061673 0.019413667322131293 0.017708938916035984
1 0.7773396178671768 0.4334431744284059 0.018163901795713058 0.034159579891248494
1 0.8403006696686435 0.4525554241410997 0.017560005398646654 0.012927509891382577
1 0.5885412655418357 0.5327643871697124 0.02025442758640479 0.018690903180712926
1 0.6587880345672965 0.5409847667510097 0.014625896639148605 0.01731583413169146
1 0.7167300405372047 0.5384752345406878 0.025856029325775683 0.026780512028471575
1 0.7775838601495118 0.5337231628198936 0.009816716667181223 0.033260648858153434
1 0.8382070154107716 0.5391990087969359 0.03030768417145429 0.03125234081223808
0 0.5972746885108579 0.6350635916259461 0.04572735977217112 0.07267901146350819
0 0.6573239827504557 0.6358638926322601 0.04518800000000004 0.074154
0 0.7175977390253602 0.63663729867885 0.04396284029115345 0.07126044704286445
0 0.777383062983275 0.637623131096593 0.045442129598392236 0.07319244656104529
0 0.8374808330306799 0.6377818308045915 0.04473599999999995 0.07271399999999997
0 0.5973120784015241 0.7316658578119924 0.045962614489927424 0.07137679414463313
0 0.657106927112827 0.7328703130215105 0.04465107846973185 0.07242558309592535
0 0.717701351147399 0.7336005308111886 0.046080874790242206 0.07294097572818528
0 0.7779558125292947 0.7344575080512813 0.04527896807683571 0.07203003127501341
0 0.838423193729599 0.7353762195455418 0.04601373047744412 0.07198128506812618
1 0.6009179122813579 0.6232363394059178 0.009762721065448997 0.024462764706027595
1 0.6583353836337826 0.6234309789839796 0.008710439526220769 0.018146000915055364
1 0.7260719500954906 0.6332049421452801 0.009032417203736766 0.022061034605396095
1 0.776155699989896 0.6277272859814693 0.01856706240930911 0.03418138759507933
1 0.8546945290301802 0.6162506021882225 0.011506384735316146 0.011076328054500964
1 0.598162033028169 0.7179239258517981 0.018064790063626882 0.012912130859719727
1 0.6561281896948021 0.7265778299608416 0.01638018964461528 0.020549153813286498
1 0.721566501844124 0.7249316604866465 0.023003865691892306 0.02532336392038893
1 0.7836184695110484 0.7297444782809921 0.01949925843336805 0.0219825878262658
1 0.8447704292022298 0.7235533055797772 0.016479186895336066 0.019831934377920565
0 0.596531580701205 0.8297508649428799 0.044888316648310035 0.07278960104447235
0 0.6581850219853215 0.8309030773641711 0.045905268214720685 0.0732019399928621
0 0.7180566658331906 0.8312118005222361 0.045370245418658896 0.07258449367673202
0 0.7777079981840788 0.8315093768965564 0.04338000000000007 0.07271399999999997
0 0.8382477763062984 0.8324164579370296 0.04496122593764116 0.07353733127635492
0 0.59710636951268 0.9291208256016708 0.046219015018071234 0.0748432217323813
0 0.65793 0.929806 0.04338000000000007 0.074154
0 0.7184956140845573 0.9296974628655436 0.044957400664559076 0.07344296867818315
0 0.7780920611673537 0.9301144002365525 0.0440241332302347 0.07198929288687944
0 0.838229 0.929806 0.04338000000000007 0.07271399999999997
1 0.5978249940982996 0.8330889823073846 0.009592850200243426 0.033018243770892776
1 0.6570889697631105 0.816894889564787 0.007172818779409668 0.02317310123279328
1 0.722391191352324 0.8235502177764029 0.008333037713759057 0.01949460734118976
1 0.7799572812046547 0.8177251171896309 0.006332880004659077 0.02220597299992405
1 0.8364259872639935 0.8278713666150187 0.009591969080223159 0.030979471850699013
1 0.5978546387749297 0.9226420033910151 0.027670579043683072 0.027538105699400028
1 0.6589635303733049 0.9226229851732616 0.02094064675754292 0.027329163608455134
1 0.7176594931009574 0.9294758271758499 0.022136917203736756 0.03264082614008372
1 0.7807642013518368 0.9255306359260204 0.010472731194550574 0.021683318518617854
1 0.8536901138767813 0.929025493569707 0.014216884735316168 0.018047372196807996
0 0.8994935726600017 0.9330003001790913 0.043718156215530414 0.07404295392145006
0 0.961032071918337 0.9338010723117305 0.04385435582512131 0.07288857885158007
0 0.961359943825026 0.8350727531089437 0.046053772963543974 0.07330430941425312
0 0.8992474990920394 0.8335945075862253 0.04383199999999996 0.07343400000000015
1 0.9044073276769401 0.8316229111608959 0.008209535410462751 0.032643351264818085
1 0.9078095685741792 0.937246400811165 0.018806462007392787 0.024634771277428125
1 0.9623881017624539 0.9212399323052913 0.017846862322582695 0.023110018633540334
1 0.9681366158358429 0.8268270629368283 0.018699220776159278 0.021218095528755063
0 0.9600194429170654 0.7378850260967942 0.04561811416586905 0.07210594780641148
0 0.9584493567085237 0.6401070645444016 0.04514428658295281 0.07039787091119673
0 0.8978179859974796 0.6387723271310966 0.044262650767766955 0.07067046989433386
0 0.8982186642454385 0.7354948693103308 0.04518800000000004 0.07055399999999983
1 0.9011760467831251 0.7237677936258267 0.012707422057127138 0.03863123368838571
1 0.9664762782653602 0.730325836211985 0.018511547451114784 0.011429318860702304
1 0.9648080200937149 0.6389513087401455 0.01567337049422825 0.028725771503248593
0 0.8963376511508787 0.5423784694292779 0.04385530593359966 0.07117543127233052
0 0.9571863653818627 0.5434515694867391 0.04495007378197167 0.07059432334133772
0 0.896668401604859 0.4450651502331987 0.04431647653476213 0.07262497724803127
0 0.9568436870153217 0.44612705684191223 0.04473962596935671 0.07102788631617547
1 0.9028153988809772 0.4374098243709447 0.025567120805067536 0.03136872575336824
1 0.9676721099340991 0.44240255483076885 0.014155208972671324 0.03502192529367831
1 0.8987538852615684 0.5405695627624324 0.022042431136732866 0.023592371731752045
1 0.9710624520443848 0.5275859096013933 0.01719790045692747 0.011550296444110522
0 0.8959362337275781 0.34973331937047514 0.04451780684156018 0.07234739253406307
0 0.957067638151746 0.35024527230368147 0.04532786218084564 0.07221782505846737
0 0.8950871374837565 0.25507877201302154 0.04345738746200466 0.06947230195099921
0 0.9560914488665225 0.25504096925488196 0.04559623348760733 0.07012009253272157
1 0.9019087146604058 0.25279377000187814 0.011943755995767538 0.037946617015235044
1 0.9680536929647792 0.2590137390823641 0.014374380481794593 0.03087270919916467
1 0.9037305626724353 0.3373600705197 0.023315791406230205 0.03449020287842808
1 0.9655918626579811 0.3430080282208479 0.02154338411363694 0.024088625866949237
0 0.8951684823656373 0.15980688080593303 0.04422896836311682 0.07009419218661261
0 0.9549926829294992 0.1593551681043156 0.04440563232508081 0.0709786019523407
0 0.8948723153963172 0.06436325764435738 0.04425996654719565 0.07004019207034867
0 0.9552733649278824 0.06396091138000884 0.04568872803984367 0.07151563839215845
1 0.8998488017769084 0.06898955810404732 0.0191509284128511 0.032839516437939614
1 0.9648711085721583 0.06181885448331834 0.020037879573834093 0.03555452459877744
1 0.904712400242918 0.1551007509781826 0.024018461099432238 0.02897633276095674
1 0.9636736847931338 0.1566096970126862 0.01583703201578493 0.03065371724373851
1 0.5309013672631859 0.4302156090360798 0.005009700027283016 0.016079518701831396
1 0.22704698955455638 0.913579356680135 0.008306199470758831 0.008122663100453705
1 0.4953107282012806 0.4540619940799246 0.010928716092883367 0.008397269899368598
